50
9309           0.021535125263                
1938           0.0980619724853               
7784           0.174695991573                
4173           0.190173653568                
5370           0.0566723337262               
120            0.177410172316                
2753           0.153071935947                
3596           0.110547343576                
11890          0.0470168052683               
1443           0.378449210352                
6914           0.0791290850592               
12227          0.098098327428                
4359           0.0791290850592               
9310           0.0142850881091               
1522           0.0686482043549               
8786           0.109808102526                
2763           0.0633977484803               
7802           0.0611316297881               
3654           0.120898537511                
6491           0.0897429683957               
1706           0.105028140739                
9046           0.60958183416                 
3871           0.100259788359                
3073           0.112863302806                
2659           0.0645881218976               
5407           0.0480094552029               
2173           0.08005722684                 
10776          0.115342872933                
2569           0.144247619655                
6772           0.0611316297881               
4428           0.0398485936988               
614            0.0604076319132               
3942           0.0955711469167               
1739           0.0609492259861               
1612           0.0656118869219               
4113           0.0975781304629               
10526          0.100259788359                
4986           0.0462903106712               
5684           0.0833411748533               
12041          0.0745551284861               
6181           0.0851060012128               
2739           0.0618708708379               
10078          0.207161048003                
8327           0.150649413197                
9278           0.0101938108279               
5233           0.110547343576                
2079           0.0918716596996               
8291           0.0240508187786               
10662          0.132712970371                
2181           0.0975781304629               
