20
691            0.256462885397                
9633           0.101886185493                
12058          0.130658901531                
7605           0.372591037214                
9405           0.116279898852                
4408           0.110912184851                
2603           0.234538371372                
7518           0.0917326530963               
4135           0.326573481934                
199            0.209017548232                
4521           0.276531100521                
4982           0.0888970919153               
4539           0.357776693312                
567            0.276531100521                
1917           0.253637382439                
1515           0.101886185493                
9527           0.280555926653                
3868           0.113207352142                
4147           0.173706472188                
413            0.207619827158                
