260
1664           0.0312786090558               
241            0.0680483757299               
4853           0.0392525311276               
3265           0.0440286392226               
3786           0.0559488909285               
1798           0.0335185187946               
10242          0.0333440546725               
5136           0.042461940867                
2657           0.028660952232                
7393           0.0490282568225               
7352           0.0352131389564               
10737          0.0848572604274               
10631          0.0505044146255               
9586           0.0333440546725               
11628          0.107514256303                
10865          0.0285438011052               
1800           0.0520220236538               
10105          0.0298992771903               
4887           0.0810374511365               
6798           0.0450286932294               
1099           0.0417484970212               
9085           0.0688612126701               
7050           0.122526015665                
1981           0.0283128408402               
12152          0.0352131389564               
8911           0.048720778477                
170            0.0440286392226               
4294           0.0321884142344               
8319           0.0271156762269               
5881           0.0848572604274               
5008           0.0612630078325               
11230          0.0174337326425               
2835           0.0356241968739               
11204          0.033875163544                
10784          0.0269101620307               
10844          0.0404364021891               
12181          0.0398300234743               
9633           0.0186080413635               
10425          0.0220962000987               
8213           0.0404364021891               
1951           0.0174804573528               
1705           0.0505044146255               
1488           0.065342749616                
9310           0.0295974279251               
10813          0.0225854614655               
7183           0.0218252380451               
10285          0.0453586977685               
5230           0.188343776189                
11045          0.0317249802211               
7237           0.0212217191297               
11041          0.0166657821604               
4297           0.0189202915967               
4134           0.0333440546725               
1164           0.0213651539551               
3669           0.0448950825408               
6620           0.0225143466147               
11172          0.0936784895136               
10611          0.0453526858026               
6759           0.0328977406833               
8804           0.0237839718856               
443            0.0498113661543               
9278           0.0129070739459               
1026           0.169847763468                
6369           0.0708338521218               
7733           0.218087906525                
10585          0.0362681560178               
6151           0.0547276497677               
11226          0.0907053716052               
2561           0.0236275174917               
2084           0.0275374595298               
11029          0.0150686138529               
5727           0.0848572604274               
6962           0.0750795917931               
11162          0.0404364021891               
562            0.0252910875794               
5127           0.0528222369101               
1554           0.0233965572267               
7793           0.0356241968739               
11243          0.0612630078325               
10944          0.0236275174917               
2148           0.0520220236538               
8913           0.0333440546725               
226            0.242669324593                
12108          0.0283128408402               
11105          0.0273247339455               
4986           0.0159848988826               
5444           0.0680483757299               
8279           0.0260261639863               
8394           0.0547276497677               
2073           0.0407513561904               
9170           0.0453526858026               
236            0.0444679724196               
4695           0.0473782244805               
7432           0.0491557985391               
230            0.0234730562016               
9763           0.0768696048162               
4776           0.0392525311276               
5229           0.235868709497                
4852           0.0201393587564               
1684           0.0444541231351               
201            0.0271156762269               
9644           0.0398300234743               
3427           0.0166657821604               
3070           0.0369482434539               
938            0.0472550349834               
6612           0.0300303600594               
5952           0.0764528180787               
4778           0.0764528180787               
5987           0.0312786090558               
5383           0.0268086966076               
7757           0.0512394910325               
2028           0.0925442663366               
5943           0.0848572604274               
643            0.0537571281513               
11922          0.0291412149048               
1804           0.0557826668292               
727            0.0448950825408               
8602           0.0262171135594               
774            0.0404364021891               
665            0.034430606335                
5705           0.0715365344652               
5755           0.0346215559081               
1678           0.0245141284113               
697            0.017669177852                
194            0.0392525311276               
9781           0.0381740386526               
10106          0.026411118455                
9660           0.0764528180787               
6395           0.0167536452065               
10728          0.0235500408875               
11604          0.0404364021891               
4809           0.0151842749585               
3497           0.0432200031525               
7454           0.0384089350303               
7004           0.0250265305977               
8958           0.0301628755565               
4014           0.0281989897943               
10492          0.0715365344652               
11728          0.0570876022103               
3504           0.0304323321411               
2131           0.0485338649186               
2638           0.0199657274271               
7769           0.0479422818703               
4914           0.0453526858026               
5996           0.0233205378724               
7453           0.0133539908591               
6351           0.0680483757299               
10464          0.0774025953832               
3274           0.0260261639863               
11071          0.0453526858026               
9238           0.0404364021891               
2715           0.101008829251                
2548           0.0202025546665               
7154           0.0289394487167               
10823          0.0569383072673               
5827           0.018055666263                
4633           0.0265092975121               
8294           0.053416146462                
7110           0.0848572604274               
471            0.0335185187946               
1358           0.0612630078325               
6263           0.0348155608038               
9862           0.0491557985391               
3185           0.0369482434539               
3267           0.222031871883                
8918           0.0340574985183               
7285           0.0414735451121               
973            0.0432200031525               
2108           0.0285438011052               
755            0.0326702675989               
2626           0.0917897202225               
4784           0.03424261734                 
10457          0.0569383072673               
3642           0.0428596420547               
12218          0.00774712647498              
4921           0.0596643820947               
2222           0.028660952232                
2160           0.0542313524539               
7222           0.0596439333812               
7076           0.0680483757299               
7855           0.0848572604274               
627            0.0323469138416               
9295           0.058215808503                
6772           0.0211098803728               
1430           0.0309899038142               
151            0.0848572604274               
1342           0.0376687552377               
8842           0.0238629627011               
4146           0.157454043957                
195            0.0557826668292               
7964           0.0680483757299               
9217           0.0348155608038               
11477          0.0680483757299               
5719           0.0764528180787               
8743           0.0258381749913               
5351           0.0440286392226               
7624           0.0222339862098               
4570           0.242618413135                
2166           0.0473782244805               
5165           0.0410747099476               
9109           0.0350127203884               
6362           0.0715365344652               
10812          0.0330024814568               
9441           0.0297695963039               
2226           0.0436175813051               
3321           0.0215601991362               
3704           0.0387012976916               
4359           0.0273247339455               
3036           0.0407513561904               
532            0.0214948348416               
6678           0.0779475642635               
3857           0.0321884142344               
1875           0.117420018693                
11120          0.0520220236538               
5205           0.0159848988826               
11891          0.0207981653318               
7532           0.0808728043783               
4029           0.0132875520775               
11064          0.0196817554946               
7800           0.0331720653023               
6169           0.0311333971729               
1403           0.0458282388047               
6444           0.0848572604274               
2396           0.0498113661543               
9239           0.0596439333812               
9911           0.0715365344652               
5292           0.0233965572267               
1874           0.0407513561904               
11195          0.109455299535                
141            0.0505044146255               
165            0.0715365344652               
4151           0.0479422818703               
6133           0.0254707211952               
1625           0.0473782244805               
11994          0.0848572604274               
1213           0.0367172831889               
3142           0.0822918906845               
2241           0.0389737821317               
7922           0.0587773468772               
1198           0.0715365344652               
944            0.0715365344652               
1393           0.0903418458618               
7919           0.0793941295983               
2627           0.0367172831889               
940            0.024022505099                
8900           0.0448950825408               
9727           0.0473782244805               
3812           0.0315743565786               
3808           0.0340574985183               
7877           0.0293886734386               
1016           0.169714520855                
9563           0.0612630078325               
8930           0.0548612604563               
4267           0.0302968553429               
6329           0.0175273628167               
4969           0.061138679566                
3391           0.0277539839854               
11292          0.0115039561428               
10998          0.0193515868416               
11992          0.053416146462                
