225
4809           0.0146604660874               
2307           0.0519026793425               
7733           0.126338743197                
4588           0.0738154406314               
12157          0.0280182793008               
7454           0.0092709874361               
1664           0.030199597187                
8958           0.0291223529213               
8294           0.0257867302149               
10492          0.0690687530623               
6753           0.0727431636463               
5787           0.0654924742252               
170            0.085019584269                
1932           0.0457438274252               
3786           0.0540188333212               
1798           0.0647244744227               
10263          0.0657009246355               
2638           0.038553947509                
10820          0.0519026793425               
5683           0.0134195565776               
7769           0.138865279923                
10631          0.195048696077                
7955           0.0433463459322               
8153           0.0738154406314               
8026           0.0447252050745               
11628          0.103805358685                
10464          0.0373662268299               
3274           0.0251283446559               
3018           0.0562075494973               
10717          0.0237494855136               
8319           0.0261802722125               
2715           0.146286522058                
4887           0.0521612790182               
6798           0.0869506949597               
2852           0.0443116343775               
11071          0.0437881633466               
3871           0.033427223076                
6622           0.0738154406314               
9085           0.0997285819554               
11922          0.028135936291                
2548           0.0292584468186               
1981           0.0273361384795               
1287           0.0267965603969               
316            0.0738154406314               
4633           0.0255948116219               
8911           0.0470400676073               
478            0.0203208425501               
3942           0.063728003019                
11177          0.0260806395091               
9456           0.0352318299363               
8938           0.028135936291                
11693          0.0738154406314               
4802           0.0445971689403               
8235           0.0819299566273               
2891           0.0363693037848               
8601           0.0690687530623               
11230          0.0168323246834               
8918           0.0986478715805               
11150          0.0634050524647               
9130           0.0313861077276               
10594          0.0690687530623               
9633           0.0179661235132               
2460           0.0820084154385               
2626           0.0443116343775               
2073           0.0393455648741               
10425          0.0426679038799               
3642           0.0206905608131               
1951           0.0168774375407               
3267           0.0535931207938               
2222           0.0276722411428               
2133           0.0274471039737               
9310           0.0523900876085               
2644           0.0368571565396               
7386           0.0356736473507               
7222           0.0575864086396               
10285          0.043793967919                
3635           0.0442473112926               
8836           0.0313861077276               
11045          0.0612611399526               
3849           0.0363693037848               
7237           0.0204896377646               
726            0.0220147700369               
4524           0.0275591313548               
3711           0.0937192039363               
10880          0.0657009246355               
7842           0.04746008087                 
8218           0.0280826023856               
11865          0.0562075494973               
9081           0.0819299566273               
10109          0.0327065788587               
6772           0.0407633141736               
1342           0.0363693037848               
2034           0.0403083075387               
960            0.0154734942405               
614            0.020140271793                
785            0.0738154406314               
8191           0.0288678478547               
4146           0.0190027979445               
1109           0.0738154406314               
11869          0.028135936291                
3110           0.0738154406314               
6271           0.0562075494973               
1326           0.0253127070801               
12138          0.0175758616422               
4638           0.0690687530623               
6759           0.0158814369787               
3441           0.0352318299363               
9278           0.00906314270464              
1026           0.0819942797121               
4570           0.195207378888                
2353           0.0228864183019               
8791           0.0591496302061               
7141           0.0425097921345               
6369           0.034195155505                
10106          0.0255000194279               
3497           0.125187154259                
7301           0.0819299566273               
7758           0.0575864086396               
1187           0.12617726792                 
579            0.0211371948381               
10613          0.0279017930463               
1021           0.163859913255                
3740           0.0191665316902               
10585          0.0350170207538               
6151           0.0528397210705               
441            0.0222269831951               
7518           0.0161756980864               
2561           0.068437331357                
831            0.12617726792                 
11862          0.0150020168863               
2084           0.0265875053418               
4871           0.0575864086396               
5293           0.066854446152                
10783          0.0494718926436               
1875           0.0755796026587               
10393          0.0277864544583               
10292          0.0257867302149               
1509           0.0393455648741               
10441          0.0297839284813               
6351           0.0657009246355               
11991          0.0254059886253               
11162          0.0390414757775               
4701           0.0519026793425               
1554           0.0677683527312               
2864           0.138137506125                
7349           0.0309269597816               
11766          0.0738154406314               
8424           0.042112914399                
7919           0.105401018691                
5031           0.109788415895                
12132          0.0239959529746               
4986           0.0463004131484               
1471           0.0827147532955               
8439           0.0819299566273               
11992          0.0515734604298               
8500           0.117530056466                
7653           0.0657009246355               
226            0.140578805904                
8851           0.0433463459322               
9257           0.0348060822183               
4982           0.0156756887656               
3965           0.0393455648741               
12041          0.0497142663506               
3006           0.0425097921345               
11591          0.014848985008                
7099           0.0306305699763               
8741           0.0300593946492               
7183           0.0210723372097               
6620           0.0217376737399               
8528           0.0312310488781               
9763           0.0371089247805               
141            0.0487621740193               
9913           0.0657009246355               
3702           0.0207533318588               
8482           0.0327065788587               
5229           0.325331420274                
4852           0.0583338460766               
5251           0.0429205982142               
1684           0.0429205982142               
4969           0.0590295908667               
1213           0.0709013089508               
11226          0.0437881633466               
2837           0.0283748582977               
8131           0.0768864899344               
1041           0.0549741179641               
7922           0.0283748582977               
1794           0.0200806952166               
6639           0.0196146925196               
2067           0.0591496302061               
11609          0.0657009246355               
1393           0.152644347492                
5987           0.030199597187                
7757           0.0494718926436               
2028           0.119135713925                
8069           0.04746008087                 
7641           0.0609542370664               
643            0.0519026793425               
7050           0.0591496302061               
11105          0.0791463543271               
3812           0.0609702847344               
5670           0.0384560151869               
2895           0.06308863396                 
10108          0.0549741179641               
6372           0.221446321894                
10473          0.0352318299363               
1493           0.0690687530623               
10251          0.0657009246355               
8228           0.0657009246355               
2792           0.0403083075387               
6421           0.0193325879778               
1678           0.0236684694672               
7753           0.10207022842                 
4921           0.028803075969                
4267           0.029251710834                
6329           0.0169227249163               
10232          0.033427223076                
1644           0.0247681078642               
1001           0.0657009246355               
194            0.0757968889544               
3391           0.0535931207938               
1106           0.0819299566273               
9403           0.0690687530623               
6972           0.0738154406314               
9491           0.050227430395                
1515           0.0179661235132               
