22
3497           0.244913099496                
2715           0.286191388754                
7733           0.247166040046                
3746           0.123676221818                
3812           0.178921170065                
7183           0.123676221818                
10107          0.236574573322                
6753           0.142312953603                
4313           0.316101453836                
8500           0.172449704904                
11172          0.265422114177                
11105          0.154839999893                
10611          0.25699828876                 
10285          0.0428387260886               
8947           0.262497905601                
9278           0.006649091866                
1026           0.240617417626                
11292          0.0651890178131               
4570           0.229139376915                
7237           0.0400854282707               
726            0.129207479705                
5060           0.405373278694                
