64
3800           0.127835170017                
7454           0.0232224082078               
6598           0.152681058507                
468            0.164570786233                
5787           0.0273414416295               
10585          0.0877122912493               
6538           0.0828136512864               
10877          0.0707739300026               
8508           0.205222033829                
3795           0.125812045362                
10063          0.127835170017                
10393          0.208802479517                
6279           0.0866649057442               
10246          0.182199107602                
6214           0.0701815123456               
4408           0.0489891157879               
6022           0.0963264473033               
4011           0.0846760978592               
7919           0.0240012237436               
12132          0.0601061989514               
4760           0.184896410031                
11992          0.0645918225562               
8500           0.0735987122931               
3785           0.205222033829                
10614          0.0726265676852               
2891           0.0910995538009               
3267           0.0671212930003               
6809           0.0663392819459               
2440           0.0882503554585               
1196           0.088798477523                
1089           0.164570786233                
9309           0.0359693157638               
5229           0.0814905542316               
2973           0.140791330781                
2795           0.09855463347                 
8935           0.118880257268                
3437           0.106480539703                
1762           0.0970505254908               
697            0.0427318133606               
11771          0.104524903401                
1924           0.184896410031                
10183          0.0523009438869               
10285          0.0182828673332               
4768           0.0794099884677               
1393           0.0546215410864               
2028           0.0746041939966               
5407           0.0400942003529               
8218           0.0703426318534               
289            0.0841992796028               
1500           0.103593914838                
6343           0.164570786233                
11869          0.0704762251444               
9217           0.0841992796028               
9517           0.0596931825933               
2376           0.148160793815                
8930           0.0663392819459               
9237           0.0502990759755               
10466          0.0798144593859               
9278           0.00567544722132              
1641           0.554689230093                
6599           0.0704762251444               
2053           0.100966156872                
6369           0.085653644268                
1716           0.0704762251444               
