53
692            0.102226448376                
9633           0.0576391197221               
5683           0.0861055449862               
8602           0.0812085118312               
12217          0.1665147602                  
8690           0.264168323924                
4387           0.0581196098279               
10191          0.109705282869                
7518           0.051895056711                
5120           0.137698346402                
199            0.118245544558                
4521           0.156439355665                
11862          0.0481296394711               
533            0.158716282946                
11018          0.231843281326                
3121           0.119053270262                
1917           0.143487906448                
3857           0.099704844023                
6052           0.0648063586265               
10717          0.0761933668024               
4700           0.26284860924                 
5558           0.221587151168                
6631           0.137698346402                
10692          0.101455107247                
3165           0.117454824874                
7532           0.125253302128                
9611           0.133875612561                
917            0.0987417708019               
6648           0.0607915128697               
12051          0.0764550946747               
1975           0.116680409857                
8059           0.239240803502                
5827           0.0559281167249               
3809           0.125253302128                
4135           0.18474936452                 
12108          0.0877001072271               
5676           0.221587151168                
9888           0.118245544558                
3098           0.0620230264015               
6145           0.0430527724931               
6264           0.0746601825911               
567            0.156439355665                
2608           0.120722780568                
6161           0.12337502087                 
6554           0.099704844023                
9278           0.0109036786726               
6518           0.124302421018                
9527           0.158716282946                
2293           0.210782446093                
413            0.117454824874                
4873           0.124302421018                
6953           0.210782446093                
4759           0.141954722236                
