26
6394           0.0786899526                  
4483           0.258223571012                
6694           0.159757012041                
10109          0.12854628204                 
4852           0.0764229429461               
11029          0.171542872444                
8500           0.230963498994                
4921           0.0566021952819               
5523           0.261308048122                
2561           0.268978438151                
1953           0.167075735826                
6603           0.25438584023                 
9419           0.175782947237                
1678           0.186047814094                
5293           0.262757243055                
5939           0.239567720712                
6192           0.0879230095987               
3267           0.315954618063                
1644           0.0973458029                  
10923          0.086524391635                
194            0.148951810389                
7462           0.220911870412                
9052           0.232475095603                
3511           0.27146010745                 
6806           0.153444252859                
9763           0.145848770415                
