197
11897          0.0952914328127               
1186           0.0196298798591               
3297           0.0423005602678               
9464           0.0858535679869               
5116           0.0653741091412               
10081          0.0334301092419               
12221          0.0687959965403               
1326           0.0294408080429               
9469           0.122914082651                
5787           0.012695542966                
5021           0.0395429978305               
9671           0.0988849297087               
3265           0.148327394563                
3953           0.0858535679869               
2131           0.109003319333                
2638           0.0224207423631               
7599           0.0626417848219               
8304           0.0887989397574               
6200           0.068656380689                
8121           0.0239200110329               
10631          0.0567145110365               
5939           0.0708949061511               
9771           0.0952914328127               
2385           0.0481021086837               
10464          0.0869201312927               
10717          0.0276226498379               
8074           0.0626417848219               
4887           0.0303339780686               
9087           0.0804828106305               
2852           0.0257690794913               
5045           0.0708949061511               
1037           0.181621687497                
4407           0.146754778636                
9239           0.0669778383353               
5827           0.0811032691806               
8911           0.0136778890971               
12138          0.0204422058518               
6145           0.0624322934679               
9836           0.0472766462107               
3267           0.311666542958                
2835           0.0400046000286               
7865           0.0764157031611               
3524           0.0559362443154               
2081           0.0454085211211               
11826          0.0952914328127               
6289           0.0952914328127               
11740          0.0393179355034               
7209           0.0409775824796               
25             0.0481021086837               
6353           0.0593581317145               
9835           0.0287046308786               
7828           0.0280062233939               
4103           0.0922506322631               
2795           0.0457622023252               
926            0.0468819530455               
12218          0.0173994488689               
7179           0.114735774481                
3437           0.0988849297087               
5345           0.0708949061511               
1003           0.0324521328569               
12111          0.0447275811959               
3651           0.0303339780686               
7386           0.0414914533052               
9121           0.0677434933688               
2476           0.0952914328127               
4036           0.133955676671                
3545           0.0388786728687               
5984           0.0306846230455               
11045          0.0356259300147               
7237           0.0317748968472               
498            0.0423005602678               
7005           0.0922506322631               
3812           0.0354567854696               
9243           0.0198418057059               
1500           0.0962042173674               
12238          0.0338717466844               
7618           0.0858535679869               
11172          0.0525986665403               
2059           0.0579541510044               
9782           0.0361463485495               
7503           0.0846011205357               
10611          0.050929318131                
3269           0.0472766462107               
3776           0.247212324272                
12143          0.0532039199961               
3502           0.0545016596663               
2610           0.0397718428944               
10923          0.0256050297866               
9278           0.0171294459402               
12101          0.0733773893179               
7624           0.0249679095507               
1744           0.0858535679869               
6369           0.0397718428944               
10106          0.0296586680632               
9395           0.0494424648544               
2579           0.0321851446795               
3801           0.0303339780686               
488            0.0559362443154               
6771           0.0858535679869               
11918          0.022356364178                
6693           0.0764157031611               
3802           0.039096532889                
11471          0.0485343977148               
11029          0.0338429451366               
3740           0.0222922889502               
7462           0.0653741091412               
11086          0.0365046839874               
7518           0.0188136978323               
11664          0.0283011654845               
11862          0.0174486078478               
11991          0.0295493023284               
2226           0.0489808626563               
10692          0.0490411701941               
10279          0.0261880651889               
1503           0.0172264828437               
5205           0.0179504253403               
6265           0.057614786669                
10998          0.0325966292345               
1039           0.0454085211211               
1207           0.0687959965403               
8660           0.0669778383353               
6806           0.0908170422422               
10092          0.0412320938296               
4060           0.0332860236562               
7919           0.0222891368642               
10944          0.0265327914695               
7552           0.0626417848219               
11906          0.0314142240393               
10441          0.069282429446                
4771           0.0348004675417               
8500           0.20504601626                 
654            0.0764157031611               
5830           0.0265327914695               
6163           0.105437349576                
414            0.0593581317145               
2648           0.0351246724005               
5667           0.0559362443154               
4465           0.0858535679869               
6242           0.0217902611806               
10055          0.0584187274821               
10176          0.0525986665403               
6995           0.0454085211211               
11591          0.0172706188979               
4885           0.0332860236562               
8859           0.0163725377952               
11007          0.0525986665403               
4612           0.171707135974                
6809           0.0308035404894               
1596           0.0733773893179               
3511           0.0803327709769               
2258           0.0488677637172               
9309           0.00835087629838              
9357           0.110618115992                
8258           0.0814554826542               
1684           0.0499202668887               
5229           0.15135512554                 
2676           0.0409775824796               
8913           0.0374440882197               
11062          0.128214353918                
3634           0.0538373347045               
1751           0.0858535679869               
9554           0.0287046308786               
1213           0.0412320938296               
4677           0.0550568427192               
7186           0.0306846230455               
5015           0.0361463485495               
2361           0.039096532889                
6395           0.0188136978323               
6568           0.0908170422422               
7436           0.0380405030119               
1393           0.0760878081477               
5617           0.0593581317145               
952            0.0952914328127               
8343           0.0388786728687               
11967          0.0144102940046               
10595          0.0319232912097               
10465          0.055200067151                
5120           0.0499202668887               
11468          0.0733773893179               
10694          0.0559362443154               
4313           0.0626417848219               
2353           0.0133094150279               
366            0.0292263790321               
8721           0.027717534966                
9991           0.050929318131                
6281           0.050929318131                
3098           0.0899417055356               
272            0.0952914328127               
3120           0.0803327709769               
2313           0.050929318131                
1644           0.0288073933345               
2780           0.120734365914                
7143           0.0952914328127               
11292          0.0129184993522               
4481           0.0567145110365               
6853           0.0380405030119               
3706           0.0625797530026               
