160
5035           0.031539655479                
7181           0.0393303841577               
12141          0.0393303841577               
4207           0.0342501891217               
4006           0.00912227192586              
1798           0.0155354558225               
8636           0.0269823713486               
12164          0.0393303841577               
2479           0.0786607683155               
5912           0.0196806311914               
6205           0.0237489268002               
8849           0.207456575578                
7453           0.00618942430948              
10882          0.05145463554                 
3274           0.0241256675641               
3101           0.0227831588056               
9479           0.0354350198184               
2254           0.017693236825                
4489           0.0393303841577               
7701           0.0393303841577               
4011           0.0162280014267               
4133           0.0354350198184               
2620           0.0283947139064               
144            0.0786607683155               
5611           0.0200319845199               
2944           0.0299848602536               
12138          0.0674981819836               
9853           0.0263902639189               
6596           0.0877830402413               
3267           0.07718195331                 
7704           0.0745948367228               
844            0.021470284735                
11787          0.025854637596                
5693           0.0354350198184               
12184          0.357016031388                
7476           0.00816746944265              
10204          0.0206039852276               
2923           0.0150668659543               
5370           0.0362819038289               
10425          0.0409653591894               
10186          0.0219592732566               
8956           0.0103052021075               
2049           0.0241116218537               
2133           0.0263519032047               
8786           0.0175749203956               
256            0.0393303841577               
9051           0.0331563777532               
11307          0.0393303841577               
9092           0.0393303841577               
7237           0.022950731348                
7534           0.0393303841577               
6316           0.0393303841577               
1838           0.041616729888                
11853          0.0708700396367               
12238          0.0978610709178               
9381           0.0222207075018               
7554           0.548148111272                
8792           0.0283947139064               
1574           0.0461246355965               
1252           0.163857590172                
8025           0.0393303841577               
11592          0.0292610134138               
11444          0.0393303841577               
421            0.0253656490744               
5447           0.0217094622271               
12143          0.0219592732566               
7403           0.117041135837                
9278           0.000543843941404             
2079           0.0441125127022               
9109           0.0162280014267               
7520           0.0106019185553               
294            0.0786607683155               
1640           0.0393303841577               
2763           0.0101468867704               
1467           0.0786607683155               
11918          0.00922731840142              
816            0.0663127555063               
716            0.157698277395                
2926           0.0393303841577               
9522           0.025854637596                
1852           0.0181931059362               
11458          0.0120142876136               
11862          0.00720170144803              
6321           0.117991152473                
11991          0.0121961164594               
5356           0.0354350198184               
6491           0.0287269425358               
1839           0.0393303841577               
9035           0.031539655479                
562            0.0117221341492               
9924           0.0354350198184               
1360           0.0393303841577               
8110           0.0786607683155               
3071           0.0393303841577               
7349           0.0296929049914               
7837           0.0393303841577               
5572           0.0507312981488               
5229           0.124939987909                
1854           0.0393303841577               
4182           0.0611851133217               
12142          0.0393303841577               
1796           0.017693236825                
651            0.0292610134138               
153            0.0393303841577               
10301          0.0393303841577               
749            0.04294056947                 
6330           0.0393303841577               
9173           0.033022827777                
1152           0.0393303841577               
2134           0.0393303841577               
9627           0.0378844319061               
6695           0.0354350198184               
5536           0.0393303841577               
12139          0.0393303841577               
6636           0.0393303841577               
230            0.0108794970886               
11617          0.0562254505052               
1639           0.0283947139064               
1231           0.0230870070092               
6688           0.0354350198184               
69             0.0122412558412               
1979           0.0193499580069               
3723           0.0393303841577               
5104           0.0331563777532               
201            0.0377034312915               
745            0.0393303841577               
1213           0.0170180470802               
1762           0.0185995352401               
9346           0.0393303841577               
10702          0.0393303841577               
2837           0.0272426380584               
3070           0.0171250945609               
7115           0.0393303841577               
12003          0.0393303841577               
6639           0.0094160112331               
7401           0.275312689104                
11614          0.0393303841577               
7700           0.0786607683155               
4451           0.015785266852                
7400           0.0393303841577               
6455           0.0552885822792               
3368           0.0354350198184               
4998           0.363251105547                
3035           0.0210204589003               
627            0.0299848602536               
4285           0.0393303841577               
3838           0.0393303841577               
366            0.0241256675641               
5780           0.0263902639189               
5965           0.0630793109579               
3250           0.0237489268002               
3968           0.0377755889324               
3179           0.0317421346804               
10232          0.0160467010972               
3391           0.012863658885                
10106          0.0122412558412               
367            0.0127237462571               
9102           0.0786607683155               
5036           0.025854637596                
9504           0.0393303841577               
