182
7784           0.163502646731                
7004           0.0271320549896               
7428           0.0379583998352               
8911           0.0396148050451               
724            0.118663959206                
1938           0.14684611273                 
8626           0.0532913590965               
5683           0.0150683773686               
12176          0.0604757570359               
105            0.0328457810789               
9586           0.0722986928946               
5915           0.0507799097223               
5510           0.0428642249026               
7453           0.0144774847198               
1448           0.0328457810789               
9046           0.502061056469                
7585           0.0582798063596               
4275           0.0308194475696               
12156          0.0411089349764               
4408           0.0219607243563               
2254           0.0413856851574               
3871           0.0750686520498               
1916           0.046856175194                
12216          0.0491682840464               
11778          0.0759167996704               
4428           0.0298362909399               
8294           0.0579101373034               
7207           0.0375343260249               
11222          0.0555503561673               
10849          0.0284228037117               
4341           0.0540020807251               
3185           0.0400567617332               
2739           0.069487921593                
8293           0.0210367974772               
7193           0.0472872022698               
10692          0.03550906837                 
7285           0.0224813923409               
10662          0.0496838461277               
4177           0.0890607896792               
8136           0.0411387303743               
8955           0.0405723238145               
9405           0.0230235371371               
8690           0.0308194475696               
668            0.0386213208727               
2181           0.0365303919113               
6027           0.107337108296                
12218          0.0167978106842               
4921           0.0161710118947               
4885           0.0321350594503               
2075           0.0322741628442               
9310           0.0374354279229               
2278           0.0357790360987               
3796           0.0544539324365               
2092           0.046856175194                
8786           0.0411089349764               
8892           0.0435055788343               
26             0.0308194475696               
1732           0.0604757570359               
2151           0.0403120153468               
1975           0.0408378913933               
8035           0.0775550242292               
8441           0.0248780361988               
11041          0.0180679026306               
77             0.0265765435397               
5407           0.0179733328123               
6772           0.02288589035                 
1119           0.0919964454201               
5223           0.0646618784805               
12238          0.0327005293462               
10847          0.0631136030383               
4146           0.0640128447234               
11638          0.155927241647                
8382           0.0737734007937               
5684           0.0312004930336               
443            0.0540020807251               
2249           0.0491682840464               
10078          0.0775550242292               
11262          0.023589007033                
9278           0.0139929679301               
12103          0.0737734007937               
5451           0.0555503561673               
11852          0.0691188129512               
8291           0.0360156863675               
104            0.0321350594503               
2175           0.0428642249026               
1161           0.0502204572896               
5174           0.0775550242292               
3348           0.0495114546874               
2763           0.0237342587657               
5233           0.0413856851574               
2753           0.0573056460935               
6678           0.084505424819                
8537           0.120951514072                
1443           0.141680291548                
11086          0.0352424249368               
11292          0.0374154103516               
6465           0.0507799097223               
11991          0.057055092963                
10586          0.0183557640912               
1445           0.0315929146541               
6235           0.0201735673889               
6491           0.0335971368915               
6197           0.0424329212237               
8369           0.0403120153468               
3569           0.0664171684067               
10950          0.0416683874092               
880            0.056398724583                
10816          0.030449137221                
8741           0.101258107768                
6133           0.0276136160942               
2140           0.0413856851574               
11064          0.0213376149078               
730            0.0631136030383               
4771           0.067194273783                
5830           0.0256153405423               
2089           0.0350683144701               
6119           0.0477328431859               
10491          0.0828849231069               
1612           0.0245631672991               
4113           0.0365303919113               
12075          0.34221750958                 
6242           0.105183987386                
4982           0.0176017137725               
4986           0.0346594709796               
4430           0.104180588567                
7099           0.0343940565211               
6554           0.0348964800225               
8550           0.0398063703901               
3596           0.0413856851574               
11617          0.0876767703374               
9309           0.00806211967768              
1173           0.0737734007937               
10858          0.0481941237803               
10776          0.0863619815718               
3079           0.0425549130303               
7377           0.0448905584119               
2444           0.0579101373034               
6985           0.0532913590965               
8795           0.0298542326241               
3861           0.0435055788343               
2174           0.131515155506                
7198           0.0434158505128               
7811           0.0431809907859               
6807           0.0919964454201               
3427           0.0180679026306               
11890          0.0176017137725               
4463           0.0411089349764               
8720           0.0280119844002               
7802           0.02288589035                 
367            0.0148808542448               
4316           0.0293969639778               
6639           0.0220246911397               
6084           0.0631136030383               
1706           0.0786389147794               
7919           0.0107592115181               
5383           0.0581283152868               
7237           0.00766904609693              
2022           0.0919964454201               
2569           0.0540020807251               
2156           0.0379583998352               
5944           0.0737734007937               
2079           0.0343940565211               
2173           0.0599421583078               
2936           0.0646618784805               
4668           0.0507799097223               
3101           0.0532913590965               
8064           0.0193635484577               
2206           0.0279112548034               
1744           0.165769846214                
5309           0.0472872022698               
628            0.0291741595243               
1739           0.022817603713                
210            0.0218970673406               
1678           0.0265765435397               
12041          0.0279112548034               
4173           0.106793162511                
4481           0.0547534365377               
7951           0.0299710791539               
4486           0.0540020807251               
10503          0.18399289084                 
12196          0.0477328431859               
3706           0.060415870153                
