177
1976           0.0514616386875               
9782           0.0636833566597               
5683           0.0274986144628               
9907           0.0590014446572               
1796           0.037762825173                
8958           0.0298379588998               
6711           0.0412987792199               
4802           0.0228465141104               
9671           0.0435543595662               
5217           0.043147729594                
2298           0.0416464683589               
11208          0.0756292628443               
7930           0.052289169229                
83             0.052289169229                
3909           0.0444114694948               
12066          0.0915473728686               
3772           0.063996941136                
5510           0.0391119350813               
10680          0.0590014446572               
10882          0.0274550160813               
1559           0.588063529165                
11956          0.037510301416                
4733           0.0646388728352               
6544           0.0329848701264               
8356           0.0839431719379               
6918           0.0423736264701               
4887           0.0801645099064               
917            0.0315341118519               
1037           0.031998470568                
1035           0.037020664639                
11922          0.0288273036498               
2548           0.00999246565005              
1287           0.0274550160813               
4237           0.0354490546074               
3743           0.0563249637417               
7303           0.0960221092963               
3730           0.0333325592654               
10979          0.0707659377902               
11515          0.0541381196031               
4509           0.12927774567                 
6263           0.0344405250882               
8059           0.0509358649732               
1563           0.0624520286967               
8340           0.0541381196031               
6264           0.0238434304913               
3185           0.036550234328                
11369          0.0839431719379               
8554           0.0569384684225               
2434           0.0486262887551               
9633           0.0368151884172               
7211           0.0756292628443               
11428          0.0707659377902               
2460           0.02800785289                 
9405           0.0210080805589               
7828           0.0246709610328               
9534           0.0441264326499               
8296           0.0323183411354               
848            0.0380207799626               
3908           0.0948516883498               
6914           0.0270303899535               
8560           0.0435543595662               
557            0.0252861951398               
875            0.0506875355637               
1142           0.0380207799626               
11019          0.0839431719379               
2686           0.0264203719525               
12109          0.0442646974179               
1961           0.0839431719379               
4423           0.0251963487615               
8309           0.0444114694948               
8753           0.0309416736379               
4418           0.0839431719379               
9215           0.0673153537508               
9893           0.0416464683589               
6648           0.0194143405664               
9642           0.0427544341817               
4134           0.0329848701264               
5553           0.0385539537581               
10963          0.0707659377902               
2060           0.0499603774525               
10319          0.0646388728352               
9967           0.0839431719379               
1181           0.0839431719379               
2605           0.0358774728425               
11592          0.0624520286967               
1575           0.037020664639                
3776           0.0435543595662               
5172           0.0707659377902               
3191           0.0394009716075               
9278           0.00812511510395              
7243           0.0839431719379               
1932           0.0468678628516               
4873           0.317577164437                
8121           0.105356879398                
12058          0.0472118183142               
8631           0.078801943215                
11471          0.0427544341817               
3419           0.0423736264701               
1713           0.0575887036425               
5609           0.0541381196031               
7518           0.0994390424393               
11862          0.0153706523809               
4164           0.0396971455546               
10586          0.0167489195275               
3121           0.0380207799626               
9787           0.0435543595662               
6235           0.0184075942086               
1678           0.0242500604635               
10279          0.046138654735                
5205           0.0158127084065               
10998          0.0382862603231               
4076           0.0354490546074               
692            0.0979409290856               
1080           0.0480110546481               
3868           0.0613589071834               
763            0.104578338458                
6282           0.0646388728352               
4753           0.0200383053074               
1714           0.14350989137                 
3532           0.0323183411354               
7790           0.037510301416                
730            0.0575887036425               
7614           0.0839431719379               
5042           0.0590014446572               
12020          0.0224841168942               
12108          0.08402355867                 
9625           0.0422700139718               
6631           0.0439752601355               
6809           0.0271351455139               
236            0.0219944801173               
9918           0.140961801891                
3507           0.0726435239671               
6620           0.0222718204598               
8347           0.0288273036498               
2608           0.0385539537581               
11245          0.0646388728352               
5470           0.0624520286967               
8620           0.0400008183674               
3779           0.052289169229                
11100          0.110349429914                
1913           0.0356613510419               
3502           0.0480110546481               
8078           0.0360975604013               
9550           0.138542243423                
9069           0.0203330237074               
7403           0.0499603774525               
2721           0.0409608854554               
420            0.0380207799626               
8997           0.0184585260703               
8901           0.0439752601355               
2362           0.0416403486667               
8720           0.0255598443189               
11018          0.0740413292781               
938            0.0233730001803               
11097          0.0380207799626               
1419           0.0839431719379               
4951           0.0590014446572               
4451           0.134762514816                
1834           0.0416464683589               
2108           0.0282363252344               
11967          0.0126941714654               
3589           0.0509358649732               
3468           0.0335102578551               
4654           0.0227002386948               
6904           0.027563563749                
3808           0.0336906287039               
1898           0.0839431719379               
6393           0.0624520286967               
6040           0.0217234078928               
3134           0.0486262887551               
11573          0.0396971455546               
6161           0.0394009716075               
7951           0.0273474419484               
6518           0.0396971455546               
9569           0.043147729594                
9203           0.0340597173766               
6063           0.0177644394902               
