414
7925           0.0482598731605               
2307           0.0410933979706               
4588           0.0584425951928               
1664           0.0239102119867               
9135           0.035032341203                
12221          0.0468310947462               
6933           0.0129427457978               
6753           0.115187262439                
9934           0.0633051376513               
9914           0.0397670373169               
9206           0.0426417743414               
2657           0.0219092045425               
680            0.0324590523091               
226            0.111301784232                
10631          0.11582080819                 
10285          0.040452313273                
9586           0.0254890942974               
5022           0.0330385355563               
1445           0.0445526605535               
2142           0.0311514352675               
11628          0.0821867959412               
7076           0.0520180128903               
12153          0.034668815668                
10972          0.0149174181462               
8851           0.0343190113984               
4887           0.0825962830628               
7186           0.0208877632618               
6798           0.0344211470107               
3746           0.0166838003374               
1099           0.0638273531999               
9085           0.0526393673602               
7050           0.0468310947462               
619            0.0482598731605               
6999           0.0366483727138               
9481           0.0520180128903               
9913           0.0520180128903               
4428           0.0210377256574               
8911           0.0186217382535               
478            0.0160888123809               
10599          0.0445017334307               
4294           0.0246056915922               
11659          0.035805181408                
6242           0.0148331565384               
11177          0.0206490707657               
8026           0.177053542777                
10042          0.0648671774954               
11693          0.0584425951928               
1352           0.0251001401785               
4267           0.0463194659639               
11230          0.0133268152193               
7704           0.0246056915922               
10784          0.020570853314                
9633           0.0284489769263               
9835           0.0195399348208               
4871           0.0455934305877               
10425          0.0506727931078               
11591          0.0352695809613               
1951           0.0267250656948               
854            0.0648671774954               
7099           0.048502860278                
2133           0.0217309545676               
12049          0.0343190113984               
9310           0.0565626795207               
10383          0.0260344700065               
8218           0.0222341037207               
3651           0.0206490707657               
11069          0.0648671774954               
10183          0.0165314345004               
4571           0.0584425951928               
3859           0.022855813524                
5230           0.0287950119969               
11045          0.024251430139                
7237           0.0216299389446               
726            0.0348599231414               
480            0.0226585994238               
1067           0.0546844554631               
10844          0.0927320278147               
77             0.0374785212436               
2558           0.0313986155966               
3667           0.0311514352675               
11865          0.0445017334307               
1164           0.0326641993118               
1803           0.0330385355563               
6620           0.0172105735053               
11172          0.035805181408                
11869          0.0222763302768               
9517           0.0754719792664               
2605           0.0277243561952               
10614          0.0688680504088               
1342           0.0287950119969               
441            0.0175979790964               
5688           0.0391688482852               
9492           0.0648671774954               
10050          0.0224654942511               
9278           0.0152482508867               
1026           0.129836209236                
4446           0.0546844554631               
3233           0.0426417743414               
2353           0.0181200798748               
7141           0.033656678768                
6369           0.108294612273                
6614           0.0380771511282               
3497           0.132154142225                
6278           0.0286077589004               
7758           0.0455934305877               
4524           0.0436393021259               
7351           0.0482598731605               
11609          0.0520180128903               
5320           0.0230573152214               
2067           0.0468310947462               
9403           0.0546844554631               
10943          0.0216430988101               
3740           0.0151748989539               
6151           0.041835290858                
11086          0.0248496191707               
11458          0.02972255206                 
10132          0.019609887704                
2084           0.0210503764333               
3028           0.0468310947462               
11991          0.0402298461136               
5293           0.0264656506815               
2279           0.0343190113984               
6197           0.0149598379595               
7964           0.0520180128903               
562            0.0193331891555               
10441          0.0235811106808               
2394           0.0546844554631               
5127           0.0201893709512               
8660           0.0455934305877               
10816          0.0214698467933               
1554           0.0715398363211               
9561           0.0499497593492               
11766          0.0584425951928               
7919           0.113795649397                
5031           0.0217309545676               
2148           0.0397670373169               
12132          0.0569956266859               
2644           0.029181264261                
8001           0.0532279065076               
3607           0.0520180128903               
10611          0.034668815668                
3321           0.0164811974504               
1800           0.0397670373169               
3992           0.0289861262529               
3274           0.0397902027551               
9173           0.0544641929309               
4982           0.0124110609523               
4986           0.0122192876348               
2073           0.0311514352675               
236            0.0339925169075               
9178           0.0482598731605               
9595           0.0189985422286               
6684           0.0482598731605               
446            0.0264656506815               
9439           0.0410933979706               
9763           0.058761198211                
2258           0.0166327329188               
11639          0.0455934305877               
8074           0.0426417743414               
8258           0.0277243561952               
4570           0.154553379691                
5229           0.180304400207                
4852           0.0461852062812               
5501           0.0648671774954               
1684           0.0339819301411               
4240           0.0648671774954               
669            0.0397670373169               
11099          0.041835290858                
5015           0.0246056915922               
8610           0.0546844554631               
2837           0.0224654942511               
8545           0.0295843152845               
8131           0.0456555495225               
8434           0.0499497593492               
938            0.0180615113331               
6568           0.0309106759382               
12157          0.0221831765979               
1521           0.0575900239939               
6639           0.0310594511107               
11071          0.034668815668                
4084           0.0273932955377               
9484           0.0391688482852               
4264           0.0386069360632               
9665           0.0520180128903               
7757           0.0391688482852               
8136           0.0145035675723               
2715           0.11582080819                 
643            0.0410933979706               
4808           0.0426417743414               
11922          0.0222763302768               
627            0.0494537059298               
10564          0.0157123662044               
8602           0.020041068379                
4638           0.0546844554631               
8066           0.0201149230568               
6372           0.0584425951928               
921            0.0482598731605               
8228           0.0520180128903               
3332           0.0362171920389               
717            0.0404065124436               
6421           0.0459191167953               
2429           0.0648671774954               
6281           0.034668815668                
5755           0.0264656506815               
1678           0.0187392606218               
7753           0.0808130248872               
3070           0.0282442333655               
7662           0.035032341203                
10232          0.0264656506815               
1644           0.019609887704                
194            0.0900170789502               
2425           0.0482598731605               
3468           0.0258950882367               
884            0.0546844554631               
12152          0.0269178727118               
6972           0.0584425951928               
2850           0.0648671774954               
10728          0.0180022861283               
316            0.0584425951928               
3026           0.0391688482852               
10263          0.0520180128903               
9238           0.0309106759382               
7733           0.0666849100286               
7454           0.0293608253846               
8598           0.0520180128903               
8958           0.0230573152214               
7777           0.0584425951928               
10492          0.0546844554631               
3033           0.0410933979706               
5787           0.0604951368938               
9671           0.033656678768                
7836           0.0435251770466               
2638           0.0152623402914               
785            0.0584425951928               
230            0.017943436959                
11963          0.0435251770466               
4914           0.034668815668                
7955           0.0343190113984               
6192           0.0177117070635               
5996           0.0356536956729               
11882          0.0251001401785               
7453           0.0102081506163               
6351           0.0520180128903               
2385           0.0327442659827               
10464          0.0295843152845               
6383           0.0203400850529               
1393           0.120854549301                
8319           0.0207279539059               
4640           0.0362171920389               
1041           0.0435251770466               
4011           0.0267646673554               
3871           0.0264656506815               
5987           0.0239102119867               
2548           0.00772168870886              
7154           0.0331831421449               
10823          0.0435251770466               
4633           0.0202644216692               
4014           0.0215560680013               
12138          0.0278310055007               
471            0.0512449187514               
1358           0.0468310947462               
6603           0.0768673781271               
10849          0.020041068379                
8938           0.0445526605535               
6145           0.0212495842611               
9562           0.109368910926                
3267           0.0848635742572               
8918           0.0260344700065               
9622           0.0330385355563               
11150          0.0251001401785               
7285           0.0158517479742               
10594          0.0546844554631               
11104          0.0366483727138               
2028           0.0707433320425               
3330           0.0482598731605               
4925           0.035805181408                
2460           0.0216430988101               
7653           0.0520180128903               
9405           0.0162340171213               
2626           0.0526249024887               
10457          0.0435251770466               
7710           0.0321823537606               
12218          0.0118442246568               
4921           0.0114022655339               
2222           0.0219092045425               
10201          0.0455934305877               
3542           0.0648671774954               
2160           0.0414559078118               
7518           0.012806938049                
7222           0.0455934305877               
4837           0.0584425951928               
5936           0.0386069360632               
3635           0.035032341203                
5571           0.0546844554631               
8836           0.0496992383413               
2146           0.0193331891555               
2561           0.0180615113331               
3711           0.0742011894882               
8753           0.0239102119867               
7842           0.03757601757                 
5317           0.0201893709512               
6772           0.0322739232955               
1430           0.023689517917                
1524           0.0546844554631               
8166           0.0227566819584               
873            0.0163320996559               
960            0.0122509755734               
7896           0.0546844554631               
8191           0.022855813524                
4146           0.060181057963                
1109           0.116885190386                
1571           0.0366483727138               
9217           0.0798418597614               
7503           0.0287950119969               
10380          0.114231453385                
11262          0.0166327329188               
2708           0.0330385355563               
7624           0.0169962584538               
8291           0.00634871246805              
10106          0.0201893709512               
4313           0.0426417743414               
2763           0.0167351506794               
1602           0.0165819453231               
1187           0.0998995186984               
8631           0.0304471437015               
10613          0.0220909498367               
624            0.0579722525057               
1982           0.0435251770466               
10251          0.104036025781                
12161          0.0386069360632               
7476           0.013470519075                
6538           0.0261759798244               
6848           0.0181811092897               
8328           0.0306760124415               
4359           0.0208877632618               
5334           0.0248496191707               
831            0.0998995186984               
11862          0.0118776883598               
10586          0.0129427457978               
9940           0.0911868611755               
10239          0.0911868611755               
1875           0.029919675919                
10393          0.0219996317283               
11056          0.029181264261                
5205           0.0122192876348               
7734           0.0455934305877               
11891          0.015898678267                
6182           0.0339819301411               
4701           0.0410933979706               
7349           0.0734582809071               
4029           0.0203147260411               
655            0.0410933979706               
11918          0.0152185165075               
1959           0.0297926097363               
11992          0.0204163711874               
8500           0.209369655889                
654            0.0520180128903               
6163           0.017943436959                
4068           0.0410933979706               
2342           0.024251430139                
8451           0.020041068379                
9257           0.0275573478385               
8422           0.0223704296944               
5292           0.0715398363211               
12041          0.0393607451068               
5370           0.0149598379595               
7289           0.0584425951928               
8550           0.0280676811126               
5426           0.0327442659827               
9309           0.00568464298521              
5999           0.0160888123809               
6681           0.0654885319653               
6133           0.0194705059342               
11278          0.0366483727138               
2864           0.109368910926                
4742           0.0249740332941               
7198           0.0459191167953               
1291           0.0482598731605               
1213           0.0561353622252               
9395           0.033656678768                
6996           0.0313986155966               
186            0.0679638602821               
3505           0.041835290858                
3968           0.0311514352675               
1014           0.0584425951928               
3965           0.0311514352675               
9398           0.0404065124436               
10717          0.0188034042205               
1488           0.0499497593492               
10944          0.0180615113331               
940            0.0183634505084               
8269           0.0354107085554               
3812           0.0482725787321               
6329           0.0401951659455               
11105          0.0626632897855               
3808           0.0260344700065               
5353           0.0319136766                  
1493           0.109368910926                
10548          0.0499497593492               
2792           0.0638273531999               
1048           0.0270736530683               
5957           0.0280676811126               
8930           0.0419374264703               
141            0.0386069360632               
2372           0.0257577714581               
3080           0.0327442659827               
4969           0.0934721097351               
3391           0.0424317871286               
11292          0.0175878684099               
10998          0.00739643733576              
8482           0.0258950882367               
1451           0.0278944290958               
10820          0.0410933979706               
9491           0.0397670373169               
