312
7925           0.0592778283257               
8500           0.257169729334                
1664           0.0293690254151               
6933           0.0158976353069               
6753           0.070742527083                
9934           0.0388789985973               
4207           0.0346925241817               
4524           0.026801179637                
2657           0.0269111785955               
10250          0.0671691728704               
3772           0.030372109355                
9586           0.0313083739552               
1445           0.0547242417103               
2142           0.0765269077994               
2148           0.0488460382655               
5494           0.0560026244199               
12153          0.0425838687265               
9595           0.0233359984375               
11105          0.0256565374845               
4887           0.0507267007463               
7186           0.0256565374845               
6798           0.0422796561542               
3746           0.0204927901267               
1099           0.0391997184999               
9085           0.0646571815714               
11922          0.0273621208551               
619            0.0592778283257               
12152          0.0330633491761               
7237           0.0199261165149               
8911           0.0114365841747               
478            0.0197619636319               
10599          0.0546616876867               
4294           0.0302232862732               
6242           0.0364392713542               
8319           0.0254602429039               
11639          0.0560026244199               
2880           0.0144036934119               
1352           0.061661239577                
2835           0.0668986233701               
10784          0.0252672755107               
8279           0.024437246241                
9973           0.0430303888444               
9835           0.0240009934951               
9534           0.0209418265014               
10425          0.0414944194684               
7836           0.0534621789045               
1488           0.0613535234492               
9178           0.0592778283257               
9310           0.078739698185                
10813          0.0636198039312               
3651           0.0253633503732               
7386           0.0346925241817               
1361           0.0638939689646               
10285          0.035491261381                
11045          0.0297881452703               
3033           0.0504752132712               
726            0.0428186069315               
480            0.0278316638396               
10844          0.113903184263                
2558           0.0385670666562               
6681           0.0402199353304               
1164           0.0200607945317               
2522           0.0256565374845               
230            0.0440800153821               
11172          0.0439796720894               
11869          0.0547242417103               
11927          0.025755968716                
9517           0.0463512928792               
2605           0.0340539566176               
680            0.0398696060388               
10614          0.112787932                   
5109           0.0405813880266               
9278           0.00661041106238              
1026           0.159478424155                
4446           0.0671691728704               
7710           0.0395297359152               
6369           0.133018779672                
7733           0.0819093874416               
6278           0.0351390442996               
7758           0.0560026244199               
7351           0.0592778283257               
542            0.0613535234492               
10585          0.0340539566176               
11458          0.0365083499609               
2561           0.0221850389981               
2084           0.0258562760049               
8805           0.0405813880266               
3216           0.0444857466777               
6197           0.0183752390603               
5505           0.0504752132712               
7964           0.0638939689646               
562            0.0237470468258               
10441          0.0289647887391               
2394           0.0671691728704               
1554           0.0659045371159               
9561           0.0613535234492               
7919           0.0931838195642               
10944          0.0221850389981               
11628          0.100950426542                
12132          0.0700079953125               
2644           0.0716869672423               
8610           0.0671691728704               
8001           0.0326900434818               
3607           0.0638939689646               
10611          0.0425838687265               
226            0.0455708343598               
1800           0.0488460382655               
10100          0.0338488194706               
9664           0.0671691728704               
9173           0.033449311685                
4982           0.01524456432                 
4986           0.0450270247666               
9627           0.0191868512805               
2073           0.0382634538997               
236            0.0208765838951               
12049          0.0421542025031               
8859           0.0136896786719               
6620           0.0211398280771               
446            0.0325078827374               
9763           0.0360883275447               
2258           0.0204300637772               
5229           0.221468739594                
4852           0.0567295052769               
4110           0.0455708343598               
9644           0.0373983692693               
5015           0.0302232862732               
10564          0.0192995730294               
3070           0.0346925241817               
964            0.0405813880266               
1521           0.0353690481555               
6639           0.0190752346645               
4084           0.0336473132608               
9484           0.0481112798751               
9665           0.127787937929                
2028           0.115859154956                
8069           0.0461547984444               
9301           0.0340539566176               
643            0.0504752132712               
7624           0.0208765838951               
7050           0.0575228531048               
627            0.030372109355                
10597          0.0417401640153               
4313           0.0523770912225               
665            0.0323285907857               
3232           0.0504752132712               
10239          0.0560026244199               
717            0.04963150856                 
6421           0.0188008887715               
6281           0.0425838687265               
1678           0.0230175216249               
7753           0.14889452568                 
697            0.0165904606715               
194            0.0737122665676               
2425           0.0592778283257               
3359           0.0638939689646               
3468           0.0318070582131               
884            0.0671691728704               
1493           0.0671691728704               
10728          0.0221122924014               
6063           0.0168615402314               
3026           0.0481112798751               
3497           0.0405813880266               
7454           0.027048029543                
4428           0.0129203684988               
5787           0.0212304171708               
3504           0.0285744143705               
10538          0.0277124501467               
2638           0.0187468040919               
10820          0.100950426542                
11963          0.0534621789045               
6192           0.0435107455493               
8026           0.0869902784724               
2385           0.0402199353304               
10464          0.0726771061638               
6383           0.0249838217743               
1393           0.148446209173                
2540           0.0523770912225               
4992           0.0592778283257               
6568           0.0379677280875               
4011           0.0657503326381               
9238           0.0379677280875               
2715           0.14226324138                 
2548           0.00948458642122              
7154           0.0407590089768               
10823          0.0534621789045               
4014           0.0264774193274               
12138          0.0170924772296               
471            0.0629443738114               
5824           0.0417401640153               
8938           0.0820863625654               
6145           0.0391514458699               
9562           0.134338345741                
3267           0.10423832589                 
8918           0.0319782614941               
9130           0.0305229036607               
11104          0.0450153679211               
1196           0.0344756642223               
7476           0.0165459016962               
4925           0.0439796720894               
9405           0.0199403192949               
2626           0.0430929428679               
4623           0.0461547984444               
1223           0.0358434836212               
5370           0.0183752390603               
3688           0.0326900434818               
3935           0.0439796720894               
12218          0.0145483166423               
4921           0.0140054561808               
5345           0.0592778283257               
7233           0.0328751663191               
2160           0.0254602429039               
7222           0.0560026244199               
4837           0.0717853135093               
7076           0.0638939689646               
5571           0.0671691728704               
2146           0.0237470468258               
8753           0.0293690254151               
9243           0.0165904606715               
5317           0.0247986989371               
5321           0.0504752132712               
1430           0.0581958917103               
1524           0.0671691728704               
1342           0.0353690481555               
9831           0.0523770912225               
960            0.0150479306991               
4146           0.0369603377377               
1571           0.0450153679211               
9217           0.0980701304455               
7503           0.0353690481555               
10380          0.093540686284                
8743           0.0242607341216               
11262          0.0204300637772               
2708           0.0405813880266               
7208           0.0293690254151               
4570           0.189838640438                
2802           0.0379677280875               
2763           0.0205558639924               
1041           0.0534621789045               
11918          0.0186929751328               
8631           0.0373983692693               
624            0.0356037946915               
1982           0.0534621789045               
10251          0.0638939689646               
12161          0.04742108046                 
7518           0.0157308220128               
8328           0.037679489815                
831            0.122707046898                
9940           0.11200524884                 
3717           0.0796766580541               
1875           0.0367504781206               
10393          0.0270222507316               
10292          0.0250775243909               
11056          0.0358434836212               
1039           0.0379677280875               
11891          0.0195284210089               
8383           0.0638939689646               
4701           0.0504752132712               
4029           0.0124763365907               
1335           0.0332546949179               
1959           0.036594402133                
4771           0.0290979458551               
11992          0.0250775243909               
4770           0.0523770912225               
654            0.0638939689646               
6163           0.022040007691                
8422           0.0274777036107               
5292           0.0219681790386               
8874           0.0297881452703               
11591          0.0144405971837               
6612           0.0281969829999               
5999           0.0197619636319               
8602           0.0246165381927               
9345           0.0504752132712               
6133           0.0239157136684               
11278          0.0450153679211               
3992           0.0356037946915               
8011           0.0796766580541               
6603           0.0629443738114               
7198           0.0564026663146               
1213           0.0344756642223               
6996           0.115701199969                
186            0.0834803280306               
3505           0.0513864837809               
3968           0.0382634538997               
2811           0.0323285907857               
1014           0.0717853135093               
8218           0.0409653806677               
3965           0.0382634538997               
1785           0.0560026244199               
10717          0.0230963095078               
5031           0.0266922333163               
8044           0.0592778283257               
10273          0.0379677280875               
3812           0.0592934346388               
8291           0.00779815327153              
3808           0.0319782614941               
1451           0.0342628579583               
10548          0.0613535234492               
3186           0.0717853135093               
7285           0.0194707763104               
8930           0.0772679061481               
4267           0.0284472085372               
2372           0.0316383913705               
4969           0.0861091727648               
3391           0.052119162945                
11292          0.0108016305881               
10998          0.00908507863568              
8482           0.0318070582131               
9403           0.0671691728704               
6622           0.0717853135093               
1515           0.0174720058284               
2459           0.0592778283257               
