279
7784           0.028624731961                
3086           0.0362273690468               
10344          0.0540347614001               
4282           0.0805299988764               
930            0.059912696705                
6447           0.0454974846667               
7583           0.0620106226227               
1705           0.047928962502                
2805           0.025831694192                
8304           0.0375216234441               
3654           0.0396195493618               
2500           0.0805299988764               
7789           0.0678885579276               
1445           0.055310340959                
4077           0.0645782764312               
9046           0.0799062025589               
4768           0.0311608172025               
4952           0.0186780923622               
4435           0.0805299988764               
838            0.0805299988764               
11156          0.0805299988764               
593            0.0645782764312               
2880           0.0145579576579               
11647          0.0805299988764               
2739           0.0202756466016               
3418           0.0678885579276               
9972           0.0382247206629               
9201           0.0261331979588               
2080           0.0529380523771               
8084           0.0501630643929               
1608           0.0540347614001               
9520           0.0305469791161               
3450           0.0466491185455               
2450           0.0581389256155               
9534           0.0211661144658               
3406           0.0805299988764               
7821           0.0298230463721               
1951           0.0165890485256               
12111          0.0377989075947               
2696           0.0581389256155               
8908           0.0460589001775               
26             0.026978108413                
2640           0.0324964289682               
3778           0.0357478523545               
10285          0.0143485497958               
7237           0.0134263507845               
6673           0.0725541376538               
7600           0.059912696705                
11919          0.0344186761234               
9786           0.0510158052219               
1803           0.0410160166352               
11463          0.0581389256155               
8165           0.0359851130372               
4392           0.0805299988764               
7038           0.0805299988764               
11796          0.0805299988764               
9278           0.00779474369489              
7522           0.0805299988764               
1462           0.059912696705                
2353           0.0112476761615               
1716           0.0276551704795               
2870           0.0392953945336               
6278           0.0355153851464               
1522           0.0224966403815               
11882          0.0311608172025               
7955           0.04260567603                 
3235           0.04260567603                 
8293           0.0184147688475               
2753           0.0501630643929               
8428           0.048626553986                
3740           0.0188390283483               
2068           0.0805299988764               
424            0.0645782764312               
6465           0.044450696483                
3028           0.0581389256155               
6119           0.0417834166372               
5947           0.0805299988764               
1690           0.0342113419477               
6197           0.0371440775007               
3122           0.0350640827767               
6962           0.0237503128284               
3440           0.0725541376538               
8405           0.0332272609243               
11884          0.059912696705                
8314           0.0805299988764               
7919           0.0470909113665               
8944           0.0493691816739               
12132          0.023585928098                
1726           0.0392953945336               
9590           0.0342113419477               
1398           0.0805299988764               
4986           0.0455092663576               
12129          0.0564782112292               
5650           0.0328560437179               
236            0.0211001731081               
10103          0.0645782764312               
6250           0.0529380523771               
6007           0.0725541376538               
3511           0.135777115855                
4776           0.0372508642358               
4208           0.0805299988764               
6688           0.0725541376538               
1062           0.0645782764312               
691            0.044450696483                
11890          0.0462235030012               
3500           0.0678885579276               
2436           0.026978108413                
7436           0.0321477133294               
9889           0.0383743642731               
7932           0.0421872031703               
8434           0.0620106226227               
11949          0.0493691816739               
7287           0.0805299988764               
367            0.013026103021                
1074           0.0725541376538               
12175          0.0417834166372               
2938           0.043491246369                
9867           0.0678885579276               
2162           0.0729496705209               
8136           0.0180055973668               
10161          0.0805299988764               
7502           0.0805299988764               
6677           0.047928962502                
8010           0.0332272609243               
11210          0.0805299988764               
2004           0.0430399439993               
8784           0.0392953945336               
10449          0.0678885579276               
10203          0.0725541376538               
4748           0.0678885579276               
8850           0.0552471169788               
7543           0.0805299988764               
6139           0.0364748352604               
6133           0.0725155563202               
5686           0.0519368354824               
7951           0.026235480725                
2421           0.0805299988764               
1719           0.0725541376538               
10728          0.0223491161117               
6063           0.0170421281345               
2959           0.0725541376538               
11113          0.062639066622                
10381          0.0805299988764               
5763           0.0678885579276               
3348           0.0144467806053               
3477           0.179738090115                
9585           0.059912696705                
8134           0.0282515078242               
7361           0.161059997753                
1972           0.0805299988764               
636            0.0581389256155               
2719           0.0805299988764               
9584           0.0987958812726               
4408           0.0961176869205               
8997           0.0177079927931               
6568           0.0767487285462               
7491           0.0805299988764               
2569           0.0472712557562               
6122           0.0805299988764               
2548           0.0191723335917               
8689           0.0406506927634               
4633           0.0251574666459               
2538           0.0288804477164               
6157           0.0581389256155               
6145           0.0131902532432               
4341           0.0945425115125               
6108           0.0268690390141               
10440          0.0725541376538               
9598           0.0342113419477               
977            0.047928962502                
10692          0.0414442858509               
7285           0.0196793092569               
4149           0.059912696705                
552            0.0421872031703               
9069           0.0195062723806               
7476           0.0167231090955               
2632           0.0277719911319               
4690           0.0582839513768               
9405           0.0201538810692               
2255           0.0620106226227               
3642           0.0203370160027               
5272           0.047928962502                
12218          0.0220561947151               
2612           0.0439609742598               
1940           0.0805299988764               
2420           0.0620106226227               
6040           0.0208401228214               
4393           0.0402966114283               
4391           0.0389801217865               
4085           0.0581389256155               
3635           0.043491246369                
4862           0.0406506927634               
10704          0.0725541376538               
11256          0.0805299988764               
8218           0.013801373952                
822            0.0439609742598               
8483           0.0406506927634               
1574           0.0314804692971               
1733           0.116277851231                
7503           0.0357478523545               
6968           0.0725541376538               
2610           0.0336108542926               
10923          0.0432771962617               
2916           0.0540347614001               
7453           0.0126730095157               
8057           0.0186249433743               
11852          0.0302519184512               
103            0.0481725995527               
6812           0.0581389256155               
10924          0.0724261371591               
1938           0.208882696648                
3801           0.0512699861399               
3284           0.0421872031703               
5583           0.0540347614001               
3765           0.0439609742598               
10678          0.0805299988764               
10346          0.0678885579276               
1443           0.0620106226227               
11412          0.0805299988764               
4052           0.0805299988764               
11641          0.0678885579276               
4817           0.0805299988764               
2887           0.0267609937561               
11862          0.0147456736551               
1206           0.0805299988764               
6235           0.0176591318473               
484            0.203665673783                
5205           0.0151697554525               
6265           0.0243448889831               
12020          0.0431398019977               
3868           0.0392426813876               
4863           0.201665125755                
10378          0.0581389256155               
4029           0.0126099587529               
8800           0.0406506927634               
11064          0.0186780923622               
7800           0.0314804692971               
4771           0.0294095862483               
9146           0.0678885579276               
4424           0.0529380523771               
10816          0.0533079071697               
6459           0.0805299988764               
10177          0.0805299988764               
10774          0.0805299988764               
10952          0.048626553986                
2408           0.0355153851464               
1913           0.0342113419477               
4980           0.0725541376538               
9416           0.0274250280992               
10207          0.0620106226227               
8152           0.0725541376538               
4433           0.0805299988764               
9572           0.0377989075947               
10988          0.0529380523771               
3849           0.0357478523545               
1785           0.0566024152086               
1205           0.0430399439993               
1393           0.0214337250257               
3045           0.0566024152086               
10027          0.0725541376538               
8158           0.04260567603                 
4976           0.0318092555342               
7346           0.0636185110685               
2842           0.0493691816739               
8291           0.00788167186641              
57             0.0417834166372               
5729           0.0805299988764               
7877           0.0278900099658               
8157           0.0552471169788               
2793           0.0493691816739               
3098           0.0190022471904               
6236           0.0324964289682               
1284           0.0678885579276               
9329           0.0501630643929               
5273           0.0359851130372               
6872           0.0805299988764               
8205           0.0355153851464               
3528           0.0294095862483               
1200           0.0805299988764               
