342
7925           0.053730900762                
9790           0.0444629327731               
5923           0.0327113593858               
8230           0.0722209083544               
8636           0.0990934317109               
6753           0.0213742631363               
9934           0.0352408931697               
1798           0.0570543489584               
4223           0.216662725063                
8336           0.0303192896479               
6714           0.0435101971885               
10250          0.0608838121049               
226            0.0413065398613               
9235           0.0352408931697               
3772           0.0825901103219               
2142           0.0346829481168               
1285           0.0722209083544               
4952           0.0167508855774               
1099           0.0355316016816               
11922          0.0496034163812               
11817          0.0355316016816               
914            0.0398642707287               
12152          0.0299694436119               
4428           0.0234226879502               
8911           0.0103664048887               
170            0.0374722009908               
9456           0.310567082631                
10786          0.0280879818268               
2480           0.0885505325953               
10566          0.144441816709                
2835           0.0606385792959               
9362           0.0969189024084               
8554           0.0244936414413               
2081           0.0344148948714               
7806           0.0338988138505               
7209           0.0310567082631               
7163           0.0320593866234               
5829           0.0436092629828               
4804           0.0385990797779               
10425          0.018805787911                
848            0.0327113593858               
4474           0.0722209083544               
9505           0.0246979940541               
7821           0.0267459025076               
2317           0.0272619835285               
1951           0.0148773894197               
5532           0.0722209083544               
557            0.0217550985942               
1488           0.0556123625471               
10582          0.0465779894192               
9310           0.0335866468615               
10383          0.0289858930972               
481            0.0177535639377               
10969          0.0608838121049               
7183           0.0185751756388               
2475           0.0403229893466               
10285          0.0064340327473               
5230           0.0320593866234               
11045          0.0270007171756               
7237           0.00602050951863              
10955          0.053730900762                
7785           0.0299694436119               
10091          0.0608838121049               
5452           0.0358307376907               
12246          0.053730900762                
193            0.0879103208913               
7640           0.0722209083544               
2059           0.0146410553565               
11869          0.0496034163812               
1093           0.0613628269205               
4479           0.0250123169235               
2605           0.0308673548822               
2265           0.0423938045126               
5688           0.0436092629828               
5495           0.0722209083544               
1175           0.0355316016816               
9278           0.0119836826288               
1026           0.03613880444                 
3233           0.094951801379                
2353           0.0100871402035               
6369           0.0301428841605               
7733           0.0371223549548               
10431          0.0457519911208               
11831          0.0756686496063               
7758           0.0507621743257               
3676           0.0408030512394               
8119           0.0722209083544               
1353           0.0231663783051               
5802           0.0722209083544               
3740           0.016895216178                
10585          0.0308673548822               
424            0.0579150856686               
11458          0.0110306927235               
2561           0.0201090721856               
10181          0.027530036774                
1081           0.0484594512042               
11991          0.0223952709326               
8662           0.0465779894192               
6197           0.0166557745841               
3122           0.0314461684351               
6962           0.042599508012                
11162          0.0344148948714               
10279          0.0198478058327               
11988          0.0579150856686               
3938           0.0442752662976               
3109           0.0308673548822               
7919           0.0506784816825               
10944          0.0201090721856               
12132          0.0211523305027               
7366           0.0418358594597               
11122          0.0329381700482               
6138           0.0257852587053               
1796           0.0324894267522               
10611          0.0385990797779               
3321           0.0550488134337               
80             0.0223952709326               
6242           0.0165147318001               
4982           0.013818052985                
10403          0.0390038167398               
9170           0.0385990797779               
7099           0.0270007171756               
8859           0.0124086658867               
3175           0.0507621743257               
230            0.0199776121948               
8589           0.053730900762                
313            0.0529944571074               
9763           0.0327113593858               
5229           0.143389131739                
12145          0.0314461684351               
4852           0.0171403457493               
4772           0.0532416329892               
9758           0.0722209083544               
9938           0.0722209083544               
9695           0.0457519911208               
5322           0.0457519911208               
9467           0.0442752662976               
5015           0.027395139824                
3427           0.0141840299816               
9889           0.0344148948714               
8131           0.016943778478                
6395           0.014258809075                
6612           0.0255584480429               
3642           0.0364772827374               
6639           0.0172902680432               
4974           0.0442752662976               
12168          0.0394250780763               
1935           0.0507621743257               
8136           0.0161477786593               
3629           0.0385990797779               
10050          0.0250123169235               
5913           0.101524348651                
4654           0.0390605172656               
104            0.0504546273049               
10800          0.0579150856686               
4313           0.0474759006895               
10473          0.217396957842                
9458           0.0722209083544               
1672           0.104280294978                
4531           0.0297988699809               
8008           0.0371223549548               
6421           0.0340831881786               
1903           0.0650679970115               
11755          0.0358307376907               
5755           0.02946595499                 
2117           0.111224725094                
3070           0.0943385053052               
11982          0.0579150856686               
7951           0.0235285021174               
8849           0.0293034402971               
3168           0.0413065398613               
938            0.0201090721856               
10728          0.0400862657152               
6063           0.0152837202451               
4809           0.0129231385115               
5683           0.0236585641112               
3497           0.0735679627419               
2472           0.0816061024789               
7454           0.00817233599943              
11773          0.03613880444                 
9469           0.0465779894192               
5787           0.0096218895864               
11728          0.0485865141844               
9671           0.0374722009908               
9864           0.0327113593858               
2522           0.0232557249214               
9171           0.0722209083544               
7769           0.0408030512394               
4914           0.0385990797779               
5818           0.0310567082631               
5338           0.0474759006895               
1205           0.0385990797779               
3713           0.0394250780763               
10464          0.0329381700482               
9410           0.0851360710162               
2106           0.0408030512394               
3771           0.0722776088801               
4011           0.0297988699809               
2715           0.0429836490336               
1426           0.0521401474889               
2548           0.00859706548235              
7154           0.0123149938088               
5827           0.0153669422262               
3751           0.0436092629828               
10613          0.0245953119161               
3942           0.0280879818268               
10450          0.0521401474889               
6263           0.0296310700281               
8938           0.0248017081906               
2538           0.0259005612425               
1883           0.0608838121049               
3267           0.16534737825                 
2880           0.0130558666399               
8918           0.0289858930972               
7778           0.0484594512042               
11150          0.0558912841134               
2028           0.0262544062981               
8029           0.0436092629828               
12091          0.0608838121049               
10010          0.0650679970115               
7476           0.0299952352227               
5241           0.0355316016816               
9405           0.108446413857                
2626           0.0585907758983               
3688           0.0296310700281               
2181           0.0286778263478               
12218          0.0131869567399               
4921           0.0126948944898               
4355           0.0374722009908               
895            0.0608838121049               
9941           0.0474759006895               
3545           0.02946595499                 
4423           0.0216777988341               
10692          0.0185840308705               
1881           0.0297988699809               
7894           0.0722209083544               
3176           0.0457519911208               
7939           0.0495467158555               
8218           0.0123773472899               
1430           0.0527502064526               
6145           0.0828049743893               
10330          0.0215249150049               
960            0.0272796387419               
5407           0.0141097888721               
614            0.0177535639377               
5166           0.0722209083544               
4146           0.0837544278869               
9217           0.0592621400561               
7503           0.0320593866234               
2336           0.0310567082631               
9114           0.0442752662976               
8339           0.0722209083544               
10610          0.0297988699809               
6422           0.0260171666609               
11262          0.0185183189125               
3981           0.0331700780037               
8057           0.0167032205055               
11310          0.0394250780763               
7208           0.0266208164946               
4570           0.0344148948714               
9109           0.0297988699809               
2802           0.0344148948714               
1602           0.0184617737314               
7393           0.0208636551836               
10075          0.185331026441                
3802           0.0296310700281               
361            0.0474759006895               
214            0.027395139824                
6848           0.0202422284811               
6163           0.0599328365845               
3765           0.0394250780763               
9718           0.0403229893466               
10539          0.0436092629828               
532            0.0548819213359               
10586          0.0144100128016               
1164           0.0545508121992               
2226           0.111367064864                
10239          0.0507621743257               
1875           0.0499673237523               
10393          0.0489872828825               
4147           0.0540014343511               
10634          0.0722209083544               
4060           0.0252273136525               
3532           0.0278052389423               
4029           0.0226177247771               
2246           0.032205627157                
1959           0.0663401560075               
7800           0.0282323124274               
11992          0.0227308930246               
8500           0.0518011224851               
2396           0.0423938045126               
10265          0.0220702213915               
3276           0.0885505325953               
8451           0.0223130436471               
749            0.0394250780763               
969            0.0556123625471               
8872           0.0436092629828               
5292           0.0199125049144               
12041          0.0438229143748               
11591          0.0130893171383               
12248          0.0442752662976               
2467           0.0608838121049               
6809           0.0233458518674               
3935           0.0398642707287               
1775           0.0608838121049               
110            0.0229028881681               
6329           0.044751930146                
1913           0.0306814134602               
6619           0.0722209083544               
7797           0.0722209083544               
6837           0.0722209083544               
322            0.0650679970115               
3142           0.0233458518674               
5159           0.0722209083544               
3441           0.0621134165263               
3968           0.0346829481168               
2816           0.0264972285537               
11862          0.0132242140882               
1393           0.0961109594172               
8299           0.0355316016816               
12111          0.0338988138505               
238            0.0650679970115               
9875           0.0314461684351               
8158           0.038209619606                
10595          0.0241945054322               
2638           0.016992570388                
8269           0.0394250780763               
8308           0.0367839813709               
8675           0.0193443172108               
6874           0.0608838121049               
3149           0.0885505325953               
1899           0.0324894267522               
10248          0.0206523275994               
510            0.0331700780037               
8930           0.0466917037348               
2372           0.0573556526957               
3702           0.0548819213359               
3391           0.0236210540357               
11292          0.00979086713517              
3528           0.0263751032263               
6134           0.0722209083544               
8931           0.0320593866234               
1403           0.0390038167398               
