233
4991           0.0395382158446               
7054           0.0613054770852               
1976           0.0375835251217               
4809           0.0109699419453               
5683           0.0100414103965               
3468           0.0244732513393               
10785          0.055233653116                
7454           0.00693717330288              
8958           0.0217912936022               
4802           0.0333705866704               
4387           0.0135555231538               
4340           0.0806008345267               
11364          0.0613054770852               
4529           0.0610036798714               
6164           0.0613054770852               
2497           0.0841165009617               
6205           0.0740363624168               
12066          0.0222863287152               
1465           0.0912200796276               
2762           0.0346360988772               
1917           0.133865567502                
1010           0.0777654293067               
113            0.0359864265117               
9474           0.08902377982                 
2609           0.0491618291468               
10975          0.0231416212366               
6525           0.051681863783                
6544           0.120447747744                
8663           0.27616826558                 
8580           0.0324346371787               
691            0.0338392051742               
12035          0.0237219519634               
4661           0.0294409850204               
2560           0.0613054770852               
4212           0.0613054770852               
9700           0.0306768039612               
11778          0.0252950839639               
914            0.0338392051742               
10841          0.0292134452058               
4237           0.051778391375                
6044           0.0983236582936               
5827           0.0521775616498               
12138          0.0131514360256               
1345           0.0613054770852               
4636           0.102685779882                
5248           0.0613054770852               
1818           0.0287753644073               
7128           0.0912440955062               
6264           0.0174133624912               
6697           0.0763757764204               
7845           0.026202078602                
10347          0.0983236582936               
7256           0.0613054770852               
2899           0.183916431256                
2687           0.137009044147                
11230          0.0125950719083               
88             0.0309463572392               
10784          0.0972067866334               
7462           0.0420582504809               
9526           0.055233653116                
9201           0.019894550987                
784            0.0430900051776               
5485           0.0350634904855               
9633           0.0268869121549               
5241           0.0301613735181               
11100          0.0268635089303               
9405           0.0306852927183               
9534           0.0322264687314               
805            0.189070206915                
3642           0.0154820624106               
12218          0.0111938868211               
11176          0.0442597121794               
6058           0.0381616424825               
10191          0.153522624095                
10137          0.0200509799712               
10307          0.12261095417                 
6327           0.0613054770852               
6040           0.0158650650677               
1791           0.0456100398138               
10532          0.0403004172633               
2686           0.0192953574415               
1197           0.12261095417                 
1634           0.0613054770852               
12109          0.0323274464211               
6052           0.0151151065446               
7237           0.0204422911174               
3649           0.027767381205                
6042           0.0113123877786               
4099           0.0299146025425               
8502           0.0359864265117               
9243           0.012765170269                
6517           0.0350634904855               
4016           0.164541257819                
760            0.0763757764204               
6145           0.0100414103965               
6680           0.0228110238765               
4971           0.0684571865883               
2034           0.0301613735181               
12238          0.0217912936022               
5262           0.055233653116                
7466           0.055233653116                
9924           0.055233653116                
1371           0.0613054770852               
10573          0.310091182698                
4135           0.0430900051776               
10725          0.0430900051776               
1157           0.051681863783                
1575           0.0540739515868               
3973           0.028564274908                
8987           0.0430143347747               
6273           0.0494774396934               
9278           0.00762935620932              
8057           0.0141787042739               
2657           0.0207062229142               
12225          0.0613054770852               
6137           0.0491618291468               
10106          0.0381616424825               
3219           0.0613054770852               
5580           0.0537270178606               
11093          0.0306768039612               
7524           0.0469703729209               
1434           0.0430900051776               
11060          0.0304152982633               
12058          0.0517196868845               
188            0.0494774396934               
9999           0.055233653116                
816            0.206727455132                
6804           0.0395382158446               
10636          0.103363727566                
8079           0.0613054770852               
5326           0.0327652345388               
11086          0.0234851864604               
7518           0.0363112198223               
11812          0.0772105430036               
10717          0.0177709546041               
199            0.110315965426                
4521           0.0364871222325               
9348           0.0491618291468               
11862          0.0112255131129               
4472           0.0342285932941               
5249           0.0613054770852               
11460          0.0494774396934               
10701          0.14748548744                 
660            0.011168071659                
11029          0.0108863821034               
6522           0.0613054770852               
1503           0.011082609612                
885            0.0613054770852               
6265           0.0185331560228               
692            0.0238427785733               
111            0.0430900051776               
6631           0.032116064241                
3868           0.0597489466816               
413            0.0273945679062               
4317           0.0613054770852               
4753           0.02926879789                 
8604           0.0841165009617               
1714           0.0524041572041               
8052           0.155045591349                
9519           0.070126980971                
5664           0.0254398771833               
11030          0.0346360988772               
2607           0.0719728530233               
6163           0.0339164121453               
9682           0.0613054770852               
10739          0.0983236582936               
5488           0.0491618291468               
6326           0.110467306232                
749            0.0334663918754               
6242           0.0140187036553               
4424           0.0403004172633               
8279           0.0376054186016               
1044           0.0456100398138               
8741           0.0224924509388               
4952           0.0142191652711               
5506           0.0456100398138               
569            0.0613054770852               
404            0.0430900051776               
8970           0.0176501279942               
8121           0.0461666168187               
9309           0.0107450258736               
7283           0.0442597121794               
11664          0.0182074757497               
419            0.077674117016                
8341           0.0279599118196               
3087           0.12261095417                 
9305           0.0472071384239               
6738           0.0342285932941               
8585           0.0403004172633               
11062          0.0206215866004               
8078           0.0790884396285               
9172           0.0613054770852               
2354           0.0442597121794               
9695           0.038837058508                
3738           0.0912200796276               
8343           0.0250124855751               
10564          0.0296992760742               
3427           0.024080525843                
7372           0.055233653116                
8720           0.037333791755                
11018          0.0540739515868               
6395           0.0121037399408               
5811           0.0613054770852               
1546           0.0613054770852               
6639           0.0293540514921               
7273           0.0491618291468               
1003           0.0417559780244               
1037           0.0233691610512               
9015           0.0359864265117               
9605           0.12261095417                 
2888           0.0224924509388               
1715           0.0442597121794               
10273          0.0292134452058               
3259           0.0154353434181               
8059           0.0371995414379               
8812           0.0381878882102               
7154           0.0313611357689               
1899           0.0827369740696               
6107           0.0613054770852               
3250           0.0370181812084               
2887           0.0203724762496               
2683           0.0534959960585               
7451           0.0740363624168               
7951           0.0199724163026               
12244          0.0613054770852               
3764           0.0430900051776               
330            0.0184670440838               
10998          0.0349515839218               
9164           0.0350634904855               
1388           0.051681863783                
9203           0.02487453327                 
1515           0.0134434560774               
11748          0.0613054770852               
