19
4753           0.179498960182                
4809           0.134552377576                
3746           0.193399927105                
7919           0.17588375033                 
7454           0.0850882498934               
5229           0.298586114772                
9309           0.0658968290631               
1164           0.189322985114                
5370           0.173415619485                
5787           0.100180627134                
11728          0.252935113085                
9517           0.21871928148                 
10893          0.240280073686                
8930           0.243070974787                
2607           0.441393333871                
3267           0.245936308624                
8743           0.228959755193                
5230           0.333794046235                
10784          0.238458951255                
