74
3497           0.107687967968                
4809           0.0378334936621               
3786           0.0697017808269               
11458          0.0322932113491               
1184           0.136360688692                
532            0.0535570318615               
349            0.178242097874                
7040           0.356484195748                
10279          0.058105996118                
6197           0.048761076236                
562            0.0630158637312               
5127           0.0658065587859               
1561           0.108678582966                
7919           0.0494550662968               
6529           0.138989393811                
8838           0.0711204006221               
11817          0.104021528968                
4771           0.154430334375                
8500           0.0758259086016               
5830           0.117741747395                
4401           0.178242097874                
11105          0.0680829444521               
8451           0.0653231716628               
9410           0.083080824377                
8938           0.07260893078                 
4982           0.040453425425                
10526          0.0862638762538               
4986           0.039828346906                
2891           0.187712698359                
1352           0.163626083664                
3267           0.0691524738639               
2835           0.0887620798708               
11150          0.0818130418319               
2434           0.122477734206                
313            0.0775726985872               
9763           0.0957650501776               
7476           0.0439066926616               
5229           0.0839565683222               
9405           0.052914219299                
2626           0.0571763519789               
12218          0.019302921028                
4921           0.037165291527                
4355           0.109702784462                
6996           0.102342705379                
10564          0.102427832228                
9310           0.0491637611885               
3441           0.0909209302522               
8218           0.0362356473879               
4570           0.10075228288                 
10285          0.0188361315598               
5230           0.0938563491797               
1393           0.0562744625966               
2146           0.0630158637312               
9874           0.339101840415                
2028           0.0768618175377               
6058           0.0658065587859               
1954           0.106728806434                
6648           0.048899977863                
1164           0.0532339159401               
2305           0.127669511025                
2769           0.129619287557                
11172          0.116705754769                
4146           0.0490395210703               
2944           0.0805963250245               
9217           0.173494526754                
8930           0.0683467981001               
8743           0.0643789994876               
10050          0.29290201694                 
9278           0.0116943878193               
1026           0.105799162295                
193            0.0857881018435               
8608           0.178242097874                
3731           0.223723269686                
6369           0.0882456390785               
