255
1186           0.0167630376266               
11772          0.0271508466137               
6046           0.0515508687053               
3086           0.0366073285945               
1767           0.080744274033                
7787           0.0626610018455               
5787           0.0108414247034               
5217           0.0418274614814               
5523           0.0330175313984               
3291           0.0524815589067               
5030           0.0733150992707               
11958          0.0477670456915               
7215           0.0652555856962               
6772           0.0202435046088               
8134           0.02854781502                 
6200           0.0293147360314               
7922           0.112730102813                
12243          0.0295820448215               
9853           0.054601488271                
6081           0.0733150992707               
7453           0.038417779361                
2659           0.0213881087064               
4924           0.0439473908458               
443            0.0477670456915               
2648           0.0299948960104               
7947           0.054601488271                
4952           0.056621975259                
285            0.050689184168                
3258           0.0209295031118               
4887           0.0259038577606               
7186           0.0262032928557               
4011           0.0335757547665               
10849          0.0251411305888               
7862           0.0587486977425               
11936          0.033767947907                
2592           0.0422216490704               
1533           0.0235885049681               
2768           0.0733150992707               
2944           0.0310193562383               
4428           0.0263914177649               
6930           0.0763906994761               
10212          0.0626610018455               
3942           0.0316480185426               
3262           0.0449169038554               
132            0.0262032928557               
8366           0.0686005860556               
3160           0.0407192499652               
8168           0.0587486977425               
4249           0.539002846265                
8554           0.0275981102269               
10294          0.0498869750559               
5747           0.0454337631803               
3027           0.0587486977425               
8136           0.018194443502                
11041          0.0319635954363               
9201           0.0264072879173               
2460           0.0271508466137               
9405           0.020365258813                
4621           0.0534932767548               
4623           0.0471383833872               
2450           0.0587486977425               
5370           0.0187668258306               
11731          0.0384824611221               
6004           0.0652555856962               
3908           0.0459746709529               
12218          0.0148583495246               
2317           0.153586641706                
8935           0.0471383833872               
10920          0.0605410724811               
10137          0.0266149259397               
11086          0.0311733640562               
10383          0.0326597363908               
420            0.0368573902809               
10591          0.0366073285945               
2160           0.0260028151261               
3633           0.075283116792                
9540           0.0626610018455               
10285          0.0072495200597               
7630           0.0733150992707               
11042          0.0997739501118               
480            0.0284247723875               
6042           0.0150156432933               
8753           0.0299948960104               
670            0.0524815589067               
2288           0.054601488271                
6003           0.0955340913831               
9243           0.0169440128017               
959            0.048431650591                
8218           0.0139461253911               
505            0.0733150992707               
9130           0.0311733640562               
12246          0.0605410724811               
6680           0.0302785056868               
6841           0.0686005860556               
8700           0.152067552504                
8842           0.0228835970118               
9773           0.0491365585473               
2645           0.050689184168                
2059           0.0329934983769               
10653          0.0387768419157               
3700           0.0626610018455               
9742           0.054601488271                
8055           0.0686005860556               
220            0.0352103601881               
6008           0.0356576238014               
592            0.0652555856962               
6759           0.0157737882304               
5171           0.0524815589067               
10610          0.0335757547665               
4041           0.020304222346                
502            0.0324848846707               
247            0.0722455652796               
8057           0.0188202853283               
1452           0.0626610018455               
8291           0.0477860180542               
2078           0.0291833513536               
9278           0.0157529929033               
11335          0.0524815589067               
11067          0.101378368336                
2532           0.055826559266                
3348           0.0145983011923               
4159           0.0587486977425               
1522           0.0227325894313               
2047           0.0491365585473               
12058          0.0228835970118               
579            0.0209939211174               
4174           0.166933434283                
2042           0.054601488271                
7839           0.048431650591                
11835          0.0208017279769               
9424           0.0649697693415               
6538           0.0328372577056               
2984           0.0733150992707               
960            0.0153686106403               
5284           0.0733150992707               
11862          0.0149003290893               
3204           0.0686005860556               
10586          0.032472845871                
6235           0.0356886883723               
10736          0.0587486977425               
5157           0.050689184168                
1794           0.0199445827409               
660            0.0148240834373               
381            0.0733150992707               
7958           0.233706807996                
2654           0.0686005860556               
12020          0.0217961302295               
5127           0.0253271732821               
10830          0.0390788698127               
626            0.0444220453322               
279            0.0326597363908               
4029           0.0127422144024               
7919           0.0095169619631               
10944          0.0226578147668               
11064          0.018873991753                
268            0.125322003691                
3138           0.0422216490704               
11122          0.0371129482663               
4781           0.0422216490704               
3161           0.0477670456915               
7961           0.107663631814                
2626           0.0220056389655               
668            0.034162135496                
4469           0.048431650591                
8617           0.054601488271                
1612           0.0217271245654               
8141           0.0379151573784               
7952           0.0733150992707               
4982           0.0311388692707               
5779           0.0605410724811               
8422           0.0280632690653               
1566           0.0279452231756               
12129          0.0142676413668               
5650           0.0332006441633               
9534           0.0427762174127               
8717           0.0605410724811               
12248          0.0498869750559               
8741           0.029855643804                
6153           0.0390788698127               
3507           0.0352103601881               
5426           0.0410770449728               
373            0.0713152476028               
503            0.0652555856962               
7625           0.0652555856962               
10213          0.0316480185426               
8081           0.0733150992707               
9013           0.0733150992707               
197            0.0379151573784               
9247           0.050689184168                
8602           0.0502822611777               
3179           0.0328372577056               
319            0.0316480185426               
7377           0.0397075321171               
2403           0.0587486977425               
10097          0.0358878772713               
8997           0.0536811527843               
11043          0.0524815589067               
3702           0.020612660067                
10375          0.0439473908458               
7046           0.0652555856962               
10426          0.0477670456915               
3427           0.0159817977181               
11977          0.0361227826398               
11262          0.0208654400282               
7802           0.0202435046088               
11807          0.0379151573784               
3289           0.0599897920209               
3290           0.0314876377893               
6639           0.0194817387383               
1207           0.0587486977425               
2738           0.0299948960104               
9781           0.0366073285945               
2028           0.0295820448215               
10598          0.101378368336                
7724           0.0418274614814               
11059          0.055826559266                
10297          0.0626610018455               
1307           0.0384824611221               
4556           0.0477670456915               
7051           0.0733150992707               
8117           0.0686005860556               
9310           0.00473045210763              
5290           0.0573443472829               
2206           0.0246886446893               
2353           0.0227312878634               
5271           0.0942767667744               
2362           0.0403662045794               
366            0.0499160356478               
7870           0.050689184168                
1739           0.0403662045794               
8721           0.0236695326149               
210            0.0193688502762               
5342           0.048431650591                
5957           0.0352103601881               
10156          0.0343643565976               
6454           0.0733150992707               
5999           0.0201831022897               
3779           0.050689184168                
3919           0.0379151573784               
9237           0.0398891654819               
620            0.0459746709529               
6491           0.0297180395913               
2750           0.0284247723875               
11124          0.0343643565976               
11292          0.0110318194647               
9027           0.0686005860556               
1906           0.0444220453322               
3468           0.0324848846707               
6150           0.0814384999305               
10731          0.0571960721218               
3662           0.0454337631803               
6063           0.0344417384417               
10571          0.0652555856962               
1515           0.0178443441861               
8399           0.0430525324764               
