108
3497           0.211817522484                
8628           0.0627885549084               
4809           0.0248056090377               
7454           0.0156865742441               
8608           0.116864803272                
5830           0.0771976222812               
6753           0.0410273103828               
9934           0.0676439254545               
4925           0.0765183715544               
3786           0.0457001179924               
7518           0.0273693919587               
11458          0.0211731113825               
1184           0.0894051699802               
2638           0.0326167716314               
10820          0.0878196889582               
532            0.0702295593127               
226            0.0792867674979               
1076           0.124896231152                
349            0.116864803272                
6197           0.0319703013464               
10279          0.03809731756                 
7040           0.350594409816                
562            0.0413164825022               
9410           0.0544721158038               
1554           0.0764430113365               
4887           0.0882572413807               
12102          0.233729606544                
2852           0.037487794441                
1561           0.0712553396182               
7919           0.0972759521323               
6529           0.0911286859746               
2715           0.0825059324402               
11817          0.0682019324498               
7237           0.0115562024809               
4771           0.101252570864                
2944           0.0528431486209               
4428           0.0224796027447               
8911           0.0198980291489               
3598           0.0974365978599               
9874           0.222332829012                
11105          0.0446387245465               
8451           0.085658547521                
9257           0.0588921295198               
5127           0.043146207536                
8938           0.0476061969233               
4982           0.0265233727631               
10526          0.0565590904065               
4986           0.0261135387282               
2891           0.123074222235                
1352           0.107281783067                
3267           0.0453399637363               
2835           0.0581970428191               
1491           0.0930165841439               
8500           0.149146245427                
11150          0.0536408915336               
11616          0.0849851562642               
6684           0.103134986626                
2434           0.0803027819128               
313            0.10172140328                 
9763           0.0627885549084               
7476           0.02878751463                 
5229           0.165138897445                
9405           0.0346933182589               
2626           0.037487794441                
2073           0.0665729652668               
12218          0.0126560004366               
4921           0.048735001828                
4355           0.0719268594651               
2020           0.0632239117385               
6996           0.0671012082619               
10564          0.100735532787                
9310           0.0644686451511               
3441           0.0596124975749               
1954           0.0699769645679               
194            0.0641244276432               
3746           0.0356545388951               
10285          0.0246998978961               
5230           0.0615371111177               
1393           0.0368964687863               
11045          0.0518271342059               
2146           0.0413164825022               
4401           0.116864803272                
2028           0.0503946109972               
8838           0.0466302390203               
6058           0.043146207536                
8218           0.023757977795                
6648           0.032061372488                
8675           0.0371308849942               
1164           0.069805856057                
9806           0.124896231152                
2305           0.0837067812139               
2769           0.0849851562642               
11172          0.153036743109                
4146           0.128611457132                
9217           0.170628072546                
9563           0.100081579458                
1678           0.0400472124571               
8930           0.0896234414824               
5688           0.0837067812139               
6329           0.0286333664716               
8743           0.0844204506086               
10050          0.192041818381                
9278           0.013418037093                
1026           0.138734882898                
193            0.0562471479219               
4570           0.198175333298                
3731           0.146684628442                
6369           0.231433749345                
