291
1664           0.031838837438                
6933           0.0172345598477               
6753           0.0511277848667               
3265           0.0448172322601               
1798           0.0341188660008               
8336           0.0362622586927               
680            0.0432224729097               
8089           0.0342990475649               
9235           0.0421485595316               
9586           0.0678825541345               
684            0.0665130977872               
11628          0.0547199672879               
9595           0.0252984581614               
11105          0.0556282896451               
12107          0.0356398301063               
10445          0.0538053105445               
6798           0.0687527972177               
1099           0.0424962506347               
11817          0.0424962506347               
619            0.064262845398                
12152          0.0358438383534               
5485           0.0494031506524               
4428           0.0140069173716               
8911           0.0371950590022               
170            0.0448172322601               
8319           0.0276013426899               
830            0.0728178189654               
2891           0.0766868739186               
2835           0.0362622586927               
11204          0.0344818985825               
11568          0.0607122105622               
9633           0.0189413283357               
10425          0.0449839263431               
926            0.0424962506347               
3504           0.0309774029329               
1579           0.0557078718306               
9310           0.0451913172326               
5317           0.0268841656464               
2475           0.0482268116413               
10285          0.0307807422441               
5230           0.153373747837                
7237           0.0144012129678               
10844          0.0411606549889               
7079           0.0360512754706               
9278           0.00358315947225              
6648           0.0199772656287               
1164           0.0652434699768               
10107          0.0424962506347               
2522           0.0278141448226               
1803           0.0439941127813               
11172          0.0476781782998               
10783          0.0521572369948               
11927          0.0279219378042               
10432          0.0728178189654               
2605           0.0369177517315               
2329           0.0692671841296               
10614          0.0305682311649               
4041           0.0215524279316               
10050          0.0598301027045               
247            0.0383434369593               
1026           0.345779783277                
2079           0.0322932035175               
7141           0.0896344645202               
6369           0.108153826412                
3497           0.0439941127813               
4024           0.0692671841296               
7351           0.064262845398                
11878          0.0341188660008               
1353           0.0554145702505               
8130           0.0623602841119               
3740           0.0202068949117               
10585          0.073835503463                
5330           0.0529537854882               
11458          0.0131928497582               
6152           0.0692671841296               
1184           0.0557078718306               
2084           0.0280306805159               
8109           0.077822157697                
3720           0.064262845398                
11870          0.0623602841119               
11259          0.0514089946997               
6197           0.0199205196991               
6962           0.0254747785593               
3350           0.0402459982454               
10441          0.0314006061507               
9250           0.0623602841119               
9810           0.0728178189654               
10944          0.0721521235621               
12132          0.0505969163228               
2644           0.0388577704604               
255            0.145635637931                
10100          0.0733907268192               
2376           0.0623602841119               
11040          0.04664906431                 
1566           0.0296631606106               
8279           0.0264923162925               
1614           0.0471528982632               
236            0.0452644343149               
230            0.0238934800215               
6994           0.0567817852087               
9763           0.0391232047324               
5229           0.13719619026                 
9890           0.0645864070351               
69             0.0268841656464               
2808           0.0579581242198               
4852           0.0205000730182               
7130           0.0665130977872               
2436           0.0289369383356               
8480           0.0421485595316               
7186           0.0278141448226               
2712           0.0428540211323               
10564          0.104612931417                
2837           0.0299150513522               
2169           0.0665130977872               
9889           0.0411606549889               
8131           0.0202649760445               
7802           0.0214879775609               
938            0.024050707854                
964            0.0439941127813               
2453           0.0388577704604               
6397           0.0521572369948               
1603           0.0988063013048               
5987           0.031838837438                
6156           0.0863771312645               
2108           0.0290550465856               
643            0.0547199672879               
1426           0.0623602841119               
3176           0.0547199672879               
8066           0.0535700616656               
1020           0.0665130977872               
3232           0.0547199672879               
6965           0.0863771312645               
872            0.0665130977872               
1678           0.0249531987829               
7753           0.107610621089                
194            0.0799111594363               
11849          0.0728178189654               
5498           0.0369177517315               
8849           0.10514186958                 
10660          0.0514089946997               
10728          0.0239718435733               
5683           0.0282959456524               
775            0.0665130977872               
7454           0.00977421851157              
7004           0.0254747785593               
8958           0.0307031201353               
4802           0.0235089561508               
5787           0.0345237094944               
5523           0.0700945797198               
10714          0.0592585066664               
2638           0.0203233317936               
10820          0.164159901864                
7769           0.0488009718128               
4914           0.0461649937205               
7358           0.0538053105445               
2430           0.026019376518                
11625          0.0728178189654               
7453           0.0135931730005               
2109           0.0405434154788               
8026           0.0471528982632               
10464          0.0393944731892               
8189           0.0500362236706               
11910          0.0521572369948               
12156          0.0385979246957               
5942           0.0728178189654               
9286           0.155644315394                
1041           0.0579581242198               
4011           0.0712796602125               
9700           0.0432224729097               
2548           0.0102822004123               
5827           0.0183790596941               
4633           0.0269841031798               
4014           0.0574081187803               
12138          0.0185298829714               
4772           0.031838837438                
3945           0.0421485595316               
3942           0.0335935859641               
471            0.0341188660008               
5824           0.045250336977                
8938           0.0296631606106               
6145           0.0141479728262               
5037           0.04664906431                 
3267           0.0565021662435               
9598           0.0366953634096               
8918           0.0346674993423               
10692          0.0222267389113               
9130           0.033089752011                
5032           0.0557078718306               
2028           0.0628012123014               
7476           0.0717493709003               
9405           0.021617216626                
2626           0.0700753182974               
5370           0.0199205196991               
4877           0.0728178189654               
3688           0.0354391392138               
3935           0.0476781782998               
4921           0.0455497691481               
4355           0.0448172322601               
5345           0.064262845398                
11148          0.0369177517315               
11086          0.033089752011                
7704           0.0327649380561               
7244           0.0428540211323               
10802          0.077822157697                
2561           0.0481014157081               
3711           0.0494031506524               
8753           0.031838837438                
627            0.0329262765358               
8218           0.014803465865                
250            0.0728178189654               
6772           0.0214879775609               
1430           0.0315449612225               
4704           0.0728178189654               
4121           0.0273921475472               
2985           0.0665130977872               
1815           0.0692671841296               
4146           0.0601028209953               
6915           0.0547199672879               
9217           0.106317417642                
8243           0.077822157697                
7117           0.0665130977872               
6008           0.0378496824007               
5542           0.0567817852087               
6547           0.0402459982454               
8795           0.0280306805159               
11435          0.0514089946997               
5512           0.0728178189654               
8057           0.0599317968861               
11310          0.0471528982632               
4570           0.0823213099778               
3731           0.0456991943674               
7520           0.0232838638706               
1602           0.0220805178072               
10613          0.0294163080232               
11916          0.0592585066664               
441            0.023433468344                
7518           0.0170537182543               
9718           0.0482268116413               
5567           0.0500362236706               
532            0.0437596538296               
216            0.0529537854882               
1875           0.0597615590973               
10393          0.0585894176666               
10851          0.0529537854882               
6421           0.0203819647682               
915            0.0494031506524               
4701           0.0547199672879               
4986           0.0488136089502               
7452           0.0794769488775               
4029           0.0135255442398               
6799           0.0424962506347               
1959           0.0793436761477               
5957           0.0373749231794               
4771           0.0315449612225               
10861          0.0592585066664               
8500           0.123909611731                
6163           0.0238934800215               
5673           0.0592585066664               
1018           0.0728178189654               
11591          0.0313099818426               
8550           0.0373749231794               
1486           0.0665130977872               
6809           0.0279219378042               
9261           0.0263962674191               
1521           0.0383434369593               
8023           0.0665130977872               
3968           0.0414812501032               
2811           0.0350472898599               
6873           0.0461649937205               
2232           0.0414812501032               
1393           0.114949938275                
7919           0.0707141319372               
9983           0.0607122105622               
6529           0.0567817852087               
4327           0.0352416595138               
8675           0.0231360511106               
8291           0.00845394529849              
2769           0.0529537854882               
1739           0.0428477239977               
8767           0.0456991943674               
6030           0.0728178189654               
3098           0.0203819647682               
8930           0.111687751217                
2160           0.0276013426899               
3080           0.0872045268547               
2813           0.0456991943674               
8177           0.0547199672879               
3528           0.0315449612225               
10014          0.0547199672879               
8931           0.0766868739186               
11992          0.027186439153                
