165
1648           0.0937925826152               
4809           0.0398166440168               
7007           0.0746526362824               
1759           0.0731374594281               
7454           0.0251792544811               
9135           0.0600860652019               
10081          0.0390313472916               
5787           0.014822690018                
11728          0.0374241895183               
3504           0.119700809434                
607            0.111257578643                
85             0.0337549849035               
2638           0.0523547066734               
7769           0.125715635142                
226            0.127266901285                
7453           0.0350172202289               
2142           0.0534296911465               
3713           0.0607350256946               
1876           0.0430507527489               
10464          0.101483659733                
6214           0.0380476939215               
4952           0.0258050336383               
1393           0.148060622187                
12156          0.0497158400544               
2399           0.0406313100775               
6798           0.0590377694607               
2851           0.111257578643                
1099           0.0547370568786               
2151           0.0487520707701               
2548           0.0132439304739               
8689           0.0561616504424               
4428           0.0541245936815               
4014           0.036972102433                
2105           0.0526142650021               
832            0.0439466136665               
471            0.087893227333                
8938           0.114622402115                
6264           0.0316018835336               
7555           0.0351492689739               
2306           0.0682068258945               
3267           0.181943244477                
11150          0.215253763744                
1905           0.082773396975                
6422           0.0400799025075               
11586          0.0393732384143               
11672          0.0500505329318               
7209           0.0956868098373               
4207           0.0484433751585               
11072          0.0731374594281               
9405           0.0278439344258               
2626           0.0300867066792               
11588          0.0717542113348               
848            0.0503924240545               
3935           0.0614116096947               
7836           0.149305272565                
4921           0.0195567080815               
2222           0.0375777880511               
11148          0.0475517027073               
3480           0.0803228135993               
9310           0.0452732173201               
2160           0.0355517543825               
2686           0.0350173402128               
10285          0.0495587026449               
11045          0.0415950793619               
726            0.0597903406647               
9968           0.089219207363                
10692          0.028629026181                
10138          0.0628578175711               
1518           0.0937925826152               
8336           0.0467073985814               
10266          0.128897753573                
1093           0.0472652566788               
2522           0.035825852974                
576            0.0534296911465               
2059           0.0225548031016               
11869          0.0382074673717               
9217           0.136941552483                
10614          0.0393732384143               
6759           0.0215663512635               
10793          0.0514645599785               
10466          0.0432700296665               
9278           0.010768959664                
1026           0.0556724633999               
4570           0.106033500821                
11626          0.33377273593                 
6369           0.0464356428275               
1123           0.0820196713717               
7520           0.0299906500457               
3497           0.0566663698013               
579            0.0287034585859               
10613          0.0378895102833               
6235           0.0243972715471               
10393          0.0754657702598               
2226           0.0571876402543               
123            0.089219207363                
1503           0.020112792023                
423            0.0588625905588               
3868           0.0271081942852               
6182           0.0582844423189               
4059           0.100238393003                
4701           0.0704817464388               
1554           0.0306755637941               
3532           0.0428344592834               
7919           0.117106637602                
6529           0.0731374594281               
12132          0.0325855369037               
6138           0.0794452884522               
4770           0.0731374594281               
1403           0.0600860652019               
8500           0.0798005396224               
2396           0.326542004734                
3321           0.0565357764058               
11105          0.035825852974                
8451           0.0343736359028               
9257           0.0472652566788               
6242           0.0254412345938               
4982           0.042573906967                
8930           0.179823475592                
7057           0.0662170667983               
9595           0.0325855369037               
5426           0.0561616504424               
6620           0.0295188847303               
141            0.0662170667983               
11664          0.0330430454412               
12218          0.010157369313                
5229           0.0883573910358               
1913           0.0472652566788               
11119          0.0497158400544               
4110           0.0636334506423               
6443           0.0682068258945               
1951           0.0229188798796               
7198           0.0787586256307               
9914           0.136413651789                
9644           0.0522217185275               
3441           0.0478434049186               
697            0.0694989421481               
8131           0.026102188542                
6612           0.0393732384143               
2067           0.0803228135993               
4676           0.111257578643                
3438           0.0503924240545               
10717          0.0322508440263               
9665           0.089219207363                
10944          0.0619567582606               
9875           0.0484433751585               
2028           0.0808907486766               
8158           0.0588625905588               
1052           0.100238393003                
664            0.0441786955179               
8248           0.089219207363                
8675           0.0298002606506               
4654           0.0300867066792               
11511          0.100238393003                
8721           0.0323616272236               
10769          0.0514645599785               
10137          0.0363886488954               
7753           0.0693036279591               
1394           0.082773396975                
2644           0.0500505329318               
6681           0.0561616504424               
6145           0.018223216913                
5277           0.0300867066792               
6063           0.0235448396577               
1515           0.0487945430943               
10351          0.0653084009468               
