157
7520           0.0555950992252               
6612           0.10948207657                 
5683           0.0168906234266               
7454           0.0233379928272               
10081          0.0361771355784               
9934           0.0503192546216               
11090          0.0499155358188               
3504           0.0369825171493               
1798           0.122198902509                
2657           0.0348298695124               
2638           0.0485262091349               
10893          0.0329519918627               
12292          0.0540223261095               
226            0.0589801821086               
9586           0.0405209521253               
6383           0.0323353824595               
4952           0.0239180111709               
11105          0.0664120933652               
4887           0.032826588429                
4333           0.0378344778022               
4011           0.0850975552057               
9085           0.0418413706627               
2548           0.0368263589338               
7393           0.0297904928931               
12152          0.0427923338013               
5827           0.0219419262421               
4428           0.0334444474268               
8911           0.0296036632552               
6880           0.0545581966011               
10599          0.141492089817                
3146           0.0724815560929               
11177          0.032826588429                
4982           0.0394606415438               
9757           0.0477011554306               
3160           0.051601351123                
3267           0.0337276875115               
11230          0.021186129063                
11150          0.0399026174349               
10784          0.0327022432647               
1196           0.0446202265707               
3444           0.0929083463797               
2632           0.0355630961262               
10600          0.0653276884774               
2923           0.0395043549605               
4092           0.0707460449084               
7828           0.0303075569819               
3642           0.0260423262988               
12218          0.00941460011643              
3718           0.0332060466826               
4921           0.0181266015351               
236            0.0270195781411               
6720           0.0744491163963               
2160           0.0329519918627               
2475           0.057575804287                
5230           0.183105965078                
11045          0.0385533918219               
1975           0.0457764912696               
11204          0.0411663756459               
389            0.0665071029289               
6066           0.0491398401701               
4297           0.0229926515392               
1430           0.0753201985276               
11119          0.0460803126422               
11927          0.100004207511                
4146           0.0239180111709               
2144           0.103121741523                
2626           0.0278865819954               
115            0.0403119441596               
9217           0.0846183636875               
2605           0.0440744303027               
11153          0.0794069723954               
10614          0.182470127617                
9399           0.173867786431                
10050          0.0357142237539               
9278           0.00570369555806              
2801           0.0767204980723               
5049           0.0397021406754               
11590          0.103121741523                
6078           0.103121741523                
5934           0.103121741523                
4139           0.0540223261095               
3405           0.0767204980723               
8262           0.0613748683914               
9441           0.0361771355784               
10613          0.0702375934029               
11992          0.0649133146754               
6151           0.0665071029289               
7518           0.0610789835254               
8328           0.0487667869652               
5293           0.0420734197817               
10393          0.0349736249407               
11029          0.0183119475578               
4274           0.103121741523                
1875           0.0475644109348               
6197           0.0237822054674               
11056          0.0463905307218               
11162          0.0491398401701               
562            0.0922040488838               
10718          0.0316279755193               
10816          0.0341314063143               
1554           0.0284323782634               
7919           0.0482413695048               
10944          0.0287130498833               
881            0.0477011554306               
12132          0.0604053648289               
11064          0.0239180111709               
10861          0.0707460449084               
8500           0.184912585747                
1796           0.0927810614436               
2396           0.060532649765                
3321           0.0524015333824               
1612           0.0275336354317               
2742           0.158813944791                
9257           0.0876178619323               
5610           0.0329519918627               
6242           0.0235808153458               
9911           0.0869338932157               
8422           0.0355630961262               
5292           0.0852971347901               
2073           0.0495225841444               
3868           0.0251258767117               
4695           0.057575804287                
230            0.0285253427012               
9309           0.0451854317704               
11664          0.0306267351193               
10422          0.0632191240881               
4358           0.0407329675029               
5229           0.0818961562093               
11360          0.0642357212529               
8997           0.0226757615942               
11890          0.0197303207719               
969            0.317627889582                
4969           0.111447042001                
3070           0.0898017963812               
7932           0.108044652219                
10543          0.0361771355784               
2852           0.0557731639908               
6397           0.0622681609495               
3746           0.0265228519637               
1026           0.206405404492                
10717          0.0298924643348               
5031           0.0345464989614               
5568           0.103121741523                
627            0.039309189001                
8675           0.0276210826588               
8451           0.0955800739149               
210            0.0245451191956               
8930           0.100004207511                
2813           0.0545581966011               
8605           0.412486966092                
10943          0.0344068314273               
194            0.0477011554306               
3391           0.0337276875115               
8849           0.0836827413254               
1055           0.173867786431                
10304          0.0826949512363               
6063           0.0218230964487               
