289
4328           0.0538344254234               
3297           0.0238974930893               
1326           0.0332648788713               
10921          0.0485025501947               
9963           0.0254585688454               
7227           0.043170674966                
9235           0.026269030374                
3772           0.0205212554838               
12243          0.0195703835648               
5505           0.034104142555                
4952           0.0124863328493               
12107          0.0666374217761               
2852           0.0291162289654               
11817          0.0264857283644               
912            0.100602252083                
10711          0.0353891676706               
6999           0.0304151369603               
7569           0.107668850847                
3243           0.0325069245086               
10599          0.110798342494                
9326           0.0538344254234               
9173           0.0226004016653               
11177          0.0342740628811               
2880           0.00973201659986              
2882           0.105942913458                
6181           0.0186445136286               
1352           0.020831053188                
8601           0.0453836031274               
11230          0.0331804836169               
5463           0.0388659592563               
10784          0.0170721173849               
9972           0.0255532832804               
3540           0.0453836031274               
8279           0.0165112988225               
5049           0.0621791845184               
9633           0.0118051562119               
10600          0.06820828511                 
9505           0.0184102131821               
7821           0.0199367513749               
7443           0.0361223193028               
5114           0.0538344254234               
1003           0.0183336725511               
12111          0.0252686266035               
9310           0.0219064415316               
8908           0.0615808881482               
4459           0.0414541945315               
4304           0.0538344254234               
3859           0.018968446542                
7237           0.0134633035534               
3730           0.0213768330946               
4524           0.0181085168689               
10047          0.16150327627                 
11041          0.0211459291125               
4724           0.0300572924419               
6066           0.128266601295                
6648           0.0124508026709               
11927          0.0174023084165               
5591           0.0363656777917               
6714           0.0162165397741               
6102           0.0172685264366               
9879           0.0271750492799               
11172          0.0297153574845               
4409           0.0414541945315               
10455          0.0187242269839               
1164           0.0271086005244               
9517           0.0156588848022               
6759           0.0208707063897               
10050          0.0932225681431               
9278           0.00967719607937              
2353           0.00751908843848              
10431          0.034104142555                
11831          0.0564044175979               
11882          0.020831053188                
6155           0.0414541945315               
7936           0.0249022587935               
1353           0.0518055793099               
3740           0.0125939187982               
10585          0.0230089367787               
898            0.0485025501947               
11798          0.0414541945315               
3720           0.0400517278987               
1296           0.0400517278987               
6197           0.0124154358502               
2142           0.0258531307125               
6962           0.0158771198632               
562            0.0320899157317               
11007          0.0297153574845               
4504           0.0378387997373               
11988          0.043170674966                
7919           0.00629606902136              
5044           0.043170674966                
11122          0.0245525499395               
6138           0.0192206747108               
4911           0.0160449578659               
7305           0.0538344254234               
8009           0.0414541945315               
6242           0.024620601367                
4982           0.0309004813094               
4986           0.0405640173846               
9058           0.0320405835519               
12129          0.00943894229755              
8213           0.025653320259                
236            0.0141054974725               
7183           0.013846182919                
9740           0.0304151369603               
230            0.0148915777764               
4275           0.0180349060684               
313            0.0197513865029               
9763           0.0243834822558               
4358           0.0212645351884               
5229           0.0213768330946               
12145          0.0703211762928               
11890          0.0103001604365               
9695           0.034104142555                
7436           0.0214907947338               
9467           0.0330033722355               
5015           0.0408414030071               
10564          0.052159889751                
3427           0.0105729645562               
10923          0.0144654354104               
7932           0.028202208799                
2530           0.0538344254234               
9914           0.0330033722355               
6612           0.0190516070271               
6397           0.0325069245086               
4040           0.0485025501947               
5198           0.0307904440741               
5331           0.0209371551453               
2028           0.0391407671296               
3878           0.0224689066693               
8949           0.03471985267                 
9883           0.165816778126                
8991           0.0538344254234               
1129           0.0534174166465               
6391           0.0414541945315               
6421           0.0381090925191               
9301           0.0230089367787               
6269           0.034104142555                
3070           0.375046273561                
6337           0.0801034557974               
10943          0.0179619930111               
5277           0.0145581144827               
6981           0.109215870256                
3684           0.0485025501947               
466            0.0335340840277               
4809           0.0288992378641               
5683           0.00881770414062              
7004           0.0158771198632               
10081          0.0188861754909               
11728          0.0362170337378               
11090          0.0260582700682               
3504           0.0193066227552               
1413           0.0414541945315               
3930           0.0538344254234               
9777           0.0453836031274               
2522           0.034670253185                
10893          0.017202497963                
4969           0.0775741679382               
5338           0.0353891676706               
113            0.0316009056027               
8026           0.0293879774413               
2385           0.0271750492799               
9410           0.0423077062714               
6322           0.123161776296                
12156          0.0240561022126               
4992           0.0400517278987               
2715           0.0961217506558               
4658           0.0453836031274               
1279           0.0485025501947               
579            0.0138887994821               
2592           0.0558645537881               
447            0.0235897612559               
8689           0.0271750492799               
10601          0.0453836031274               
10979          0.0453836031274               
6145           0.00881770414062              
8938           0.0184875230786               
2538           0.0193066227552               
7702           0.0538344254234               
5037           0.0290739636395               
3267           0.0704297910887               
8867           0.0284819585354               
11150          0.0416621063759               
5032           0.03471985267                 
6422           0.0193935419846               
7476           0.0223588471877               
11072          0.0353891676706               
2626           0.0291162289654               
4784           0.0434478233261               
11588          0.03471985267                 
3935           0.0297153574845               
941            0.027419268838                
12218          0.00982973290353              
4921           0.0283888294779               
4355           0.027932276894                
10605          0.0234403920976               
10364          0.0538344254234               
7704           0.0204207015036               
7903           0.043170674966                
5984           0.0173351265925               
9421           0.0538344254234               
5820           0.0801034557974               
10692          0.0277055674531               
389            0.10415955801                 
7842           0.0311850059412               
1430           0.01966035266                 
614            0.0132337426319               
5334           0.0206231413435               
4146           0.0124863328493               
9217           0.0662621808278               
2434           0.0311850059412               
5542           0.0707783353413               
1073           0.0453836031274               
9743           0.0485025501947               
11262          0.0138038011592               
193            0.0218431740512               
10868          0.0485025501947               
825            0.0378387997373               
3731           0.0284819585354               
7520           0.0290232707375               
6394           0.0263112956999               
3874           0.0414541945315               
10173          0.0538344254234               
10075          0.0345370528733               
11919          0.0460178735574               
214            0.0204207015036               
7518           0.0106287058868               
2887           0.0178897645936               
11180          0.0538344254234               
11862          0.0394300201056               
4164           0.0254585688454               
1643           0.0243834822558               
10643          0.0400517278987               
6235           0.0236103124237               
1875           0.0124154358502               
10393          0.0182578860272               
10998          0.00613843502254              
9429           0.043170674966                
1503           0.0194640331997               
3868           0.0131168957783               
4753           0.0128509636672               
10378          0.0388659592563               
3350           0.0250832617316               
11064          0.0124863328493               
8597           0.0538344254234               
4076           0.0227341836452               
7800           0.0210447410942               
1403           0.0290739636395               
8500           0.0193066227552               
4469           0.0320405835519               
2396           0.0316009056027               
3220           0.107668850847                
9257           0.0228703335703               
6407           0.538344254234                
2930           0.0353891676706               
8874           0.0201266936167               
937            0.043170674966                
10465          0.0311850059412               
4654           0.0582324579308               
6139           0.0487669645115               
8188           0.0175384583416               
2514           0.0453836031274               
10172          0.0485025501947               
8698           0.0400517278987               
7198           0.0381090925191               
3702           0.0136365713133               
9416           0.0916683627556               
11057          0.0650138490173               
3968           0.0258531307125               
1090           0.107668850847                
1648           0.0453836031274               
3965           0.0258531307125               
11006          0.0538344254234               
4031           0.0538344254234               
6374           0.0538344254234               
10595          0.0180349060684               
3812           0.0200311362394               
8675           0.057678045097                
1888           0.0414541945315               
2548           0.0128167338549               
938            0.0449687094047               
8930           0.0174023084165               
12076          0.0485025501947               
10118          0.0615808881482               
6329           0.0222391225375               
198            0.16150327627                 
3077           0.018968446542                
5936           0.0320405835519               
10689          0.0538344254234               
