132
4809           0.0811902904275               
5683           0.0495453868678               
4387           0.033442196481                
2638           0.0355855693436               
2765           0.0750361582512               
3849           0.067138255117                
3772           0.0576529630471               
6192           0.0412964963346               
6557           0.11646252089                 
5996           0.0415649577817               
10031          0.121284846851                
6214           0.0517221444427               
4952           0.0701588737514               
4011           0.0624043172901               
2548           0.0720153485645               
579            0.0390195640778               
8112           0.0865034956466               
4423           0.0453972998797               
8911           0.0217091594496               
1075           0.0685036060566               
4507           0.0887804279034               
471            0.119482305788                
6264           0.0859193825599               
10526          0.0617071320366               
6181           0.0523803943725               
3267           0.0989336677342               
11150          0.0585233169883               
10784          0.0959257247688               
7476           0.0628155422413               
8690           0.0506677466171               
3642           0.0763901425554               
12218          0.0276159140603               
4921           0.02658544516                 
4677           0.0436923332577               
5345           0.112522393688                
8              0.134276510234                
9047           0.134276510234                
1944           0.0975428810661               
26             0.0506677466171               
5230           0.067138255117                
5984           0.0487017674744               
7237           0.0126080548185               
2561           0.0421120976026               
10138          0.085449097821                
7785           0.0627615298622               
2233           0.0685036060566               
11119          0.135167711646                
11927          0.0488905098843               
960            0.028564291745                
648            0.151243872094                
9217           0.0620529133106               
1164           0.0380798130388               
9517           0.0879849780704               
10614          0.10704818687                 
7671           0.081681169686                
1332           0.192757577221                
5737           0.0704695851994               
1175           0.0744097124015               
9278           0.0146393547106               
1026           0.151362613429                
8057           0.0349796174439               
7624           0.0396283611976               
11954          0.071523983025                
7509           0.302487744188                
11882          0.0585233169883               
7393           0.0436923332577               
10613          0.0515071091504               
11029          0.0537145671383               
3740           0.0353816917129               
10585          0.0646419212948               
6848           0.0423909513887               
10329          0.136264359472                
9410           0.17829059934                 
4359           0.0487017674744               
11862          0.0276939378038               
6197           0.0697605139071               
6235           0.033165721044                
1875           0.0697605139071               
1763           0.151243872094                
1503           0.0273413872679               
10240          0.0958130886303               
562            0.0450771330079               
5127           0.047073400689                
3868           0.0368509572036               
11476          0.136264359472                
6133           0.0907945997594               
7919           0.0707533776219               
10944          0.0842241952052               
12132          0.0442968724977               
11064          0.0350794368757               
1913           0.0642525257405               
8500           0.0542405414303               
2730           0.0579392039016               
12108          0.0504629027273               
8451           0.046727619415                
5792           0.0974035349487               
6383           0.0474248046685               
4982           0.0289375457311               
12129          0.0265180164982               
11591          0.027411438767                
8859           0.0259860297937               
230            0.0418367961908               
313            0.166470217733                
3935           0.0834831186783               
9309           0.026508550233                
4358           0.0597411528939               
5229           0.180169936889                
9890           0.0565444704033               
4772           0.0557488884685               
7632           0.151243872094                
7198           0.0356882339955               
11321          0.136264359472                
9416           0.0515071091504               
9752           0.085449097821                
11262          0.0775615350405               
8131           0.0354833901056               
3746           0.0388998359679               
1393           0.0805096140945               
9983           0.106305334229                
8730           0.0680388382821               
3968           0.145264951337                
4360           0.255003812619                
210            0.0359991871095               
6281           0.0808335760086               
8930           0.0977810197687               
2644           0.0680388382821               
4969           0.108969469268                
1794           0.0370692506614               
4481           0.0900156708728               
10998          0.0172454832406               
8931           0.134276510234                
6063           0.0320069226841               
