27
9640           0.149288310551                
6772           0.127241051057                
4809           0.0915241143545               
1602           0.130749777903                
241            0.410165604809                
10585          0.437216906026                
11918          0.119999048037                
579            0.131957812662                
3740           0.119655120631                
8956           0.134016665398                
6913           0.121743389523                
2944           0.194972934141                
2254           0.230096273188                
9310           0.0297333742245               
230            0.141485232974                
3321           0.129955374007                
11029          0.0908269602075               
7951           0.166633307882                
9278           0.0141451183128               
5229           0.406203594548                
6962           0.150848891671                
8744           0.22855759659                 
10784          0.162202591413                
11292          0.0693407752703               
4428           0.0829419559554               
6063           0.108242201245                
8849           0.207532513743                
