28
3364           0.212833823757                
7476           0.0875567674732               
7524           0.161519561006                
12058          0.118567522482                
11100          0.184754001286                
9642           0.214746540891                
4134           0.165676073065                
10841          0.200915707145                
11062          0.141825129665                
9918           0.177005379284                
12218          0.0384930238546               
571            0.421628917563                
10561          0.230165382476                
10191          0.175975516099                
7518           0.0832435699439               
1917           0.230165382476                
11730          0.123917054304                
8010           0.173967145816                
199            0.37934947499                 
2538           0.151208643727                
11018          0.185947021048                
367            0.0682004444735               
9278           0.005830106602                
4451           0.169220950132                
7237           0.0351480058803               
692            0.163978903672                
10273          0.200915707145                
413            0.188406363715                
