304
9782           0.0250031020975               
673            0.0381829139083               
9115           0.0392304829328               
5923           0.0298551299144               
7339           0.0475874713331               
3810           0.0528581642312               
6104           0.0593865110018               
8923           0.0684005464625               
10877          0.409171286217                
7906           0.114548741725                
10183          0.0167984363732               
5683           0.010796394867                
11279          0.0410591245625               
5303           0.0338809743989               
2435           0.0242963896884               
8369           0.0288832981097               
10882          0.0215585548933               
10360          0.0528581642312               
5291           0.0463298174606               
11744          0.044228159222                
7186           0.0424502498104               
3746           0.0169532630955               
10385          0.0172171014544               
2267           0.061775146865                
7440           0.0251262203671               
1917           0.0719652652751               
3262           0.036383476685                
840            0.0566899130651               
8132           0.0410591245625               
2880           0.0119158788261               
2882           0.0324291195533               
4578           0.0581396148844               
2687           0.0368275890176               
11230          0.0135420587677               
9633           0.0289084609547               
7799           0.27861029483                 
4387           0.0145747235516               
9534           0.0346494832751               
10425          0.0171637391955               
6027           0.0512708956289               
8956           0.0345415355469               
10191          0.0275109240186               
8638           0.0410591245625               
9310           0.0383174883384               
10813          0.0175437843824               
1314           0.0268931016869               
5435           0.0359826326375               
70             0.0309389004448               
10285          0.0587223787549               
10620          0.0192388292542               
7237           0.00549482189688              
7231           0.02452611848                 
480            0.0690736863855               
2642           0.0555676729493               
77             0.0571257643544               
2558           0.0638114794327               
6648           0.0152447598493               
5642           0.0352287573181               
10654          0.0433304885368               
8165           0.0589085717339               
8411           0.0234297176494               
220            0.0285210067706               
1364           0.03980147069                 
11179          0.0244105536742               
9278           0.0154945278534               
3233           0.0433304885368               
2353           0.018412740216                
1722           0.0191071010438               
2351           0.0324291195533               
2763           0.0680217712209               
210            0.0156891070388               
2579           0.0222630636492               
11458          0.0100675352688               
578            0.021729803493                
11991          0.020439802433                
7239           0.03724028651                 
1503           0.0119158788261               
12108          0.0219926600001               
5127           0.0205154527474               
6274           0.0490393261787               
2087           0.0376998124514               
8405           0.0271969478275               
10799          0.03980147069                 
1554           0.0181738219475               
7919           0.00770890542258              
10944          0.0183532257244               
1876           0.0255055366029               
540            0.0386921413556               
3138           0.0342002732313               
149            0.044228159222                
668            0.110687705843                
10464          0.0300621363464               
9499           0.0475874713331               
1612           0.017599350405                
5650           0.0537862033738               
8859           0.0113251891413               
946            0.0433304885368               
230            0.0364664886238               
163            0.0593865110018               
9640           0.0384776585085               
5748           0.0368021417662               
4358           0.0260362918619               
6217           0.0381829139083               
7183           0.0169532630955               
4852           0.0156437170063               
206            0.0425109794081               
2444           0.0414922386023               
11890          0.0126115140054               
201            0.0210627344425               
2436           0.0662458041905               
10375          0.0355981542128               
2362           0.0817433269614               
6588           0.131829715545                
9546           0.0344082748165               
8720           0.0200704055383               
938            0.0183532257244               
12118          0.0410591245625               
4316           0.0210627344425               
6639           0.015780548665                
5299           0.154694502224                
4084           0.0278357290852               
5383           0.0208242808577               
7207           0.0268931016869               
3581           0.0300621363464               
11967          0.0299036057619               
8358           0.0381829139083               
4998           0.0553438529213               
5746           0.0381829139083               
3259           0.0165958820394               
4668           0.036383476685                
2699           0.0490393261787               
5177           0.0550218480371               
628            0.0209030964935               
10474          0.0316545671377               
5780           0.044228159222                
8982           0.0659148577724               
6139           0.0298551299144               
6133           0.0593549316755               
461            0.0352287573181               
8131           0.0154643132295               
4486           0.0386921413556               
7450           0.0417571040887               
10156          0.0278357290852               
4991           0.0425109794081               
3363           0.088456318444                
3624           0.180370232174                
10608          0.0327021361622               
2040           0.0452204881262               
5787           0.00878174337655              
11728          0.0886882551077               
11093          0.0329833037137               
2638           0.0775442240919               
4529           0.0819879616288               
3909           0.0348733033031               
5996           0.0181147721396               
8947           0.0359826326375               
7453           0.0103730241082               
1154           0.0268931016869               
8331           0.307821268068                
10333          0.0475874713331               
2648           0.0242963896884               
11910          0.03980147069                 
3258           0.033906526191                
4408           0.0157347168786               
9596           0.092098248514                
7647           0.0659148577724               
10082          0.0507565059926               
1287           0.0215585548933               
9108           0.0593865110018               
1481           0.0507565059926               
6145           0.021592789734                
8938           0.0452722377812               
2538           0.0472780486823               
9118           0.028172136757                
7845           0.028172136757                
8815           0.158574492694                
10692          0.0169613451227               
8371           0.0475874713331               
12184          0.054393895655                
9069           0.0638645566906               
10974          0.0507565059926               
6654           0.080818642339                
2866           0.0555676729493               
4516           0.0659148577724               
3099           0.0324291195533               
4533           0.0463298174606               
3529           0.0690615555838               
3567           0.0268931016869               
2075           0.02312422881                 
2238           0.0355981542128               
9419           0.0359826326375               
3796           0.0390158901826               
10591          0.0296525755806               
1739           0.0163486653923               
7341           0.0417571040887               
2697           0.0319057397163               
6068           0.0526266479915               
6220           0.0659148577724               
1292           0.0904409762524               
6025           0.0593865110018               
4862           0.0332731239194               
2146           0.019645442621                
4425           0.0250031020975               
5187           0.0659148577724               
2310           0.0355981542128               
9243           0.0274498926598               
4121           0.041806192987                
3678           0.0329833037137               
873            0.0165958820394               
1500           0.0665462478389               
8842           0.0741444531465               
5164           0.0314099192656               
162            0.0835142081774               
11862          0.0120695268259               
6167           0.03980147069                 
5684           0.156484659374                
2180           0.0359826326375               
10923          0.0354229513992               
4749           0.0355981542128               
1865           0.0463298174606               
8291           0.00645125155013              
2078           0.0236390243411               
690            0.0386921413556               
6913           0.0156891070388               
4251           0.0463298174606               
11595          0.0659148577724               
10545          0.0201431349616               
4547           0.0246431189102               
7664           0.0392304829328               
11919          0.028172136757                
214            0.0500062041949               
3704           0.0300621363464               
5334           0.0252509693897               
1841           0.027043799518                
3036           0.0316545671377               
532            0.0166966146949               
1565           0.0553438529213               
6234           0.0463298174606               
6235           0.0289084609547               
9074           0.0425109794081               
5794           0.0659148577724               
5205           0.0248332866521               
10288          0.0221720637769               
1039           0.0314099192656               
6436           0.0348733033031               
10391          0.0263133239958               
490            0.0523475787832               
9095           0.07276695337                 
6022           0.0618778008895               
4029           0.0103214162338               
8463           0.0294542858669               
1272           0.0490393261787               
7790           0.0294542858669               
8464           0.0593865110018               
9765           0.0555676729493               
4771           0.024072131153                
6163           0.0182332443119               
7068           0.03724028651                 
9625           0.0165958820394               
4500           0.0381829139083               
7606           0.0926596349213               
6567           0.0327021361622               
12248          0.0404093211695               
8741           0.0483671859376               
8347           0.0226361188906               
7905           0.105716328462                
4406           0.0253773929458               
9309           0.0173293697209               
5999           0.0326973307846               
9357           0.0255055366029               
2408           0.0290698074422               
2009           0.0840072930639               
12218          0.0300888066131               
204            0.0463298174606               
8913           0.0259007727827               
319            0.0512708956289               
7377           0.032163794585                
4742           0.0253773929458               
9916           0.0850219588163               
7198           0.0311071759192               
323            0.0368021417662               
3142           0.0213073823146               
11771          0.0335721462886               
7922           0.0228283380829               
7135           0.0593865110018               
1393           0.0350875687648               
483            0.0593865110018               
8158           0.0348733033031               
10273          0.0314099192656               
11112          0.0296525755806               
2206           0.0199982334341               
10780          0.0410591245625               
5312           0.0659148577724               
1048           0.0275109240186               
11586          0.0233267831438               
3098           0.0155535879596               
8418           0.0404093211695               
9237           0.0161554603916               
3702           0.0166966146949               
11292          0.0357438658355               
10998          0.0300635935667               
2652           0.0247615910825               
2686           0.0414922386023               
3706           0.0216437899864               
