333
8500           0.203403091591                
2307           0.0449126196208               
5923           0.0321112328749               
6933           0.0141456449836               
6753           0.0629463850468               
930            0.0527451472316               
3265           0.0367847315106               
4911           0.0211300163403               
6216           0.0314712212828               
680            0.0354757976124               
8209           0.0638742517576               
12243          0.0257727398207               
2142           0.0340466506033               
11628          0.0898252392415               
9984           0.0345943595296               
4952           0.0164435718275               
11705          0.0545920914937               
12107          0.0292521763489               
4887           0.0225681960272               
10445          0.0441618949322               
6798           0.112860748365                
2852           0.0191719541725               
3746           0.0182343932453               
1099           0.0348797346683               
5999           0.0175841070902               
2539           0.0597668304076               
619            0.0527451472316               
4428           0.0229929725162               
8911           0.010176221585                
6661           0.0527451472316               
8319           0.0453088211376               
431            0.0527451472316               
2891           0.0629424425656               
1352           0.0274329479658               
11230          0.0145654098288               
10784          0.0224827090431               
10662          0.0382882480539               
1318           0.0597668304076               
5049           0.0272951207037               
9633           0.0155465128511               
3859           0.0499600670483               
7163           0.0314712212828               
9835           0.042711953908                
10425          0.0184607746772               
848            0.0321112328749               
11591          0.0256983579217               
3504           0.0254253864488               
11410          0.0568525685815               
9310           0.061819616666                
8218           0.0121502709965               
6554           0.0268925453129               
7804           0.0294196206157               
1361           0.0568525685815               
2475           0.0395832189623               
10661          0.0405487251416               
10285          0.0315799660657               
5230           0.157356106414                
11045          0.132526793948                
7237           0.00591005653108              
726            0.0190499027262               
480            0.0495289806791               
10844          0.0675670301896               
4297           0.015807389435                
7079           0.0295898792032               
11945          0.0742804235122               
10087          0.0395832189623               
11119          0.0316800977034               
1164           0.0714000219673               
10107          0.0348797346683               
2638           0.050042467979                
11172          0.039132916051                
8476           0.0568525685815               
5760           0.0568525685815               
11927          0.0458350921547               
2605           0.0303010586985               
2329           0.0568525685815               
2376           0.0511835781082               
1725           0.0361091380501               
5688           0.0428092022294               
4041           0.0176896304141               
10050          0.0736603138987               
9278           0.00882287141571              
1026           0.212854785674                
7141           0.0367847315106               
6369           0.118359516813                
7733           0.0364413037917               
12036          0.0511835781082               
697            0.0442863537079               
2663           0.0316800977034               
11882          0.0274329479658               
7351           0.0527451472316               
579            0.0182905160897               
8130           0.0511835781082               
3740           0.0165852545217               
10585          0.0303010586985               
11086          0.0271591435279               
11458          0.0216566446316               
6152           0.0568525685815               
9966           0.0378909364447               
2084           0.0230067990556               
3216           0.0395832189623               
11259          0.0421950658685               
684            0.0545920914937               
6962           0.020908986172                
10441          0.0257727398207               
6133           0.042560190689                
3109           0.0303010586985               
752            0.0883237898643               
7919           0.058040182897                
6529           0.0466049021383               
12132          0.0622928019538               
2548           0.016878685382                
4182           0.0275726763535               
5609           0.0457234640555               
3321           0.0180129604399               
2468           0.0597668304076               
11105          0.0913162904444               
80             0.021984404614                
10614          0.0250895496989               
4982           0.0542581813303               
4986           0.0267098971942               
8213           0.0337835150948               
7099           0.0265053587896               
4695           0.0395832189623               
9595           0.0207642673179               
230            0.0196111005326               
6994           0.0932098042767               
313            0.104044428921                
9763           0.0642224657498               
1809           0.0498308854055               
5229           0.140758497582                
9890           0.0265053587896               
11360          0.0441618949322               
7130           0.0545920914937               
4110           0.0405487251416               
10466          0.0275726763535               
659            0.0434629869678               
2254           0.0318933718439               
10564          0.0686906959784               
2837           0.0245534379662               
2169           0.0545920914937               
9889           0.0337835150948               
6612           0.0250895496989               
11097          0.0321112328749               
6397           0.0428092022294               
5987           0.0261324278119               
11031          0.0597668304076               
4853           0.0983832689902               
3629           0.0757818728894               
3878           0.0295898792032               
643            0.0449126196208               
4654           0.0191719541725               
1020           0.0545920914937               
6421           0.0669157878653               
872            0.0545920914937               
7753           0.132485684796                
373            0.0310659613425               
8545           0.0323338824418               
10157          0.0272951207037               
194            0.0327944229967               
2065           0.0218236052458               
9109           0.0292521763489               
6981           0.0575316717546               
3637           0.0597668304076               
5093           0.0246584145274               
4809           0.025372098134                
5683           0.023224521265                
3497           0.0361091380501               
775            0.0545920914937               
7454           0.0240672160378               
7004           0.020908986172                
8958           0.0252002627954               
1767           0.0351733826924               
5787           0.0188907304989               
11728          0.0238475700926               
7836           0.0951408166354               
11651          0.0511835781082               
1139           0.0382882480539               
2522           0.0456581452222               
10820          0.0449126196208               
6920           0.0434629869678               
4914           0.0378909364447               
4024           0.0568525685815               
9787           0.0367847315106               
10464          0.0323338824418               
4768           0.0274329479658               
4275           0.0237506301424               
5796           0.0597668304076               
12156          0.0316800977034               
3771           0.0354757976124               
1041           0.0475704083177               
4011           0.0292521763489               
8017           0.0314712212828               
5290           0.0249800335242               
7154           0.0241781229196               
507            0.0292521763489               
5827           0.0150850184665               
4633           0.022147797632                
8189           0.0410683337794               
7128           0.0263795168297               
3185           0.0617385065373               
3267           0.0463753987076               
8918           0.0284541144363               
11526          0.0486377258816               
11150          0.0274329479658               
9130           0.0271591435279               
1905           0.0527451472316               
11985          0.0195471877181               
7476           0.0588898781009               
2460           0.047309218136                
11786          0.0343168038798               
2626           0.0958597708625               
11588          0.0457234640555               
10457          0.0475704083177               
3642           0.0179040330732               
941            0.0361091380501               
12218          0.0129450272546               
8507           0.0545920914937               
4921           0.0373859773124               
4355           0.0735694630211               
3796           0.0209821283489               
6040           0.0183469515978               
2160           0.0226544105688               
6848           0.0198708621369               
7244           0.0351733826924               
7222           0.0498308854055               
3545           0.0867761071687               
6052           0.0174796716549               
2561           0.0197401487427               
10692          0.00912154300897              
5317           0.022065771698                
1430           0.0776736672859               
4121           0.0449654180862               
10132          0.0214324312603               
9972           0.0168258869166               
2985           0.0545920914937               
873            0.0178500054918               
960            0.0133895816137               
1815           0.0568525685815               
8842           0.0199368568165               
4146           0.0493307154826               
9217           0.261787093867                
9888           0.0318933718439               
6167           0.0428092022294               
1073           0.0597668304076               
8795           0.0230067990556               
11435          0.0421950658685               
8057           0.0327935624495               
11310          0.0387017808795               
4570           0.236484605663                
2166           0.0395832189623               
1123           0.0261324278119               
3410           0.0511835781082               
1602           0.0181230718229               
7393           0.0409617761414               
624            0.0316800977034               
361            0.0466049021383               
6538           0.0286087761809               
7518           0.0139972152586               
831            0.0545920914937               
532            0.0359167006962               
216            0.0434629869678               
6235           0.0155465128511               
8073           0.0367847315106               
1875           0.0327004115038               
1517           0.0378909364447               
915            0.0405487251416               
4701           0.0449126196208               
4753           0.0169237634992               
11065          0.0801089471644               
11064          0.0328871436551               
10718          0.0217441527013               
11992          0.0446277386861               
4770           0.0932098042767               
11518          0.0527451472316               
2396           0.0416160427056               
3276           0.0434629869678               
12035          0.0274329479658               
9257           0.0301185285801               
6357           0.0568525685815               
1121           0.0568525685815               
5292           0.0195471877181               
8874           0.0530107175791               
926            0.0348797346683               
8372           0.0378909364447               
8741           0.0260111072301               
2473           0.0597668304076               
11623          0.0708959349336               
8453           0.0527451472316               
9309           0.0124259477523               
1521           0.0314712212828               
110            0.0449654180862               
11507          0.0545920914937               
3070           0.0308692532687               
8023           0.0545920914937               
11278          0.0400544735822               
1866           0.0498308854055               
931            0.0708959349336               
7198           0.0334578939326               
3702           0.0179583503481               
3142           0.0229175460774               
186            0.0371402117561               
10568          0.0382882480539               
6379           0.119533660815                
1794           0.017376301906                
6873           0.0378909364447               
8190           0.0155465128511               
9983           0.0498308854055               
10944          0.0197401487427               
3812           0.0263795168297               
8675           0.0569682721623               
7002           0.0568525685815               
6913           0.033749413998                
7730           0.0405487251416               
9560           0.0597668304076               
2792           0.0348797346683               
1739           0.0175841070902               
10248          0.0202734375277               
8767           0.0375086213557               
9518           0.0511835781082               
3650           0.0498308854055               
8930           0.114587730387                
1909           0.0179040330732               
2644           0.0318933718439               
3080           0.143150076213                
2813           0.0750172427113               
4969           0.0255398526102               
8177           0.0449126196208               
3391           0.0231876993538               
10728          0.0393508382909               
10014          0.134737858862                
8931           0.157356106414                
1403           0.0382882480539               
