204
5264           0.0647051347471               
6612           0.0325786443648               
4770           0.060516212951                
5683           0.0301569150469               
7733           0.0473188355578               
775            0.141775070119                
2472           0.0520105169569               
5923           0.0416962619299               
6933           0.0183680433792               
4383           0.0920579874423               
930            0.0684892879407               
4006           0.0213518889373               
8827           0.0533270089305               
2522           0.0592868542243               
6216           0.0408652103447               
2307           0.0583187932696               
1213           0.0398329992943               
12243          0.0334657630369               
5996           0.025299447234                
11882          0.0712430686389               
684            0.141775070119                
11253          0.0920579874423               
2385           0.0464698996169               
9410           0.0361735289456               
4952           0.0213518889373               
4275           0.0308400645741               
11105          0.0296434271122               
12107          0.113951377558                
4887           0.0586093605624               
2852           0.0248946786316               
9085           0.0373522820518               
10385          0.0480914853812               
2548           0.0109584407653               
2539           0.155213811012                
8112           0.0526522999293               
12152          0.0382012179927               
4014           0.0305918696326               
471            0.0363627975584               
2480           0.0564364531229               
4273           0.0920579874423               
6753           0.0544903599866               
11150          0.0712430686389               
6421           0.043444894018                
10784          0.0291936758955               
1287           0.0301091019947               
11985          0.0507638347155               
2434           0.0533270089305               
5049           0.0354425663662               
9633           0.0201870627161               
7476           0.0191170469216               
755            0.0354425663662               
9835           0.0277306203817               
12037          0.0631558235692               
10425          0.0239712159097               
3688           0.0377699025767               
11591          0.016684589272                
7821           0.034092259614                
10137          0.0602182039895               
3576           0.0373522820518               
9310           0.00535149582277              
9303           0.0428928993918               
11205          0.283550140238                
6046           0.0583187932696               
2964           0.0593716703756               
2475           0.0513985953859               
26             0.0308400645741               
6052           0.0226972589502               
8836           0.0352660007401               
3166           0.0547900644443               
7005           0.0445601839313               
6648           0.085164526372                
11945          0.0482263637633               
8459           0.0593716703756               
1164           0.0231781354312               
873            0.0231781354312               
4654           0.0497893572631               
4146           0.0213518889373               
8476           0.0738227523122               
1574           0.0359869450846               
9217           0.0377699025767               
11927          0.0297583094288               
9517           0.0267770187783               
2605           0.0786915211363               
10614          0.0651572887296               
1073           0.0776069055058               
2084           0.0298742039375               
10466          0.0716059417477               
9278           0.00509175588294              
1026           0.0921302620288               
313            0.0675505636535               
825            0.0647051347471               
6369           0.0384222978463               
7520           0.0248151983798               
3497           0.0468875201418               
12036          0.0664615988935               
2047           0.055587517182                
7730           0.0526522999293               
8130           0.0664615988935               
1786           0.0920579874423               
361            0.060516212951                
12161          0.0547900644443               
2580           0.0829403698772               
11458          0.0281210357322               
10132          0.0278298958842               
4359           0.0296434271122               
7117           0.0708875350595               
532            0.0233188206401               
8109           0.0829403698772               
8662           0.0593716703756               
7285           0.0224964315127               
3509           0.132923197787                
3216           0.102797190772                
9845           0.106654017861                
2142           0.265256348193                
1503           0.0166419508501               
562            0.027437211749                
9378           0.0829403698772               
11955          0.0564364531229               
3868           0.022430164664                
4753           0.0879016608863               
3109           0.0393457605682               
3713           0.0502540528105               
4029           0.0720754650886               
11065          0.104021033914                
12132          0.0539245772496               
11064          0.0213518889373               
1959           0.0422809778208               
6138           0.0328677536212               
4771           0.0336196120614               
11992          0.0289744384597               
8500           0.0990441796958               
4911           0.109748846996                
2402           0.0631558235692               
3276           0.0564364531229               
2171           0.0477647745903               
1612           0.0245795990969               
8451           0.0568836349105               
4500           0.0533270089305               
5610           0.0294166293964               
6242           0.0210508702716               
4982           0.0704539545212               
7130           0.283550140238                
12129          0.032281575392                
11204          0.036749706088                
926            0.0452911465107               
236            0.120603470639                
4695           0.0513985953859               
2028           0.0334657630369               
5426           0.0464698996169               
230            0.0254649078011               
6994           0.060516212951                
8453           0.0684892879407               
6432           0.0920579874423               
335            0.043867711333                
8620           0.0877354226661               
6681           0.0929397992337               
5229           0.0365548293141               
6133           0.0276320885229               
11278          0.0520105169569               
4772           0.101798447835                
2891           0.0817304206894               
1866           0.0647051347471               
7184           0.0369475134493               
9416           0.0313509614751               
10564          0.0668958724542               
7833           0.0583187932696               
9752           0.0520105169569               
10568          0.0497170826767               
3968           0.0884187827308               
8131           0.0647932924924               
10996          0.0684892879407               
1882           0.0400835581394               
2708           0.0468875201418               
9487           0.0738227523122               
752            0.172031943985                
4852           0.0218483230093               
2232           0.0442093913654               
1393           0.171513961474                
1937           0.0920579874423               
4853           0.042583380602                
7050           0.0664615988935               
6981           0.112056846155                
10193          0.0460651310144               
11817          0.0452911465107               
6904           0.0302281430031               
1129           0.0456724468792               
3232           0.0583187932696               
8721           0.0267770187783               
4338           0.0738227523122               
2638           0.0216599578575               
7883           0.0920579874423               
8930           0.0595166188576               
5529           0.0920579874423               
373            0.0806779650154               
2372           0.0365548293141               
10157          0.0354425663662               
4969           0.0331633602557               
10943          0.0307153817292               
1767           0.0913448937584               
1121           0.0738227523122               
8849           0.0373522820518               
10998          0.0104968515922               
8931           0.0817304206894               
10728          0.0510968503431               
