43
9309           0.0318221649567               
2944           0.138418893844                
6208           0.202740869097                
5229           0.288379781945                
5370           0.0837439453122               
848            0.164470182858                
6538           0.293061974179                
10564          0.0879565366754               
2522           0.116927984717                
2837           0.125759993328                
697            0.0756099350118               
611            0.183299714018                
10285          0.0323498186053               
1503           0.0656438868316               
11045          0.135757515877                
9217           0.148982726408                
4952           0.0842221560241               
3629           0.194073185231                
3086           0.163354322756                
11065          0.205154583134                
9130           0.139106128989                
8675           0.0972617295235               
10087          0.202740869097                
4654           0.0981966285998               
1164           0.0914257536824               
2638           0.0854373285432               
11992          0.114289170566                
8500           0.130226017007                
1905           0.270154809809                
12138          0.077897842508                
4146           0.0842221560241               
832            0.286864850078                
1048           0.151556088247                
9518           0.262156625489                
1678           0.104900843241                
10614          0.128505898322                
2880           0.0656438868316               
8925           0.154263771879                
11591          0.0658120733483               
3267           0.118764831224                
9278           0.0100421714367               
4570           0.173035427412                
230            0.100445887681                
