97
11692          0.0785988890003               
6394           0.0787253499928               
3121           0.145914378108                
5683           0.0527664507687               
3801           0.102550540527                
1559           0.0806015291697               
12120          0.161076597347                
11029          0.085810019105                
5606           0.161076597347                
7518           0.0636037541025               
11458          0.0246021061043               
199            0.362311028083                
12066          0.0585560404629               
6192           0.0439812801659               
1010           0.05108104259                 
8683           0.0676220795577               
1690           0.068429735856                
5205           0.0303426378364               
12058          0.13589048769                 
8514           0.086088759793                
692            0.187936567489                
12108          0.10748723305                 
6631           0.0843831023601               
6544           0.126587797941                
413            0.0719776436613               
4408           0.0769020746058               
917            0.12102014542                 
11048          0.075050981195                
2548           0.0191743095818               
10841          0.153513277256                
4237           0.204067095519                
4633           0.0503201189833               
12240          0.161076597347                
9550           0.132922741923                
1917           0.263793030496                
6145           0.0263832253844               
11730          0.0473405324662               
4982           0.0308188446739               
2880           0.0291189161378               
10403          0.0869914575592               
2881           0.0494030318183               
899            0.0608032721238               
570            0.135791109678                
10055          0.0987485397838               
10645          0.124034027453                
9918           0.135244159115                
10692          0.0207242786461               
1655           0.100336468864                
6620           0.0427368775037               
4853           0.0745094069669               
9633           0.0353219037596               
7476           0.0668993306285               
7690           0.0852201343392               
11100          0.141164633799                
8690           0.10792355561                 
7828           0.0473405324662               
691            0.088910555558                
12218          0.0294112905725               
10527          0.108080660949                
3580           0.117650469349                
10137          0.0526827908499               
875            0.0972631313306               
9310           0.0280910139945               
11018          0.14207618211                 
2686           0.101394872662                
367            0.0521097822077               
7436           0.0643020532451               
10995          0.124034027453                
10285          0.0143500286242               
12109          0.0849384968196               
4451           0.129296325331                
9875           0.070135393289                
2156           0.0664613709613               
11967          0.0487170998802               
4099           0.0785988890003               
10273          0.0767566386279               
10998          0.0183666532835               
9611           0.0820404878741               
9893           0.0799144380645               
6648           0.0372537258955               
9642           0.0820404878741               
3854           0.161076597347                
11064          0.0373600348269               
5553           0.0739802838308               
8188           0.0524763693519               
8059           0.0488698224251               
7226           0.10388437667                 
10455          0.112048554314                
2059           0.0326544131351               
8008           0.0827951732797               
12051          0.0468525457892               
9888           0.0724622056166               
3091           0.075050981195                
9278           0.00890919663715              
2683           0.0468525457892               
5165           0.155936557038                
1515           0.0353219037596               
