51
9640           0.0906601991135               
7476           0.12900622683                 
11882          0.120191150738                
1689           0.151567228067                
6208           0.173424768017                
12218          0.0567156589953               
5229           0.370020585937                
2246           0.0692564404207               
5787           0.0413826949946               
1684           0.162721293941                
6848           0.0870596112879               
3872           0.121424088656                
9309           0.054441431567                
10564          0.0752381206434               
2638           0.0730831871667               
2837           0.107575240088                
697            0.0646768236595               
2811           0.1260308925                  
9002           0.261854618454                
611            0.156794782042                
4570           0.148014699706                
1875           0.143269330483                
10285          0.0276720713095               
3545           0.126729850424                
11045          0.116127132148                
2835           0.130399949479                
2108           0.10448264238                 
7919           0.10898130411                 
9085           0.1260308925                  
12132          0.0909738605665               
12152          0.128895299932                
2944           0.118403677862                
4633           0.0970354803653               
8911           0.0891695477999               
12138          0.0666339023114               
4146           0.0720437272237               
832            0.245384516198                
1048           0.129641248766                
8451           0.0959659608811               
4982           0.0594299349377               
8930           0.200815912206                
9551           0.109924090315                
2644           0.139733471868                
3086           0.139733471868                
3267           0.203183141073                
1175           0.152817533589                
9278           0.0128851271542               
1026           0.310858092516                
6981           0.1260308925                  
8804           0.0870596112879               
313            0.11396168264                 
