226
4809           0.0171423439245               
7527           0.0723608110561               
8958           0.0340524910115               
6933           0.0191146597386               
8294           0.0301521790232               
11773          0.0479375667282               
25             0.0967175763829               
8569           0.0522967580231               
2212           0.060689310598                
85             0.0290652100231               
2765           0.0950578418729               
8089           0.038040694358                
11272          0.038870561613                
9283           0.07127321118                 
6494           0.0629760500534               
105            0.0684074959835               
10285          0.0256039356255               
326            0.139304260152                
2435           0.0353121025126               
5996           0.0263278083284               
578            0.0315818546856               
2171           0.0497062966881               
2130           0.0657229544333               
2086           0.0386583307349               
6214           0.0327615082005               
10972          0.0220309798631               
1393           0.0254979410734               
8407           0.0492422313169               
9087           0.0404561390221               
3771           0.0479375667282               
2852           0.0259065868651               
10153          0.0657229544333               
5290           0.067509801303                
8803           0.077741123226                
11185          0.0492422313169               
11697          0.069163101497                
4428           0.0310698343225               
8911           0.0137508762059               
12138          0.0205512882908               
10156          0.0404561390221               
11730          0.0844670054313               
2976           0.0617849846016               
6145           0.0156913602061               
6264           0.0272112514538               
6108           0.0319638874091               
8414           0.0291701041565               
11472          0.0863116945051               
8918           0.0768986802996               
8293           0.0438130740588               
9608           0.037258274698                
8136           0.0856791173907               
12293          0.0547924880636               
11821          0.0330380553321               
6067           0.0617849846016               
7476           0.0198941084562               
3280           0.0737689412204               
90             0.0409450701903               
9607           0.104478195114                
2129           0.0425262819105               
2739           0.048240540704                
4534           0.0863116945051               
5370           0.0220936281071               
12256          0.146379041456                
11209          0.038870561613                
3908           0.0541246181719               
12218          0.00874614736782              
2317           0.0361626006945               
4921           0.0168395817499               
812            0.037258274698                
7221           0.069163101497                
9310           0.0167070633981               
4849           0.0409450701903               
3796           0.141763151997                
8786           0.0856170628894               
7244           0.0475289209365               
3859           0.0337549006515               
6052           0.0236198474098               
7645           0.060689310598                
7237           0.0159722260467               
10480          0.0453042614852               
6042           0.0530324160897               
11041          0.0188148970132               
6780           0.131445908867                
6058           0.0298169308198               
8431           0.0768234679267               
8218           0.0820918014336               
8404           0.0479375667282               
11535          0.0863116945051               
2449           0.0562347278548               
3678           0.143812700185                
3669           0.0506844711081               
10847          0.0657229544333               
8191           0.067509801303                
4146           0.0222197913729               
9672           0.125952100107                
5684           0.0324904376113               
6775           0.431328987317                
1726           0.0467465012764               
6422           0.0345113703181               
3349           0.0358160349068               
9278           0.0238442552777               
8291           0.0375047089702               
8978           0.11403429503                 
620            0.0541246181719               
10924          0.0215398557091               
1123           0.0706242050251               
8064           0.0201641096639               
6394           0.0234108568247               
10621          0.0517379613574               
3348           0.0343722950753               
8262           0.0570171475149               
10646          0.0541246181719               
1962           0.0768234679267               
10613          0.0326253019282               
8940           0.0673352413483               
5233           0.0861934470177               
6192           0.0261577612046               
3740           0.0224112436886               
11786          0.0463714472007               
11835          0.0244892581225               
3187           0.0534878234749               
9820           0.0629760500534               
7435           0.0578470147699               
11299          0.0487933839766               
10455          0.0666406097326               
11396          0.0807614377584               
932            0.07127321118                 
700            0.101368942216                
10146          0.0439995968965               
5205           0.0180462112937               
10394          0.0433911137245               
10998          0.0109235231195               
10248          0.0821849821317               
5350           0.0425262819105               
11891          0.0469603328562               
8528           0.0365181691904               
4753           0.0228686624865               
7793           0.0804361402194               
4060           0.0334636424842               
3532           0.0368832206223               
6538           0.0773166614699               
10813          0.0254979410734               
2805           0.0307298435313               
6929           0.052879340303                
2923           0.0366994780322               
6073           0.0554946223473               
3057           0.0570171475149               
1799           0.0673352413483               
3091           0.0446363915935               
9520           0.0363392304668               
3321           0.0243404673377               
11846          0.0471321216339               
8288           0.0395277414477               
9840           0.0449662537581               
8141           0.0446363915935               
7003           0.0807614377584               
8190           0.0210076177944               
10033          0.0927428944015               
6747           0.064280714642                
11591          0.01736277731                 
8859           0.049379711767                
956            0.0327615082005               
5426           0.0483587881914               
8188           0.0312101951833               
8388           0.0554946223473               
313            0.035148165015                
2258           0.0982570577324               
9955           0.0295979082683               
2338           0.0443142916164               
2408           0.0422497347789               
12270          0.07127321118                 
8602           0.0295979082683               
1709           0.035148165015                
2269           0.0506844711081               
8341           0.0873839491403               
1979           0.0942642432679               
9973           0.0517379613574               
10512          0.0570171475149               
2436           0.0641872766176               
2254           0.0430967235089               
11304          0.0807614377584               
8830           0.0737689412204               
8131           0.0674269824919               
6610           0.038040694358                
11211          0.0863116945051               
3565           0.0422497347789               
6639           0.022935273895                
4029           0.0300020630882               
9243           0.0199476843267               
9153           0.0399840709512               
4203           0.0345113703181               
2738           0.0706242050251               
1259           0.0863116945051               
2774           0.069163101497                
8279           0.0293823350346               
2028           0.034826065038                
10296          0.0768234679267               
6064           0.0547924880636               
698            0.0506844711081               
1954           0.0483587881914               
2683           0.0835963187036               
5867           0.194141334389                
395            0.0460063957689               
774            0.0456508272729               
8059           0.0290652100231               
10233          0.0657229544333               
10130          0.0807614377584               
2353           0.0267608718161               
3427           0.0188148970132               
7232           0.0587304578953               
628            0.0303803279284               
2792           0.0471321216339               
2745           0.0345113703181               
481            0.070649486261                
7544           0.0768234679267               
1678           0.027675316825                
4460           0.060689310598                
5244           0.0657229544333               
9237           0.0469603328562               
3702           0.0242666740731               
6283           0.0578470147699               
4616           0.0958751334564               
7802           0.166824548015                
9588           0.0295979082683               
5851           0.0768234679267               
4222           0.0370694631882               
