116
6614           0.109925226538                
6811           0.125653175335                
5093           0.0651330983622               
4809           0.0670182327246               
4961           0.144200352424                
5923           0.0848190822265               
12218          0.0170965925757               
6850           0.0800376615656               
1393           0.0996845563466               
1353           0.0600693759979               
3548           0.157868983807                
5787           0.0249491265214               
11728          0.062991321961                
11172          0.103366259315                
3504           0.0671589892622               
3786           0.0617348507449               
6848           0.0524871871493               
3872           0.0732051151095               
8328           0.0885588211567               
12178          0.187265563988                
3321           0.0475796983145               
9235           0.0913780494489               
12243          0.0680764935612               
6192           0.0511320661773               
6115           0.0990758234466               
10393          0.127021819114                
1503           0.0338532744238               
562            0.0558131355591               
9984           0.0913780494489               
4952           0.0434342921796               
6322           0.107105998246                
12107          0.0772671283194               
4887           0.0596119645106               
752            0.116649878007                
7919           0.0657035107322               
10944          0.0521419188697               
12132          0.0548470407186               
11064          0.0434342921796               
5290           0.0659826275048               
579            0.0966256757702               
12152          0.0777094180654               
2944           0.142768291913                
4428           0.0303669876843               
12138          0.0401727741414               
2402           0.128472403627                
3265           0.0971637301759               
9456           0.0805286463576               
6914           0.0603010477516               
7128           0.139358486533                
4982           0.0358295893032               
2880           0.0338532744238               
2891           0.0831285462054               
11591          0.0339400100603               
3267           0.122496659396                
2835           0.0786165530869               
8859           0.0321751120078               
8500           0.0671589892622               
11150          0.144923583488                
7285           0.0457625356797               
230            0.0518010490318               
6809           0.0605347428651               
6599           0.0643097127688               
1886           0.0572270904699               
12129          0.0328338017708               
7476           0.0388881472755               
4925           0.103366259315                
2632           0.0645813691163               
7690           0.0990758234466               
4633           0.058501518014                
7821           0.0693509211053               
5229           0.148720625296                
2246           0.0417538706626               
2626           0.0506410813852               
1223           0.0842436208989               
5370           0.0431876736559               
10425          0.0487625614193               
11890          0.0358295893032               
1684           0.0981027009184               
4921           0.0658345797794               
4355           0.194327460352                
3580           0.0683894552623               
9494           0.187265563988                
9419           0.10222745254                 
2032           0.0945296785425               
1334           0.116649878007                
4648           0.114803772243                
10285          0.0166831572545               
5230           0.0831285462054               
12168          0.10222745254                 
7785           0.233128254196                
9130           0.0717385606796               
3181           0.10222745254                 
4121           0.059386157935                
8694           0.0640407866819               
9310           0.0108860829057               
960            0.0353674375661               
5609           0.120774629629                
4146           0.0434342921796               
486            0.263248065441                
9217           0.0768320305961               
11755          0.185814979474                
8862           0.0892362730477               
10614          0.0662719051375               
8930           0.12106948573                 
8931           0.166257092411                
1909           0.047291975968                
4491           0.0945296785425               
4969           0.0674613418624               
8743           0.0570204645752               
9278           0.0103577165176               
1026           0.0937062929491               
2353           0.0261555004261               
3391           0.061248329698                
2166           0.10455569604                 
1716           0.0643097127688               
6063           0.0396299985246               
