76
2070           0.0885299613556               
6614           0.140325116124                
11831          0.125233063711                
4809           0.0427760832781               
5787           0.0318488229369               
7397           0.168024740616                
4359           0.0769773399123               
11862          0.0437726549648               
532            0.0605537536526               
2142           0.114801886218                
11628          0.302881684753                
5604           0.0715003813426               
10816          0.0791224830421               
8319           0.0763883970486               
4060           0.0835033741009               
4011           0.19727080117                 
7919           0.0559159049209               
7154           0.0407631010275               
1287           0.0781865932685               
11124          0.100952073972                
11992          0.0752401262391               
8500           0.0857318494016               
7237           0.0199281170218               
8911           0.0343131970937               
3599           0.115712815932                
11105          0.0769773399123               
431            0.177851338788                
6108           0.0797609659289               
8279           0.0733190989448               
2891           0.106117797223                
1811           0.23905397187                 
3994           0.109794228219                
3267           0.0781865932685               
11150          0.185002290398                
7014           0.067674530491                
9309           0.0209495238847               
11812          0.100358009609                
1809           0.168024740616                
5229           0.0949247032369               
4742           0.0920364055146               
201            0.0763883970486               
3437           0.124034420027                
4645           0.15417492837                 
9744           0.0592918429755               
10137          0.0781865932685               
1488           0.184079049334                
9310           0.0138966358859               
6798           0.0634258513083               
3070           0.104088021541                
9278           0.0132221494454               
4661           0.114801886218                
944            0.201527749206                
8836           0.0915779041352               
3545           0.0975334392186               
726            0.0642343586371               
996            0.23905397187                 
643            0.151440842377                
5230           0.106117797223                
6066           0.113914619713                
9727           0.133470638637                
8675           0.064030430629                
6913           0.0568998171196               
4146           0.0554460726243               
2944           0.0911254758005               
6421           0.0564083289295               
10380          0.140325116124                
8930           0.0772756635544               
9740           0.135059661883                
5109           0.121756386734                
7951           0.15576048575                 
11097          0.10827585203                 
8849           0.0969955093627               
4570           0.113914619713                
2353           0.0333888202933               
1123           0.0881159218632               
1403           0.129104126799                
