64
3348           0.0490341085219               
7429           0.176279857562                
5324           0.273328488337                
8293           0.062501937196                
6192           0.0746311818158               
214            0.103680116001                
2887           0.181660053938                
105            0.09758733231                 
11029          0.0485365827862               
7453           0.0860274328063               
10394          0.123799971727                
6052           0.0673902140446               
10972          0.0628569872966               
12257          0.167564932145                
4408           0.0652469947472               
7919           0.0319664418175               
10944          0.0761051394617               
11064          0.0633956888317               
8689           0.137973333638                
11872          0.137973333638                
2730           0.104707944849                
1075           0.123799971727                
6242           0.062501937196                
6145           0.0447693037383               
12129          0.0479234580735               
8859           0.0469620497218               
11837          0.12465836325                 
8136           0.183339480139                
9602           0.10970050812                 
7407           0.173153770237                
11821          0.0942614734895               
9069           0.0662066312835               
10830          0.131261680251                
9405           0.0684046929544               
69             0.0850712248574               
2201           0.160444319607                
7793           0.458987614294                
12256          0.0835273383798               
4677           0.0789609472166               
10605          0.119011708357                
9310           0.0158890749648               
3796           0.0808934028316               
613            0.140493901205                
9278           0.00755894179924              
5962           0.230421919442                
6639           0.0654370449621               
10148          0.112142255797                
2738           0.100749598649                
7237           0.0455706471503               
10669          0.141817934513                
8688           0.160444319607                
3426           0.13677153906                 
8291           0.0535026819042               
5867           0.092318025687                
2548           0.0325366014631               
12227          0.109113200179                
6775           0.0820421692391               
5999           0.0677928489724               
137            0.129258408221                
2683           0.0795033898545               
2353           0.0381759638075               
3168           0.156329439161                
10924          0.122911504172                
9955           0.0844463276526               
