269
7784           0.302223932356                
3086           0.0294225877204               
6668           0.0414332324915               
10041          0.0524481918816               
9632           0.0311663013006               
7806           0.0306989357412               
4387           0.0578467230994               
4006           0.0151696859429               
1705           0.116778624063                
1599           0.0503628342804               
8336           0.027457300681                
11566          0.0551366854231               
11135          0.048658973057                
2870           0.0319143294999               
2214           0.0589259042478               
2435           0.0241079448547               
1445           0.0449211025126               
2659           0.0859518474509               
9046           0.259587965238                
11105          0.0210605010584               
2254           0.0588451754409               
476            0.065403616614                
3734           0.0336181907233               
2110           0.100725668561                
4113           0.0259707832886               
5485           0.037407409548                
8911           0.00938786822895              
1739           0.032443727548                
11177          0.0208198346212               
6108           0.0218220830868               
2880           0.0591172913588               
2739           0.0329343259762               
11230          0.0134370254255               
10662          0.0353220519467               
844            0.0357035483246               
9201           0.0212244590096               
5049           0.0251805637603               
2080           0.042994413638                
3934           0.065403616614                
5407           0.0255557910561               
8083           0.0333117579097               
11176          0.0472183789191               
9583           0.163785281924                
9310           0.041822324158                
481            0.0321554329838               
3706           0.0214759189382               
6266           0.145976919171                
7237           0.0272610179898               
11041          0.012845128649                
5420           0.0383920418661               
3667           0.0314090516634               
4297           0.0145827886923               
12031          0.0503628342804               
4691           0.065403616614                
1803           0.0333117579097               
10127          0.0383920418661               
5806           0.042994413638                
8411           0.0232479947966               
11014          0.0339350130472               
11114          0.042994413638                
9278           0.00813936229274              
2079           0.0244519848157               
7523           0.144405133568                
4567           0.0306989357412               
2259           0.0648969913095               
2070           0.0242212233751               
3348           0.0234663284042               
1869           0.0551366854231               
11140          0.0298289718987               
6577           0.100725668561                
12219          0.065403616614                
8293           0.0149558238984               
2753           0.0407406665529               
3937           0.065403616614                
8537           0.042994413638                
7638           0.0524481918816               
10132          0.0197720577148               
10181          0.0498626785944               
6465           0.0722025667841               
6197           0.0150835529506               
1503           0.0236469165435               
6806           0.0311663013006               
8528           0.0249313392972               
3603           0.0290331412243               
2089           0.0249313392972               
10167          0.0383920418661               
1612           0.017462848369                
538            0.0298289718987               
12127          0.0231458586597               
4982           0.0250273960928               
4986           0.0492813552012               
6877           0.0407406665529               
12129          0.0114674013592               
3805           0.130807233228                
7099           0.0244519848157               
605            0.0277852418206               
6620           0.0173529016478               
2258           0.0167702824305               
11664          0.0194246064147               
2174           0.0311663013006               
10776          0.0613978714825               
69             0.101781665887                
8078           0.0281251106753               
2444           0.041170421324                
6985           0.0757735280591               
11890          0.0250273960928               
7619           0.0369514477283               
5207           0.0400959030895               
10564          0.0158423044598               
4463           0.0584516719169               
7802           0.0162704112261               
6395           0.0258256979415               
917            0.0245695381079               
5952           0.0589259042478               
10669          0.0678700260944               
1834           0.0324484956548               
8136           0.0292470185897               
11967          0.00989055696356              
3987           0.0524481918816               
7465           0.0292258359584               
6677           0.0389262080209               
3319           0.0249313392972               
2004           0.0349555201253               
697            0.0136184944965               
5456           0.0358320913944               
3648           0.0369514477283               
10543          0.0458897507085               
12196          0.0339350130472               
1719           0.0589259042478               
10728          0.0181511615823               
11496          0.0551366854231               
1556           0.0342629541868               
8004           0.0357035483246               
10081          0.0229448753543               
11113          0.0508732342675               
8338           0.0448697542323               
2551           0.0378867640295               
6914           0.0631815031753               
3553           0.0472183789191               
3740           0.0153003924583               
3269           0.0324484956548               
6555           0.0919409590309               
1831           0.0407406665529               
2971           0.100220483024                
7453           0.0411702802571               
6381           0.0365167012718               
7018           0.100725668561                
9584           0.140417410355                
4203           0.0235612765395               
4408           0.0156126770964               
5928           0.0330150547831               
4321           0.0589259042478               
5827           0.0417491397211               
8919           0.041325531982                
4636           0.0365167012718               
10849          0.0202068041713               
2538           0.0703670342645               
10139          0.0279536313044               
10039          0.0589259042478               
9010           0.0357035483246               
9598           0.0277852418206               
2599           0.042994413638                
10040          0.126543782072                
4541           0.0589259042478               
552            0.0342629541868               
9069           0.0158423044598               
10402          0.0589259042478               
2632           0.0225554288581               
11732          0.065403616614                
7526           0.0304737353621               
668            0.054914601362                
2181           0.0259707832886               
12218          0.0179132611851               
4677           0.0188942307136               
2222           0.0220903894626               
2160           0.0208993701098               
8365           0.0407406665529               
2686           0.020585210662                
3633           0.0302538343103               
6068           0.0261092356506               
5984           0.0210605010584               
4862           0.0330150547831               
4423           0.0196315232845               
8355           0.0589259042478               
6042           0.0241371932309               
10692          0.0168297915091               
548            0.0472183789191               
8218           0.0112089877474               
6772           0.0162704112261               
2153           0.0259707832886               
3596           0.0294225877204               
822            0.0714070966492               
4971           0.0365167012718               
12238          0.0232479947966               
614            0.0160777164919               
880            0.0400959030895               
9139           0.0294225877204               
5684           0.0221815644639               
8795           0.0424489180192               
6083           0.0459704795155               
2955           0.0472183789191               
8291           0.0832157963351               
10106          0.0203563331774               
5225           0.065403616614                
6394           0.0159828388901               
1938           0.182696917529                
6913           0.0467022630311               
7393           0.0188942307136               
8969           0.162962666212                
9288           0.0503628342804               
11835          0.0167190748311               
214            0.0248091759431               
6848           0.018331463577                
4359           0.0210605010584               
10279          0.035948544899                
10586          0.0130497798235               
8524           0.0152566201838               
4341           0.460704502393                
7728           0.042994413638                
5205           0.0246406776006               
10394          0.0296235710259               
11048          0.0304737353621               
6105           0.0248091759431               
12020          0.070073242519                
5604           0.0391240814156               
4863           0.0272975469873               
10288          0.022000095393                
6022           0.0306989357412               
3381           0.0333117579097               
2340           0.0357035483246               
9445           0.0448697542323               
11209          0.0530746848339               
8550           0.028299795453                
8188           0.0213075294544               
6809           0.0211421204725               
9858           0.0294225877204               
3642           0.0165170050449               
9309           0.0114633077851               
110            0.0622229109782               
10858          0.0342629541868               
3439           0.0353220519467               
4173           0.0506154270489               
1913           0.0277852418206               
8560           0.0339350130472               
5176           0.065403616614                
4742           0.0251805637603               
10694          0.0767840837322               
9259           0.065403616614                
11771          0.0333117579097               
2816           0.0239960229959               
1393           0.0174077133211               
11469          0.0407406665529               
2173           0.0426150589088               
3574           0.0407406665529               
5353           0.0321775965855               
8064           0.013766250357                
2206           0.0198431254604               
3569           0.0472183789191               
10813          0.0174077133211               
3098           0.030865906057                
6236           0.0263924501579               
12041          0.0595293763811               
6329           0.0270183815066               
9237           0.0160301572875               
11292          0.00886665835446              
6072           0.0319143294999               
10998          0.0149152089083               
8892           0.0309296971818               
11871          0.0503628342804               
