104
6975           0.0917160609042               
10681          0.103489502155                
4809           0.0263465698347               
7733           0.0756818257714               
3995           0.0671514738183               
1353           0.0472295954493               
224            0.265309936243                
3872           0.172672742841                
2561           0.0409966258722               
940            0.0416819775672               
2638           0.0346429732994               
1625           0.0822070005535               
532            0.0745923224896               
7075           0.106298793887                
12243          0.0535251981079               
11029          0.052291767407                
1875           0.0339563433327               
4332           0.0831857089511               
1503           0.0266171643889               
3713           0.0803764172189               
11443          0.147237701105                
354            0.147237701105                
2648           0.0542722033204               
4952           0.0341502473464               
11105          0.047411747553                
12107          0.121502684236                
4011           0.0607513421179               
7919           0.0172198128133               
1099           0.0724387364736               
2715           0.0876313219122               
12132          0.0862470602265               
2548           0.0175269487287               
8066           0.0456575288633               
579            0.075972015704                
2665           0.147237701105                
2944           0.0561258424781               
8911           0.0211341238889               
3321           0.0374095762718               
2342           0.0550467117583               
8451           0.0909797820633               
4973           0.0902645587545               
3836           0.175262643824                
3267           0.0963130974986               
2835           0.0618123284324               
4408           0.035147516342                
8500           0.0528038096109               
10784          0.140077244085                
230            0.0407286166866               
10751          0.147237701105                
9262           0.0411319217505               
11136          0.147237701105                
12129          0.0258156031911               
7476           0.122303348958                
2460           0.049126233584                
9947           0.0987949107077               
5229           0.116931711892                
2246           0.0656580291398               
2626           0.0398165911866               
5370           0.0679126866653               
2323           0.069109950778                
9218           0.147237701105                
2108           0.0495269778254               
12218          0.0537688389466               
7198           0.0694858371084               
4885           0.0514312510306               
10050          0.0509929344151               
2811           0.0597413032058               
7122           0.294475402209                
9278           0.00203594074675              
752            0.0917160609042               
6052           0.0363020344247               
8836           0.0564045013408               
11045          0.0550467117583               
1975           0.0653598866701               
7237           0.0122740907197               
10944          0.0409966258722               
10844          0.0701620918385               
11967          0.0222657850644               
10198          0.109541883185                
3259           0.0370711490833               
5721           0.294475402209                
6940           0.124124616168                
1430           0.0537712644984               
10825          0.103489502155                
1164           0.0370711490833               
774            0.0701620918385               
2985           0.113377643691                
407            0.118072235138                
3669           0.0778984462957               
6421           0.0347429185542               
9217           0.120818492362                
11927          0.047595490525                
9517           0.0428272092068               
10614          0.156319017002                
8930           0.237977452625                
1909           0.0371833543442               
1332           0.062550594938                
8743           0.0448323863779               
1175           0.0724387364736               
247            0.0653598866701               
6614           0.0864287982489               
313            0.216080971939                
1932           0.0822070005535               
1716           0.050563563664                
