123
3384           0.0895925439632               
1186           0.0869663815753               
697            0.029301759334                
9131           0.084973236854                
262            0.0931537411313               
8524           0.164131877056                
7454           0.0477717206184               
10866          0.100777418596                
6933           0.0280781042171               
7571           0.0516302070675               
1531           0.0675801919947               
3784           0.365334943627                
2021           0.0534311384385               
7918           0.174549949364                
5089           0.0660522958051               
1668           0.0776760689574               
11299          0.071674083616                
5375           0.084973236854                
2358           0.066548805621                
2084           0.0456668679534               
11788          0.0393121081973               
660            0.153814234082                
6678           0.258529376732                
578            0.0463915455129               
6197           0.0324540013271               
11598          0.0631043258444               
6962           0.04150285784                 
9410           0.0552962607212               
3868           0.034287620518                
9595           0.0412156011563               
1053           0.152773811811                
4408           0.0335924728654               
7532           0.0670578866321               
11949          0.0862709532918               
2282           0.0815177361805               
5169           0.0826048996381               
2548           0.0167514979964               
9744           0.104709624484                
7154           0.0239959314649               
11906          0.185566182052                
6655           0.0681164271299               
4428           0.0228197116256               
478            0.0349032081614               
8790           0.0441259557147               
6242           0.0321791775609               
5752           0.0670578866321               
11062          0.0473357389613               
1856           0.230460888459                
5604           0.084179967037                
10139          0.120290914272                
7555           0.0444583207344               
11386          0.0925074325547               
2880           0.0763185964935               
6042           0.0259669755432               
7696           0.253571738823                
12288          0.165209799276                
9310           0.0081805042773               
4183           0.0891483715187               
11985          0.0387997842823               
12223          0.122083106194                
7119           0.104695384525                
2181           0.0558791312678               
452            0.0744519589373               
9309           0.049329253829                
7171           0.0313765493529               
1913           0.0597831477684               
2923           0.053908977873                
11588          0.0907578403389               
10105          0.0495835987294               
8970           0.0405149161196               
12218          0.0128474814958               
201            0.0449674017454               
4677           0.040653113405                
6892           0.0768202961531               
8173           0.0744390408861               
3576           0.0570981484824               
8              0.124936294109                
11179          0.0521147516193               
8720           0.0428488519141               
6395           0.0277834817171               
7804           0.0583958649202               
2816           0.0516302070675               
1901           0.0675801919947               
11996          0.0944238939926               
4124           0.0759994627597               
5927           0.150728772658                
2151           0.0616637347528               
447            0.0616637347528               
7237           0.0351931318933               
5753           0.126785869411                
10869          0.0759994627597               
11041          0.0829133209369               
940            0.0398378277081               
682            0.0710356926682               
5317           0.0437989952444               
8093           0.151998925519                
4423           0.0422394832843               
4297           0.0313765493529               
6048           0.0587338161674               
215            0.0624681470544               
2925           0.047726190567                
8594           0.0500207382473               
12238          0.0500207382473               
2206           0.0426947697358               
2059           0.0285282937502               
6421           0.0664115516691               
210            0.0334950991841               
5994           0.08765823614                 
1909           0.0355382385969               
11914          0.106759598566                
6329           0.0581331594844               
2313           0.0752108273329               
6273           0.0567863960999               
9278           0.00972931965164              
11292          0.0190776366115               
1515           0.0308587277958               
10948          0.0942866400407               
12224          0.043004123928                
367            0.136576012062                
119            0.0751466588804               
6063           0.0297805349499               
8422           0.0485306028686               
8064           0.0296196730849               
