332
169            0.0333102030401               
1999           0.0538172386672               
9633           0.0163464615698               
3603           0.0330905788443               
11381          0.0574011377448               
3265           0.038677496732                
3786           0.0245744938323               
3247           0.0523949429091               
3872           0.0582808131241               
2805           0.0239115263447               
12292          0.0390512682799               
226            0.213175836787                
9235           0.0363744187521               
5614           0.0523949429091               
2142           0.107395582083                
6052           0.0183790914205               
9595           0.021832696566                
8377           0.0628421438147               
12107          0.0922720576182               
2254           0.0335344512413               
6798           0.039556006408                
2852           0.0403169013013               
1099           0.0366744779219               
7050           0.0538172386672               
912            0.0464342534735               
2944           0.0568310843346               
4428           0.036264120309                
5216           0.0347324987982               
8926           0.0282763062484               
6242           0.0170459292045               
9980           0.080516753999                
7555           0.0235504274885               
2880           0.0134758094252               
3160           0.0373012113959               
5008           0.0538172386672               
10869          0.0402583769995               
10784          0.165476927215                
9972           0.0176916660664               
11041          0.014640260213                
11965          0.116464063691                
5049           0.0573991924619               
2743           0.172203413234                
10781          0.0511403891394               
4186           0.0431815125546               
9534           0.019592756863                
10425          0.0194106772818               
848            0.0337635223523               
11591          0.0270206717221               
7099           0.0836075909106               
4645           0.0480761734274               
6296           0.0628421438147               
1579           0.0480761734274               
9310           0.0476670748202               
3239           0.0628421438147               
3651           0.0237294467635               
1798           0.0294447528706               
2475           0.0416199808776               
10285          0.0332049191103               
4768           0.0288445154206               
11045          0.0278691969702               
7237           0.0124283191846               
726            0.0600903570733               
10844          0.177609260829                
7785           0.0309334126822               
6066           0.0355218521657               
4297           0.0498622848211               
1164           0.0938424042701               
11954          0.0352521821638               
115            0.0291404065621               
8411           0.0264969470182               
10614          0.158283222952                
6759           0.0144497113724               
8804           0.0208933210547               
4041           0.0185998536468               
3173           0.0538172386672               
247            0.0330905788443               
1026           0.149204845584                
9182           0.0373012113959               
2353           0.0104115937133               
2019           0.0437574039458               
1716           0.0511989134412               
6206           0.0328753918059               
7733           0.0383163978758               
2763           0.0192316580069               
3859           0.0262653858087               
11882          0.0576890308411               
9444           0.0278691969702               
579            0.0192316580069               
3740           0.0174386518868               
11238          0.0404464019569               
11086          0.0285566223242               
1960           0.0416199808776               
2561           0.103779408892                
2084           0.0241906181925               
11029          0.013237208175                
6197           0.0171915086387               
1015           0.0597779281027               
562            0.0444345305452               
4203           0.0268540104903               
5806           0.0490029660712               
10799          0.0450119577155               
9561           0.0574011377448               
3957           0.0661811576886               
7128           0.0277368797888               
7919           0.0435904652388               
10944          0.0207558817784               
12132          0.043665393132                
2279           0.0394386344641               
11124          0.0629595157586               
1341           0.0264969470182               
3321           0.0189398206794               
8288           0.0307573525394               
11105          0.0480074936013               
8621           0.0628421438147               
9173           0.0312945115384               
4982           0.0142625115429               
12129          0.0130699928707               
3994           0.0342369956839               
8213           0.0355218521657               
236            0.0390634343533               
4952           0.0345793577664               
8911           0.0213996819297               
230            0.0412403867372               
9250           0.0538172386672               
2007           0.0464342534735               
313            0.0820485408137               
2258           0.0191139618245               
8369           0.0326644661782               
11664          0.0221392327175               
4358           0.0294447528706               
1709           0.0273495136046               
9947           0.0500181525511               
5229           0.148001252331                
3898           0.0490029660712               
4852           0.0176916660664               
4772           0.0274770767595               
2444           0.0234620336524               
9109           0.0307573525394               
3661           0.0338999400636               
201            0.0238200974904               
10692          0.0191817874119               
9644           0.0349891713658               
4808           0.0490029660712               
9882           0.0554591586211               
697            0.0155217054329               
938            0.0622676453353               
9278           0.00412304618229              
4316           0.0238200974904               
4661           0.035798527361                
12168          0.0813863764676               
2028           0.0541977619113               
5230           0.099271736533                
1954           0.0752579450436               
6990           0.0554591586211               
5805           0.0480761734274               
8066           0.0231156162543               
665            0.0302459873282               
3232           0.047223606841                
1393           0.178564274231                
3639           0.0437574039458               
8451           0.0690922323688               
6281           0.0398406216474               
10898          0.0538172386672               
7753           0.139302760421                
3070           0.0324576364537               
6369           0.0311124319571               
194            0.0344818661493               
6388           0.0333102030401               
11217          0.0299182262023               
8849           0.0302459873282               
6063           0.0157753220842               
7520           0.0200940915659               
5683           0.0366293150082               
457            0.0443662208535               
7454           0.00843519970946              
7004           0.0659545858671               
4802           0.0202883473352               
7              0.07454389849                 
11073          0.0349891713658               
2638           0.0175391375011               
4529           0.0370884653057               
4969           0.0268540104903               
3819           0.0574011377448               
2579           0.0251775641005               
2430           0.0224548527317               
10202          0.0322547465836               
8026           0.0406931882338               
9201           0.0241906181925               
6322           0.0426351673575               
3258           0.0191726473511               
10890          0.119555856205                
4011           0.123029410158                
2548           0.0266207719301               
7154           0.0127111063722               
5827           0.0158612209056               
12138          0.0159913821521               
10075          0.0478230526894               
3945           0.0363744187521               
4507           0.0437574039458               
471            0.0883342586119               
5824           0.0390512682799               
6145           0.0122097716694               
3267           0.0731424802479               
4239           0.107634477334                
11228          0.0426351673575               
4853           0.0344818661493               
2440           0.0320556492705               
7476           0.0309600338818               
2460           0.02487176139                 
2626           0.0201584506506               
5370           0.0343830172774               
3935           0.0411465075459               
12218          0.0136111160467               
4921           0.0393096797487               
4355           0.038677496732                
11800          0.0671609132964               
10137          0.0243808267493               
5641           0.0628421438147               
2644           0.0335344512413               
6848           0.0208933210547               
5936           0.0443662208535               
3545           0.121654917266                
5984           0.0480074936013               
11458          0.0113854956604               
2146           0.0666517958177               
2687           0.0208243797388               
3176           0.047223606841                
4122           0.0416199808776               
389            0.0480761734274               
627            0.0284155421673               
8675           0.0199665284109               
10972          0.0171427607453               
2153           0.0296002504662               
4121           0.0236395610307               
873            0.018768480854                
2305           0.0450119577155               
12238          0.0264969470182               
1403           0.201291884998                
4654           0.0403169013013               
1574           0.0291404065621               
9217           0.0611683105808               
9819           0.0337635223523               
8743           0.0453957218042               
8594           0.0264969470182               
8057           0.0172404806612               
193            0.0302459873282               
7208           0.054954153519                
4570           0.106565556497                
10924          0.016760606891                
1123           0.054954153519                
3800           0.0464342534735               
8897           0.0339976283942               
1602           0.0190555978641               
7393           0.086138943947                
10613          0.0253864216967               
624            0.0666204060803               
1019           0.0628421438147               
4925           0.0822930150919               
441            0.0202232009785               
7518           0.0147174445807               
4359           0.0240037468007               
9718           0.0416199808776               
2632           0.0257075936507               
11862          0.01364957178                 
10586          0.0148735117849               
6235           0.0163464615698               
8073           0.038677496732                
711            0.0342369956839               
1875           0.0171915086387               
10393          0.0252814809846               
4078           0.0333102030401               
11056          0.0335344512413               
5205           0.0140421299683               
11891          0.0182704027618               
4701           0.047223606841                
4753           0.0177945789069               
9723           0.0554591586211               
11071          0.0398406216474               
1959           0.0342369956839               
7800           0.0582808131241               
11992          0.0469240673048               
8500           0.133668272256                
9262           0.0416487594776               
2396           0.0437574039458               
10265          0.022780111474                
4743           0.0330905788443               
5754           0.0628421438147               
12114          0.0437574039458               
9257           0.0316682830862               
5127           0.0232011700967               
10762          0.0297580518136               
11209          0.0302459873282               
797            0.0421154839919               
2718           0.0538172386672               
4267           0.0266146432005               
197            0.0347324987982               
5783           0.0554591586211               
7198           0.0527692141589               
3702           0.0188824006151               
9914           0.0913987661389               
7573           0.125684287629                
3441           0.0641112985409               
2811           0.0302459873282               
11771          0.037967140484                
10661          0.0426351673575               
9933           0.0628421438147               
11148          0.0318602053259               
9377           0.0597779281027               
8299           0.0366744779219               
7617           0.0574011377448               
940            0.021102863474                
8599           0.0628421438147               
9727           0.0416199808776               
3497           0.037967140484                
2963           0.0721651628492               
8581           0.0628421438147               
10248          0.0213166110373               
1048           0.0311124319571               
3098           0.017589738053                
8930           0.144580636114                
1909           0.0564758653041               
5022           0.037967140484                
3080           0.0376289725218               
8506           0.0538172386672               
3391           0.0243808267493               
11292          0.0303173730081               
8492           0.0511403891394               
5896           0.0628421438147               
8931           0.0330905788443               
9491           0.0456993830695               
1515           0.0163464615698               
2459           0.0554591586211               
