368
12061          0.038429746138                
9790           0.0118296713372               
9488           0.0346235828908               
9135           0.0207544713834               
10844          0.0183126424661               
9936           0.038429746138                
4207           0.0167329419902               
4387           0.0254921095963               
7223           0.0295921087607               
9192           0.0308174196437               
4911           0.0229074111121               
11520          0.038429746138                
4340           0.0252625846551               
6427           0.038429746138                
5683           0.0377671494378               
11014          0.0199394774189               
3654           0.0378137152693               
9187           0.038429746138                
3772           0.0146491140654               
12243          0.0139703334122               
542            0.0295921087607               
589            0.0295921087607               
2142           0.0369105546252               
1086           0.0161333141718               
2871           0.038429746138                
4428           0.00623176841932              
12126          0.115289238414                
8451           0.0356192391842               
9085           0.0155927666551               
11922          0.0527893304734               
11817          0.0945342881732               
6389           0.0222614405597               
3730           0.0152598688032               
6294           0.0219797822664               
8926           0.014577333529                
6242           0.00878771764402              
2880           0.00694720756099              
4560           0.0192299586367               
1352           0.0446107901869               
10784          0.0731216650287               
9972           0.00912061549587              
11041          0.0150950378174               
11965          0.0400272813961               
11672          0.0172880741977               
9633           0.00842711987307              
3679           0.0247847936253               
9835           0.0115761894337               
5667           0.0676749925623               
9534           0.0101006881534               
10425          0.010006820349                
3265           0.0199394774189               
792            0.0346235828908               
4645           0.0247847936253               
3379           0.038429746138                
1142           0.0522185028824               
9310           0.0201059102504               
481            0.00944691739157              
10969          0.0323971201196               
1668           0.0212123308746               
4571           0.0346235828908               
10285          0.00342363798457              
5230           0.0170592438859               
5377           0.0308174196437               
11045          0.0143674557721               
726            0.0309784866964               
3649           0.0174061676275               
498            0.0170592438859               
10643          0.0285909568725               
7785           0.015947156248                
6066           0.0183126424661               
6648           0.0266640452885               
3979           0.0257859455135               
1164           0.0290272431101               
2638           0.0180839643566               
6102           0.0123271509246               
11954          0.0545208570577               
561            0.0346235828908               
2369           0.0308174196437               
8476           0.0308174196437               
1807           0.038429746138                
11927          0.0124226512942               
8862           0.0183126424661               
1575           0.0169483081362               
8804           0.0107711702819               
10050          0.0266188008873               
675            0.0232050931494               
1026           0.0192299586367               
3233           0.0505251693101               
8449           0.038429746138                
10474          0.0184552773126               
9235           0.0187521676069               
1716           0.0131973326184               
11882          0.0297405267913               
5320           0.0273200347169               
9828           0.0252625846551               
1353           0.0123271509246               
3740           0.0359607146163               
8148           0.038429746138                
11238          0.020851404218                
10132          0.0116176321424               
9966           0.0205391052373               
10181          0.0146491140654               
2059           0.0155814168878               
5293           0.0156792429752               
11788          0.0107356288449               
3216           0.0214564214079               
1296           0.0285909568725               
6197           0.0177255369278               
5505           0.0243452684845               
6962           0.0113338942683               
1442           0.0257859455135               
10816          0.0254390831772               
11007          0.0212123308746               
6133           0.0230701143203               
3504           0.0137820475547               
7919           0.00449445373021              
10975          0.014506479219                
12132          0.0225108963586               
11906          0.0126689317111               
8001           0.015767102975                
2607           0.0225583308541               
6138           0.0137206934768               
3822           0.038429746138                
7470           0.0464101862987               
2089           0.0146491140654               
5757           0.038429746138                
9173           0.0161333141718               
4982           0.0220583324317               
11251          0.0295921087607               
1566           0.0263946652367               
10403          0.0207544713834               
1626           0.0346235828908               
8859           0.00660282307163              
2525           0.0270112563965               
313            0.0140995424993               
9763           0.0174061676275               
9640           0.0112166414253               
11664          0.0114134772967               
8258           0.0164249472778               
1809           0.0270112563965               
5229           0.0152598688032               
9890           0.0143674557721               
4772           0.0141653053552               
11890          0.0220583324317               
9467           0.0235594827423               
8037           0.0308174196437               
4808           0.0252625846551               
3427           0.0226425567261               
9752           0.0434237379871               
11262          0.0197077082226               
4758           0.038429746138                
9278           0.00903363508708              
1521           0.0170592438859               
6639           0.04600195613                 
8681           0.0174061676275               
2406           0.0323971201196               
2028           0.0139703334122               
11009          0.038429746138                
6129           0.0270112563965               
3724           0.038429746138                
10193          0.0192299586367               
4654           0.0311769637783               
3981           0.0176502581608               
10473          0.0330514096715               
3232           0.0243452684845               
7833           0.0243452684845               
6019           0.0115761894337               
4614           0.038429746138                
6421           0.0181361367382               
9772           0.0266188008873               
6139           0.0174061676275               
3873           0.0355529933186               
194            0.0177764966593               
4486           0.0225583308541               
8849           0.0155927666551               
1858           0.0346235828908               
5538           0.0163260052705               
8017           0.0170592438859               
6063           0.00813267933688              
1765           0.0323971201196               
3624           0.0150228046724               
7454           0.0043486132336               
7004           0.0113338942683               
7538           0.0257859455135               
6850           0.0328498945556               
11728          0.012926778743                
11090          0.0186017162                  
5523           0.0311855333101               
7856           0.0207544713834               
2892           0.038429746138                
2522           0.037124080492                
4529           0.0095601406367               
10893          0.0122800164478               
11966          0.0323971201196               
11076          0.0270112563965               
6527           0.0295921087607               
6192           0.0314792364522               
9787           0.0398789548379               
7099           0.0143674557721               
8026           0.0419572607563               
10464          0.017526856724                
9410           0.0453020831624               
1673           0.0270112563965               
6322           0.0219797822664               
2399           0.0140345579202               
6568           0.0183126424661               
4011           0.0158563916552               
3977           0.0346235828908               
2548           0.00457461767716              
11117          0.0207544713834               
5827           0.00817696290625              
10601          0.0323971201196               
4014           0.0255412445249               
1075           0.0174061676275               
11878          0.0151797048563               
471            0.0455391145688               
5824           0.0201321685176               
6145           0.00629452490629              
2881           0.0117866034079               
7482           0.0295921087607               
4380           0.0308174196437               
3267           0.062845450908                
2032           0.0193989299022               
11150          0.0148702633956               
1905           0.0285909568725               
11985          0.0105957198028               
5355           0.0346235828908               
3425           0.0235594827423               
1319           0.0252625846551               
7476           0.00798044016076              
10402          0.0346235828908               
2460           0.0128221825741               
1410           0.0346235828908               
5089           0.0180380286033               
5370           0.0088627684639               
12218          0.00701696241978              
4921           0.00675512927777              
4677           0.0111018400417               
11775          0.115289238414                
10118          0.0439595645327               
7969           0.0323971201196               
6790           0.0219797822664               
6052           0.00947500508883              
9638           0.0192299586367               
8682           0.0346235828908               
4423           0.0115350571602               
6042           0.00709124553326              
8753           0.0141653053552               
10692          0.0148332305322               
6338           0.0212123308746               
4099           0.0187521676069               
9811           0.0203318680829               
8218           0.00658615801228              
12009          0.038429746138                
3181           0.0209786303782               
1438           0.0172880741977               
1430           0.0140345579202               
2305           0.0464101862987               
614            0.0188938347831               
4146           0.00891337834144              
6146           0.0323971201196               
9217           0.141903926775                
9888           0.0172880741977               
109            0.0154237953896               
1332           0.0163260052705               
10923          0.0103261622321               
2708           0.0195732662222               
5351           0.0199394774189               
8057           0.00888801509616              
193            0.0623710666202               
4570           0.0183126424661               
6812           0.0277444950119               
7520           0.0103591421081               
11460          0.0155076311072               
2924           0.0181736190192               
12090          0.0270112563965               
1602           0.00982376563687              
9441           0.026963821901                
10613          0.0130875063006               
3802           0.015767102975                
3765           0.0209786303782               
5832           0.038429746138                
6491           0.0140345579202               
146            0.038429746138                
11259          0.045744390595                
3863           0.0180380286033               
9846           0.0445228811195               
532            0.00973447695669              
2554           0.768594922759                
1643           0.0174061676275               
7931           0.0692471657816               
11170          0.038429746138                
409            0.184904517862                
361            0.0505251693101               
10279          0.0105612925249               
10393          0.013033406032                
6540           0.0257859455135               
10546          0.0375043352139               
11056          0.0172880741977               
12020          0.0205867585042               
5604           0.0114942307056               
3868           0.00936350617496              
11032          0.0295921087607               
4059           0.0346235828908               
1333           0.0323971201196               
5014           0.0239383317648               
7349           0.014506479219                
7532           0.109875854797                
4029           0.00601760238972              
1959           0.0176502581608               
4781           0.0199394774189               
1392           0.0176502581608               
4771           0.0280691158404               
11992          0.0120954231722               
8500           0.0137820475547               
11733          0.0197533194952               
47             0.0308174196437               
9257           0.0163260052705               
5483           0.0192299586367               
926            0.0189068576346               
6345           0.19214873069                 
3925           0.0263644941012               
10998          0.00876385315698              
5426           0.0193989299022               
1486           0.0295921087607               
11195          0.148708761752                
9309           0.0033677954744               
4267           0.0137206934768               
8620           0.0183126424661               
2372           0.0152598688032               
6887           0.0209786303782               
4753           0.0275210109966               
2676           0.0165257048357               
1331           0.0372034323999               
486            0.0270112563965               
7198           0.0181361367382               
4969           0.0138440949136               
4306           0.0285909568725               
9395           0.0199394774189               
622            0.0222614405597               
6996           0.0372034323999               
12056          0.0195732662222               
3441           0.0165257048357               
10220          0.0212123308746               
3968           0.0369105546252               
1762           0.0181736190192               
9476           0.0295921087607               
1393           0.0409135786923               
10717          0.0111398411126               
9154           0.0203318680829               
940            0.0326375881534               
6981           0.0311855333101               
8675           0.0102933792521               
6329           0.0238131221814               
3808           0.0154237953896               
3721           0.038429746138                
4472           0.0214564214079               
3098           0.0181361367382               
8930           0.0745359077654               
5999           0.00953161520714              
6681           0.0193989299022               
9329           0.0239383317648               
3702           0.0292034308701               
2825           0.012926778743                
8908           0.0219797822664               
12220          0.0346235828908               
1515           0.00842711987307              
1403           0.0207544713834               
