154
4809           0.0470745865368               
7454           0.00992301103616              
4428           0.0142201440961               
6717           0.0507979230364               
2271           0.054624386564                
3504           0.0314489706579               
3786           0.0289089745241               
2657           0.0296184150985               
9546           0.0305174700241               
1213           0.0758877601816               
2105           0.0414700071971               
7453           0.0138001013115               
10975          0.0331020363627               
10464          0.039994173627                
9410           0.0689159274516               
6214           0.0299887899355               
11105          0.0564751168002               
8713           0.0521915917021               
6798           0.0232664727364               
1041           0.0588404183503               
9301           0.0374797491409               
10385          0.0229053496727               
2548           0.0208774518488               
5290           0.0308981081926               
2592           0.0454994831352               
12152          0.0363894876238               
8598           0.0703216356119               
8911           0.0251741852325               
4294           0.0332637173545               
8319           0.0280215167893               
11103          0.0876920467651               
2881           0.0268956077289               
3267           0.0573622963859               
11230          0.0180161330979               
7704           0.0332637173545               
10692          0.0112825478197               
10784          0.0278091370776               
4432           0.053759898777                
429            0.0876920467651               
2480           0.053759898777                
7476           0.0182104021523               
2626           0.0237140239909               
10425          0.0228343573977               
3642           0.0221457169161               
12218          0.00800593106256              
4921           0.0308287809347               
4355           0.0909989662704               
4645           0.0565559104619               
3116           0.0876920467651               
8616           0.789228420886                
9310           0.0254884793266               
10183          0.0223483645085               
10285          0.00781232905291              
6052           0.0216208191011               
2146           0.0261359749723               
77             0.025333060297                
9243           0.018259443714                
4423           0.0263216095234               
6648           0.060844136154                
8827           0.0507979230364               
1164           0.0220788895416               
873            0.110394447708                
11172          0.0484039812383               
3169           0.0478707048853               
4146           0.0203392545854               
11985          0.0241781549408               
11869          0.0602294433582               
9217           0.035978627766                
9517           0.0255070923032               
8641           0.0377096657386               
10614          0.0310335700851               
8804           0.0491570235558               
4041           0.0218805196516               
10050          0.0303704469431               
9278           0.00606284293477              
5327           0.0529512244587               
10265          0.0267980967075               
7624           0.0459534929284               
4570           0.0417872419393               
104            0.0612630003963               
7141           0.0454994831352               
697            0.018259443714                
7251           0.0368142775586               
579            0.0226237624738               
3740           0.0205145036381               
2781           0.0397187756617               
11086          0.0335934759388               
2561           0.0244168307861               
11862          0.01605710073                 
1875           0.040447537895                
11788          0.0244974105044               
10279          0.0240995960439               
6197           0.0202237689475               
12136          0.0739263216151               
1503           0.0158526899485               
6962           0.0258625800608               
5127           0.0545868443787               
3868           0.0213663920244               
4029           0.027462886082                
7919           0.0512790073187               
11065          0.0495438669906               
11628          0.111105934178                
11064          0.0406785091708               
1959           0.0402757608259               
11992          0.055200594386                
8500           0.0628979413158               
9625           0.0220788895416               
8451           0.108371745056                
9257           0.0372539754108               
4982           0.0335563031862               
12129          0.0461258848512               
9793           0.0633095921406               
7183           0.022554343443                
12148          0.0459391809874               
7710           0.0435063861255               
5999           0.0217499965649               
8381           0.0397187756617               
2372           0.0348211805489               
7821           0.0324754006411               
5229           0.0696423610979               
1726           0.042790185312                
8997           0.0192828778566               
5322           0.0555529670892               
9416           0.0298641112649               
1175           0.0431431693024               
8131           0.0205734689376               
2811           0.106742439917                
1026           0.131641340487                
1393           0.0233399632874               
2065           0.0809816506514               
9874           0.140643271224                
3878           0.0366000825476               
643            0.0555529670892               
627            0.0334275118832               
8675           0.0234882502608               
774            0.0417872419393               
795            0.0876920467651               
1129           0.0435063861255               
3232           0.0555529670892               
1739           0.0217499965649               
5965           0.0703216356119               
9772           0.0303704469431               
5755           0.0357781418406               
8930           0.141734961549                
6139           0.0397187756617               
8418           0.053759898777                
6329           0.0181128911309               
3179           0.0353865442511               
7547           0.106040142704                
2750           0.0306315001982               
11217          0.0351952412525               
10998          0.0299970842167               
9491           0.053759898777                
2459           0.0652411160385               
