186
5860           0.0469411850945               
7454           0.0236150141848               
7004           0.0307741870267               
10608          0.0517687585824               
2274           0.119360550621                
6233           0.0522138577961               
3348           0.0374384903047               
3349           0.0390110195631               
10877          0.0359852291367               
2212           0.0661031264118               
2638           0.024551106977                
8134           0.0366065572209               
9912           0.0649981975653               
7955           0.0552058009518               
326            0.0379327390103               
2435           0.192310668325                
1010           0.0330904180273               
578            0.0687982549818               
1445           0.071667720315                
2659           0.0274257425536               
10882          0.0682560685404               
4789           0.0940111659939               
956            0.0713680250008               
10105          0.0367660209482               
6798           0.0276850485048               
7154           0.0355857558354               
8689           0.0526726544994               
11185          0.160904716636                
4428           0.0507621481998               
8294           0.0328419170019               
8919           0.0329656497981               
11730          0.0613346137634               
11177          0.0332162391654               
9454           0.0776311683553               
132            0.0336002015785               
1326           0.0322382022881               
2880           0.0377266030075               
2739           0.0262719293473               
9539           0.056075915352                
11230          0.0214376078546               
5233           0.0469411850945               
2446           0.0649981975653               
10692          0.0268504716796               
6611           0.124206772912                
8825           0.0733419102467               
11202          0.063969533419                
8955           0.046018640374                
11821          0.0359852291367               
9069           0.0505500435948               
4982           0.0399290383153               
2632           0.0719704582733               
2246           0.0465311474097               
9365           0.0569619126081               
8296           0.0401734040352               
12256          0.0956621077361               
8970           0.0300416325749               
7179           0.0418792299225               
1953           0.0541403680658               
9310           0.078855504468                
26             0.0349565649904               
6068           0.041655019436                
2640           0.0421068636018               
10285          0.0185919637425               
6052           0.0257268659632               
9638           0.0522138577961               
7237           0.00869851763877              
4425           0.0395808870061               
11041          0.0204932879189               
8328           0.0493456474367               
8218           0.0715318684501               
4297           0.0232655737049               
6145           0.01709111468                 
3678           0.104427715592                
2522           0.0336002015785               
960            0.0197070047013               
6620           0.0553700970096               
11985          0.0287698698414               
11869          0.0358338601575               
7503           0.0463198570103               
6775           0.407165090311                
1332           0.044328941818                
4041           0.0520717733819               
10923          0.028037957676                
9278           0.0216427435255               
11852          0.0391985656383               
8291           0.051062915645                
9601           0.0469411850945               
1716           0.0358338601575               
993            0.169059804743                
632            0.0513365626289               
1938           0.020819791106                
2924           0.0493456474367               
2663           0.0466272847345               
1602           0.0533476656581               
10631          0.062103386456                
5227           0.0361381506452               
11918          0.0244806117327               
9309           0.00914435633008              
5320           0.0370901579832               
1353           0.0334711123186               
8293           0.0238607190002               
8950           0.044328941818                
11458          0.0159373014737               
10132          0.0315446020489               
11267          0.0753328254389               
9966           0.0557684985382               
11973          0.0649981975653               
10586          0.020819791106                
8524           0.0243406133672               
7453           0.0164209022359               
9615           0.0940111659939               
6265           0.0315446020489               
11272          0.0423380266258               
11891          0.17902307276                 
10952          0.0630072823731               
6133           0.0313203915624               
2136           0.0630072823731               
11992          0.0328419170019               
9262           0.0874492673307               
4906           0.0305611874559               
8288           0.0430538304677               
230            0.0288639377646               
5473           0.0596802753103               
80             0.097071016313                
5867           0.317189692281                
11806          0.0391985656383               
12077          0.0501104159084               
11209          0.0423380266258               
7099           0.0390110195631               
6554           0.0395808870061               
11989          0.0569619126081               
280            0.234705925472                
8188           0.0339943139444               
576            0.0501104159084               
446            0.0425728301617               
9124           0.0836765381203               
2258           0.0267555301095               
9955           0.0322382022881               
110            0.0330904180273               
5101           0.0557684985382               
262            0.0345365452045               
2794           0.0940111659939               
2444           0.0656838340037               
11890          0.0199645191576               
7198           0.0246219371167               
9261           0.159436846227                
2436           0.0699131299807               
10943          0.0348152396063               
10564          0.0505500435948               
8830           0.0803495310576               
11179          0.115928579138                
10543          0.0366065572209               
4316           0.0333431311346               
9153           0.130652601117                
4203           0.0375899718138               
159            0.0382835720531               
11555          0.0879657962289               
2162           0.0472618365148               
3566           0.0908677413291               
11967          0.0315590504496               
3165           0.0466272847345               
8485           0.0407904458706               
8730           0.187764740378                
5931           0.0879657962289               
3319           0.0397757880348               
8941           0.0382835720531               
6346           0.0486181999267               
8784           0.0509165428431               
8059           0.0316579844689               
8              0.0463198570103               
6019           0.0314320753534               
1739           0.0258805757409               
6421           0.0246219371167               
10429          0.0522138577961               
11724          0.0370901579832               
2146           0.0310995028351               
1909           0.0263514480231               
9546           0.0181565475659               
9237           0.02557472468                 
3702           0.0264313930746               
5456           0.0285834959598               
11292          0.0424379515773               
4616           0.156641573388                
10998          0.0118979606542               
9588           0.0322382022881               
4417           0.083758459845                
