145
4809           0.104688149822                
5683           0.0479135022435               
8004           0.079843965085                
5923           0.0662472914227               
1936           0.102803937805                
6753           0.0432873187029               
5787           0.0194863232662               
930            0.108816224945                
6914           0.0470976692819               
3786           0.0482175300755               
3872           0.114352583569                
4524           0.0491988872493               
9164           0.167308631328                
12292          0.076622359574                
6192           0.0399363067859               
2430           0.0440585895409               
12114          0.0858562522254               
8026           0.079843965085                
3433           0.0858562522254               
9410           0.114945474867                
4952           0.101772058936                
9377           0.117290067735                
10772          0.117290067735                
7004           0.0431364222509               
8997           0.0321620797105               
2852           0.0395528268925               
3746           0.0752371712382               
2548           0.0174108417713               
10711          0.0961485516832               
4633           0.0456921604291               
12071          0.0883178078746               
6263           0.0600090662135               
9456           0.0628962795056               
5037           0.0789908234533               
1352           0.0565957247906               
3267           0.047837536556                
2835           0.0614028537716               
10247          0.100342382155                
10784          0.0463831016314               
4177           0.0707975092758               
9648           0.146262327595                
6338           0.0807334213528               
2891           0.0649269112734               
7476           0.0607465763086               
3740           0.0684326381298               
3223           0.0943300950151               
7690           0.0773824094357               
4375           0.108816224945                
4186           0.0847262977017               
11588          0.0943300950151               
3688           0.0600090662135               
3935           0.0807334213528               
12218          0.0267063241188               
7179           0.117404898067                
4921           0.0257097959436               
4355           0.0758889837017               
11887          0.0896666028044               
9251           0.146262327595                
4768           0.0565957247906               
5571           0.123302354875                
7237           0.0121927812259               
389            0.0943300950151               
6772           0.0363855752947               
7785           0.0606943429442               
6066           0.0696973043198               
4247           0.0870508097922               
1438           0.0657978317814               
1524           0.123302354875                
4121           0.0463831016314               
10825          0.102803937805                
11927          0.0472801950518               
5822           0.146262327595                
1574           0.0571762917847               
9217           0.0600090662135               
9517           0.0850870022554               
10466          0.0568839923652               
1175           0.0719588673633               
9278           0.00808981477517              
1026           0.0731885789634               
8057           0.0338274879828               
10265          0.0446967786036               
8010           0.0603488959418               
3233           0.0961485516832               
9109           0.120697791884                
2802           0.209091912959                
4776           0.0676567513233               
4925           0.0807334213528               
10585          0.0625127996123               
9896           0.0789908234533               
2084           0.047464328999                
11029          0.0519453615319               
10393          0.0496047071424               
1503           0.0264408394609               
353            0.098140445594                
11007          0.0807334213528               
7919           0.0171057404722               
12132          0.0856757181232               
1959           0.067176291823                
11384          0.0625127996123               
8500           0.0524540117214               
11105          0.0470976692819               
5610           0.0467373316                  
6242           0.0334457592368               
4986           0.0275520150564               
2743           0.112626575524                
10098          0.117290067735                
8213           0.0696973043198               
4515           0.131776197665                
10391          0.0583881714145               
8347           0.0502286062436               
313            0.0536623868543               
4406           0.0563113793457               
9309           0.0384531505763               
5999           0.0362770084645               
8658           0.146262327595                
5229           0.116157099864                
12041          0.0443752481415               
11062          0.147596661748                
12107          0.0603488959418               
1951           0.030129801115                
7198           0.0345127647135               
323            0.163324843506                
9574           0.0911084895041               
5120           0.076622359574                
3262           0.0807334213528               
3070           0.0636850171794               
4011           0.0603488959418               
1393           0.0778578555826               
3035           0.156342294219                
9727           0.0816624217531               
4654           0.0395528268925               
10731          0.102803937805                
4531           0.0603488959418               
10220          0.0807334213528               
11755          0.0725646798622               
8930           0.0945603901036               
1521           0.0649269112734               
6329           0.0302106486735               
194            0.0676567513233               
1123           0.107825356166                
8849           0.178036644043                
1906           0.079843965085                
4140           0.0858562522254               
8492           0.100342382155                
1515           0.0320733361894               
