196
1999           0.240344649148                
5683           0.0545281281748               
1576           0.049534238699                
11124          0.03514669068                 
10446          0.0749841804523               
7806           0.0390648996685               
7658           0.0832271757731               
25             0.0420121991695               
478            0.0206425879421               
4387           0.0552081785443               
11430          0.0667411851316               
50             0.0384985007911               
8336           0.0349398658414               
8636           0.0570974988191               
8304           0.0387783284893               
3321           0.0211460336355               
7260           0.0749841804523               
6192           0.0227248265445               
5915           0.0459394757363               
1010           0.0527864504258               
1602           0.0212752971742               
2142           0.0799370676726               
10620          0.0242918437227               
6383           0.0260971403304               
6214           0.0569238005785               
4952           0.0772146975202               
4203           0.0599642223323               
3258           0.0214059812197               
3064           0.0586498405833               
12133          0.0667411851316               
9087           0.03514669068                 
3741           0.049534238699                
5788           0.04702132381                 
11936          0.0345367042335               
5611           0.0847795175373               
5827           0.12396175313                 
2944           0.0317255385156               
8740           0.0600861622869               
1075           0.0376964804156               
10849          0.0257134900123               
6145           0.0408960961311               
10526          0.033956485333                
5218           0.048211529157                
6108           0.0555379178959               
3267           0.108883350319                
11230          0.0170988354292               
2835           0.0349398658414               
10692          0.0107080929822               
2888           0.0305353331686               
6599           0.0285814201744               
8306           0.0349398658414               
2881           0.025526208528                
7163           0.0369451488008               
3456           0.0440326603422               
2246           0.0185568379944               
8690           0.0278816813888               
5370           0.0191940687335               
8190           0.0365011720046               
3688           0.0341467634479               
9841           0.114194997638                
12218          0.00759830630428              
1951           0.0171446625706               
4677           0.0721296562227               
3652           0.0584981898109               
10582          0.0536763466547               
10490          0.0449478909307               
6040           0.02153811734                 
3272           0.0449478909307               
3873           0.0384985007911               
6068           0.0332244309611               
5936           0.049534238699                
106            0.048211529157                
5984           0.0267998333151               
77             0.0240432187409               
5317           0.0259037681272               
9891           0.0308219043478               
8827           0.048211529157                
10266          0.048211529157                
10429          0.0416462586513               
5591           0.0281103832155               
614            0.0204591581594               
10782          0.0584981898109               
4146           0.01930367438                 
2059           0.0168723118475               
1574           0.0325348390434               
109            0.0668065266612               
3776           0.0431828611621               
8804           0.0466541766429               
532            0.0632457749129               
10793          0.115495502373                
10923          0.0223633358406               
9278           0.00920664189249              
3438           0.0753929608312               
8057           0.0577462358475               
10265          0.0254336623141               
5177           0.0347365766437               
6812           0.0600861622869               
8662           0.0536763466547               
3497           0.0847795175373               
9864           0.0376964804156               
11882          0.0644089617963               
8234           0.249681527319                
8503           0.0600861622869               
9973           0.0449478909307               
9522           0.109422194257                
6100           0.0518431669662               
2561           0.0231736393734               
9224           0.0832271757731               
2084           0.0810254174983               
8708           0.0929362036151               
11460          0.0671696521413               
8524           0.0194142996287               
11139          0.0619193419754               
2226           0.342237596434                
1875           0.0191940687335               
5205           0.0156778333676               
6265           0.0754808040297               
10718          0.0510524170561               
1309           0.107352693309                
9863           0.0832271757731               
10816          0.0275466697008               
8528           0.0317255385156               
10092          0.0720239085373               
8393           0.266964740526                
11749          0.166454351546                
7919           0.0292008713197               
8838           0.0279954825297               
6281           0.0444814731711               
1629           0.107352693309                
11992          0.0261950184835               
8500           0.0298477354034               
5830           0.0231736393734               
663            0.0271141810041               
226            0.0952030854209               
8288           0.0343401356511               
10314          0.174400686582                
5792           0.0267998333151               
5610           0.0531895830758               
6242           0.0190315314178               
11918          0.0390519272544               
4986           0.0156778333676               
12129          0.0437773694173               
10465          0.048211529157                
8213           0.0396596300149               
7183           0.0214059812197               
2028           0.0605110109407               
11788          0.0232501163474               
10436          0.0832271757731               
3020           0.133482370263                
1909           0.0210181600543               
6443           0.0510226948749               
2258           0.021340459685                
9309           0.0145872473323               
4358           0.0328746372594               
8352           0.0284619002892               
8956           0.0218068774446               
5229           0.0330482480576               
3586           0.0558445380311               
9290           0.0464681018076               
8362           0.124938775954                
5130           0.0431828611621               
7198           0.0196386860681               
8343           0.101869455999                
5015           0.0315700836422               
2837           0.0288241250978               
1396           0.0431828611621               
6395           0.0328636245718               
11097          0.0376964804156               
1207           0.0600861622869               
9862           0.144634587471                
528            0.133482370263                
8158           0.0440326603422               
1953           0.0431828611621               
940            0.0235610393773               
10595          0.0557633627776               
729            0.0488545034984               
3812           0.0309678218652               
7722           0.0427796995542               
4654           0.0225066162301               
665            0.0337692038488               
1393           0.243667610528                
10791          0.133482370263                
1867           0.0420121991695               
3541           0.0502551944902               
1054           0.0640875333519               
1394           0.0619193419754               
4953           0.105448936984                
6329           0.0343813339868               
2813           0.0880653206844               
10924          0.0374259464299               
7800           0.0325348390434               
8849           0.0337692038488               
8744           0.0371903560132               
10998          0.0189798481761               
9254           0.0527244684918               
10728          0.0230976510735               
