245
11171          0.053286325044                
4809           0.0813944518875               
3086           0.102314893564                
9632           0.0361261766036               
11728          0.102004960267                
7836           0.203476395771                
3477           0.0564026714959               
1798           0.0299456891293               
5415           0.0225158819785               
2638           0.0178375264861               
4529           0.0754388842867               
10248          0.0216792652402               
6981           0.0307605547894               
11272          0.0307605547894               
12243          0.0275599074788               
9586           0.0297898216103               
5818           0.0326010040604               
8369           0.0332201786188               
4924           0.0818865655131               
8232           0.0836930456942               
9590           0.0322070477116               
6214           0.0259261025868               
249            0.136607010427                
3064           0.0267122322862               
4887           0.0241331499405               
7186           0.0244121165761               
4333           0.0556296081573               
4011           0.0625612394597               
8262           0.0451210123365               
1099           0.0745968233903               
3664           0.0288989687202               
9700           0.0379358076299               
2548           0.00902455483443              
7154           0.0258547145282               
1287           0.0247956116921               
6999           0.0856639684967               
5827           0.0322621278254               
2944           0.0577979374405               
4428           0.0122936909234               
8911           0.021763749397                
12138          0.0325268791203               
628            0.0240417350041               
6263           0.0933134277574               
10849          0.0702676813372               
6145           0.0248349869573               
7555           0.0239510850552               
2880           0.01370507002                 
9757           0.0350684975636               
8601           0.127822523162                
11230          0.0155754238806               
2835           0.0318269172813               
10692          0.029262183587                
7285           0.0185263838272               
973            0.038613066004                
2434           0.0439161488899               
6599           0.0260349739121               
8955           0.0334346926717               
6278           0.0334346926717               
5204           0.0607949151288               
7476           0.0157433746197               
174            0.0758120952986               
2246           0.0169035264912               
8690           0.0761927339321               
1223           0.0341049645214               
5370           0.0174839835002               
2355           0.053286325044                
3504           0.0271884674667               
4921           0.0133261485184               
4677           0.0219011010951               
3267           0.0743868350764               
2020           0.034576021592                
10137          0.0247956116921               
3576           0.0615211095789               
3796           0.0224370990445               
2032           0.114807434623                
4391           0.0366964454099               
1612           0.0202419253441               
10285          0.0202618956853               
5230           0.201921243802                
5984           0.0244121165761               
8836           0.0290424490388               
11045          0.0283433286881               
7237           0.0189596386326               
480            0.0264817426189               
6042           0.0139892202312               
8753           0.0279445374338               
4239           0.0547328179661               
77             0.0219011010951               
6648           0.0175337886716               
9243           0.0157857723478               
7785           0.0629193502801               
9278           0.00524148817717              
4297           0.0169035264912               
6772           0.0188597210717               
1430           0.0276866060655               
11119          0.0338769012414               
4121           0.0240417350041               
10825          0.26643162522                 
10107          0.0372984116951               
8694           0.0259261025868               
10455          0.0263683111565               
115            0.0296361650527               
9217           0.0933134277574               
7503           0.0336535406337               
109            0.030427217545                
6759           0.0146955407188               
8016           0.0372984116951               
9831           0.0498366413476               
2708           0.077226132008                
4570           0.144504706414                
2353           0.0211774471362               
10924          0.0170457509283               
1716           0.0260349739121               
5627           0.127822523162                
1896           0.0758120952986               
2909           0.0758120952986               
4406           0.029187855325                
3801           0.0482662998811               
4081           0.053286325044                
9441           0.0265963744366               
1353           0.0243183271964               
9069           0.0183634844315               
6192           0.0207001703426               
3740           0.0177353313349               
10585          0.0324022350766               
8659           0.0758120952986               
6881           0.0451210123365               
11458          0.0231583885337               
10132          0.0229186274602               
4146           0.0175838238907               
9718           0.0423280512628               
7126           0.0758120952986               
532            0.0192036422014               
4871           0.26643162522                 
10586          0.0151265511424               
6235           0.0166245598557               
8073           0.0393355073661               
3585           0.130081526574                
1875           0.0174839835002               
5205           0.0142810252337               
12152          0.0314596751401               
11646          0.151624190597                
5780           0.101738197885                
10279          0.0208347386033               
4147           0.0283433286881               
8528           0.0288989687202               
4504           0.106572650088                
10993          0.0758120952986               
7452           0.0232519647046               
237            0.0401095941452               
7919           0.0975305297659               
10944          0.0633269893016               
9541           0.136607010427                
5806           0.0498366413476               
6904           0.0248936449918               
4169           0.035851918773                
7800           0.0296361650527               
8500           0.0271884674667               
7805           0.038613066004                
4940           0.0583776890275               
651            0.28201335748                 
8913           0.0297898216103               
3321           0.0577861174167               
12108          0.0252948984818               
8851           0.0401095941452               
2084           0.0246021671645               
5792           0.0488242331522               
4319           0.052010427863                
6914           0.0488242331522               
1187           0.0583776890275               
8422           0.104579802195                
9627           0.0182562300337               
12129          0.0132923494093               
1614           0.0413854913262               
8213           0.0361261766036               
10103          0.0607949151288               
1527           0.0683035052137               
7014           0.0214618812427               
230            0.0209709995909               
6809           0.0245067250873               
1574           0.0296361650527               
7710           0.0376124222517               
4776           0.0350684975636               
9309           0.0132876043747               
11812          0.0318269172813               
1951           0.0156171680775               
4358           0.0299456891293               
12218          0.00692133928969              
9689           0.0361261766036               
6614           0.0445018377782               
11831          0.0794312755929               
4772           0.0279445374338               
6797           0.0480270103213               
1959           0.0348194611779               
11890          0.0725257805259               
8240           0.130081526574                
7198           0.07155595157                 
9914           0.0464768553098               
4811           0.0607949151288               
3800           0.0472242278813               
2254           0.0682099290428               
2712           0.0376124222517               
2361           0.0311044759191               
3427           0.0148893313195               
2340           0.0413854913262               
938            0.0211089964339               
3532           0.0583757106501               
2453           0.0341049645214               
7136           0.0683035052137               
2786           0.151624190597                
6196           0.151624190597                
10246          0.0336535406337               
1003           0.0258183145763               
5031           0.0253975779774               
8849           0.0922816643683               
11967          0.0229291248985               
9085           0.0307605547894               
664            0.0301038321668               
9727           0.126984153788                
12216          0.0405184202365               
627            0.0288989687202               
3091           0.0353233941635               
8677           0.052010427863                
6600           0.0683035052137               
8594           0.0269477329889               
10828          0.0480270103213               
5127           0.0235958858343               
11968          0.0611852081006               
7233           0.0312806197299               
9772           0.0525121103417               
3098           0.035777975785                
3766           0.0498366413476               
4182           0.0294846576085               
10633          0.0639112615808               
373            0.0332201786188               
4267           0.0270674315071               
6329           0.015659073761                
6264           0.0430677179078               
5229           0.0301038321668               
8379           0.0256059037378               
2842           0.0464768553098               
2232           0.0364075588051               
9091           0.151624190597                
10998          0.00864442440414              
367            0.024525920213                
