248
4213           0.0686944035391               
3384           0.0437347717183               
1186           0.0990565462251               
9790           0.0211459168546               
7454           0.0466397136059               
8848           0.0579108910845               
3363           0.0460932044772               
5787           0.0183041166642               
11728          0.0231070315231               
2763           0.0354450814248               
2350           0.0460932044772               
4524           0.0231070315231               
5415           0.0204019566611               
10578          0.0550871258278               
85             0.0208415335179               
9546           0.023906152019                
303            0.031550402449                
326            0.0249724189576               
2430           0.0206928098236               
1445           0.047181310502                
10865          0.161749220661                
9590           0.0291832579431               
3274           0.0421378630996               
1053           0.0745768284787               
1612           0.0366829852814               
3746           0.0176681606506               
9596           0.047990957293                
7824           0.0528968433328               
7154           0.0234273196934               
2960           0.0686944035391               
2366           0.0495941745099               
4428           0.0222789717643               
7440           0.0261857611416               
359            0.0618907646835               
832            0.0271342091945               
1353           0.0661055327088               
6145           0.0450066604601               
10526          0.0280271496007               
1326           0.0424470214902               
2165           0.0327344356353               
9118           0.0293601199539               
7704           0.026057451131                
11696          0.187499872588                
2633           0.0511072522289               
2469           0.0414798481166               
8136           0.0153592920494               
11965          0.107325073561                
11740          0.0566876170936               
8955           0.0605912885417               
6878           0.0686944035391               
863            0.0618907646835               
1337           0.0471273786299               
2632           0.0236903066251               
5771           0.0579108910845               
5348           0.0676694432949               
11505          0.0686944035391               
5241           0.0337966143036               
9478           0.0686944035391               
2098           0.0579108910845               
7799           0.0414798481166               
10070          0.0528968433328               
5370           0.0158424828295               
120            0.0495941745099               
8970           0.0395548676106               
8956           0.0899952704864               
3718           0.0221201614428               
1951           0.014150935175                
6240           0.0550871258278               
9310           0.035939959304                
4960           0.0511072522289               
3589           0.0416830670358               
2491           0.0471273786299               
6554           0.026057451131                
4933           0.0686944035391               
2686           0.0216209567813               
2640           0.0277203878836               
2627           0.0297237013726               
10285          0.030599313412                
9474           0.0332511642042               
10620          0.020050106229                
7237           0.0057265315517               
5443           0.0272775048203               
498            0.0304939454807               
6042           0.012675828784                
203            0.0253209375579               
5407           0.0402624483427               
8404           0.0343741677056               
4297           0.0306330451744               
98             0.0579108910845               
10266          0.0795860777056               
1958           0.0495941745099               
12238          0.0244177190607               
3521           0.0482834869722               
7555           0.0217024143114               
12051          0.019981224711                
4043           0.0388106620553               
6124           0.347465346507                
5684           0.163083418549                
2267           0.0214600420949               
10187          0.0618907646835               
1364           0.0414798481166               
8222           0.0618907646835               
11179          0.178079409857                
9278           0.0123484035981               
3438           0.0311140827935               
10948          0.023013101849                
8291           0.0336164631384               
104            0.047990957293                
5353           0.0337966143036               
11718          0.0686944035391               
4567           0.0322435545495               
5165           0.0332511642042               
4139           0.0359868967987               
8481           0.0686944035391               
6125           0.347465346507                
10621          0.0370992831265               
1938           0.0137063802845               
697            0.0143037098706               
1881           0.0283438085468               
9628           0.0374999745177               
5323           0.0443036133733               
188            0.0554407757672               
7571           0.0252033843441               
11471          0.0349878410234               
9069           0.0166394109667               
454            0.0250872223252               
6192           0.0187567148651               
3740           0.0321404652601               
9360           0.0598213407574               
11             0.0579108910845               
7518           0.0135625597476               
11458          0.0524603521703               
9534           0.0180553039706               
4164           0.0324859267659               
8524           0.032048515902                
5157           0.0427905356543               
10435          0.0528968433328               
660            0.0375423563001               
11598          0.015402248687                
2745           0.0247467635934               
10441          0.0749172568727               
2680           0.0379177216491               
103            0.061638917907                
2841           0.0686944035391               
132            0.0221201614428               
7023           0.0579108910845               
6133           0.0206192845657               
7061           0.0299106703787               
3957           0.0914818364421               
7532           0.0327344356353               
8840           0.0443036133733               
4029           0.0322699717099               
8463           0.0306963356621               
2246           0.0306330451744               
10718          0.0210689315498               
994            0.0482834869722               
6138           0.024526179568                
6169           0.0252033843441               
69             0.0213805633122               
11360          0.0427905356543               
6219           0.0618907646835               
5103           0.0471273786299               
8686           0.0264475253486               
6756           0.0329893999972               
6383           0.0215401696912               
11918          0.0161164236614               
8190           0.0150637470036               
5650           0.0280271496007               
668            0.0576776328504               
11591          0.0124501734198               
236            0.0179990540973               
234            0.0337966143036               
8741           0.0252033843441               
8859           0.0118027579717               
6153           0.0659787999944               
7596           0.0311140827935               
8685           0.0471273786299               
6759           0.0532633427627               
7945           0.0482834869722               
2781           0.0311140827935               
886            0.0686944035391               
7171           0.0153165225872               
110            0.0217845535023               
9121           0.0244177190607               
8352           0.0234920054153               
262            0.0454731769282               
8421           0.0443036133733               
8913           0.026992975448                
1331           0.0332511642042               
7232           0.0421133308782               
6894           0.0686944035391               
201            0.0219509231807               
2436           0.138078611094                
3702           0.0174006897132               
9015           0.0403237397743               
10866          0.0327964597774               
3427           0.0134914320738               
5927           0.073578538704                
2812           0.0183997454885               
6395           0.0135625597476               
2021           0.0130412562189               
9476           0.0528968433328               
367            0.0111116402577               
11200          0.0686944035391               
6639           0.0493379830296               
6873           0.0367143092343               
10176          0.0379177216491               
7919           0.00803398016532              
5331           0.0534329241261               
9313           0.0146564032393               
2216           0.0403237397743               
7748           0.241417434861                
2888           0.0252033843441               
7025           0.105793686666                
7724           0.0353096920226               
2056           0.0383540413046               
6849           0.0293601199539               
627            0.0261857611416               
4654           0.0185766074993               
9166           0.0435179480899               
2819           0.0427905356543               
6624           0.343472017695                
2353           0.00959459103308              
11743          0.0379177216491               
2278           0.0267164620631               
11379          0.0427905356543               
6019           0.0827712392944               
6542           0.0343741677056               
1739           0.0511142034924               
10287          0.0686944035391               
1867           0.034676209261                
375            0.0686944035391               
663            0.0223796190874               
3651           0.0218673858592               
11952          0.0263157706719               
141            0.0408847825315               
9237           0.0168367156208               
2019           0.0403237397743               
5456           0.0188174926199               
11292          0.0558767088346               
2825           0.0462140630461               
10998          0.00783283427324              
11972          0.0435179480899               
9588           0.0424470214902               
6063           0.0145374251033               
479            0.0495941745099               
7547           0.0415337799888               
3839           0.0686944035391               
