163
9150           0.0568946989962               
7454           0.0152737675487               
6194           0.0674889876306               
4803           0.0674889876306               
6753           0.0199738194007               
5787           0.00899146247363              
5200           0.0303607164486               
5523           0.191684332884                
2020           0.0307800580415               
11689          0.0413743466759               
3034           0.0541204837959               
5415           0.0200439530705               
7350           0.045284383393                
9586           0.0530386317449               
2430           0.0203297024835               
6287           0.0292021243496               
3628           0.376810232833                
260            0.0674889876306               
9595           0.0197664278141               
691            0.0372523599525               
7186           0.0217320076322               
1561           0.0346900947586               
2548           0.00803378494149              
5611           0.0343738914439               
6941           0.0674889876306               
2944           0.0514525323385               
5162           0.0399476388013               
2206           0.0204758164469               
12138          0.0289558827516               
4061           0.0314453795583               
8885           0.0519686353104               
6395           0.0133245705602               
9871           0.341368193977                
6079           0.269955950523                
4432           0.0413743466759               
11041          0.0132546910001               
9379           0.032931906527                
11672          0.0607214328971               
5483           0.0337709865663               
7171           0.120382045719                
8690           0.0226092791554               
9505           0.0230797791553               
12218          0.0123229460911               
557            0.0203297024835               
10137          0.0220734003485               
1142           0.0305681080351               
9310           0.0235395349446               
2223           0.0519686353104               
6489           0.0401673562968               
7386           0.0587716250295               
7804           0.0280058428412               
611            0.0340677280437               
10285          0.0120249486303               
7237           0.00562604516741              
2687           0.0377070782472               
8778           0.0281679195487               
5853           0.177461100803                
682            0.0340677280437               
7709           0.180350322161                
5020           0.0509515515954               
2153           0.026798852462                
10087          0.0376810232833               
11927          0.130897376713                
9963           0.0319158795582               
1803           0.0687477828877               
8380           0.0350170188494               
5535           0.0674889876306               
1466           0.0299588525896               
7166           0.0223376178926               
1817           0.0674889876306               
8804           0.0378319115256               
4480           0.0346900947586               
9261           0.0412483568108               
9278           0.00559925530661              
8057           0.0156088239233               
2683           0.0196306039196               
2078           0.0242035540283               
11394          0.114388894427                
2932           0.0541204837959               
1716           0.0231766979319               
7520           0.0181923661709               
665            0.0273834761264               
962            0.0541204837959               
11140          0.0307800580415               
3802           0.0553792790529               
1982           0.090568766786                
2781           0.0305681080351               
11458          0.0206159213928               
11664          0.0200439530705               
207            0.0368419432441               
11138          0.0357061217274               
10586          0.0134658674044               
2839           0.0827486933519               
659            0.0413743466759               
660            0.0122945271106               
11598          0.0151319775348               
5205           0.012713168414                
10546          0.032931906527                
6097           0.0608047357133               
8721           0.0392612078392               
11282          0.0372523599525               
11891          0.0330825462841               
10418          0.0386001314756               
4029           0.0317037139762               
7919           0.015786007595                
9676           0.284473494981                
2279           0.0357061217274               
11384          0.0288449228804               
1799           0.0474362318785               
9262           0.0377070782472               
9277           0.134977975261                
4797           0.0350170188494               
9209           0.0674889876306               
4852           0.01601730868                 
6242           0.0154326850157               
11806          0.0253529290779               
12129          0.0236660707328               
1331           0.0326676889829               
11591          0.0244634076908               
10185          0.0353554162753               
6153           0.0324105180866               
10998          0.00769538751551              
6759           0.0130821758967               
2192           0.0568946989962               
7421           0.0307800580415               
941            0.0343738914439               
5102           0.0340677280437               
2444           0.0212415627708               
3661           0.0153458075173               
9744           0.0334781842433               
9865           0.0674889876306               
5899           0.0288449228804               
3505           0.0435261951615               
9889           0.0321600277151               
7953           0.0280058428412               
9572           0.0633555207426               
4661           0.0324105180866               
9153           0.0281679195487               
10717          0.0391268053845               
4734           0.0368419432441               
10867          0.0314453795583               
10788          0.045284383393                
11967          0.010205913849                
1528           0.0420396681927               
8485           0.0263825286557               
3041           0.0762592629514               
8291           0.00660531556591              
8675           0.0361537514471               
1551           0.0364482829901               
8064           0.0142051823457               
6913           0.0321275653673               
10498          0.385494799778                
10490          0.0364482829901               
10235          0.0312184670398               
733            0.0541204837959               
8930           0.218162294522                
5244           0.0463004103618               
2057           0.0386001314756               
3391           0.0220734003485               
11292          0.00914936859748              
10106          0.105026938045                
10561          0.0368419432441               
938            0.0187915238803               
