143
1186           0.0322933997899               
8958           0.0557229012664               
6933           0.0312788951914               
4207           0.0682581910365               
3291           0.101103869186                
3565           0.0691367277307               
8089           0.0622491275337               
9235           0.0764951578518               
5580           0.13738630511                 
7358           0.0976509225726               
1010           0.0497138377636               
1321           0.156765316877                
2142           0.0752840621317               
7159           0.0705227252883               
2648           0.0577841075165               
956            0.107220719106                
4952           0.0727201566787               
8686           0.060355057738                
3289           0.115568215033                
6798           0.0415930076407               
2548           0.0186611014076               
7154           0.0267313711606               
4501           0.141238948699                
735            0.156765316877                
4428           0.0254210669894               
3262           0.0865308284711               
10526          0.0639598680817               
2739           0.0394699889324               
3711           0.0896614700368               
2835           0.0658121471668               
10692          0.0201695849211               
8166           0.0549963571103               
8136           0.0350509526406               
2080           0.103052907879                
11821          0.0540628964465               
11569          0.0720001715233               
9360           0.136516382073                
9607           0.0569887642861               
12256          0.0958128422592               
5167           0.0933018638897               
12218          0.0286240854493               
7179           0.125835656734                
1951           0.0322933997899               
7237           0.104546686432                
726            0.0421232055145               
6042           0.0289271063379               
3426           0.0784441965448               
8218           0.0268667178828               
4297           0.0349533498091               
6772           0.0779967929488               
8526           0.0764951578518               
5591           0.105896495739                
7410           0.107547894208                
6620           0.0415930076407               
11869          0.0538354852103               
7589           0.067831515005                
6775           0.0941092290546               
11414          0.132156605542                
4041           0.0391153670502               
11262          0.0401965330884               
9278           0.0151737921564               
8291           0.0153430126027               
2353           0.0218955115135               
3914           0.0946598441648               
960            0.0296070854625               
4941           0.156765316877                
9955           0.0484334999037               
3740           0.0366733675634               
1852           0.0725151324641               
11835          0.0400737940724               
11055          0.0735819919204               
2561           0.043649479702                
2084           0.0508727072666               
8708           0.0875265397013               
11029          0.0835132791341               
10279          0.0430823655029               
6197           0.0723072539517               
6265           0.0473914601888               
562            0.0934455187115               
1039           0.074702216058                
11891          0.0384225340562               
10391          0.0625809827053               
8528           0.0597576939537               
210            0.0373134058021               
6133           0.0941092290546               
4060           0.0547593198257               
11981          0.132156605542                
9345           0.0993109273925               
5031           0.0525174689321               
881            0.0725151324641               
12132          0.0459140139538               
10769          0.0725151324641               
3138           0.0813385153448               
6138           0.111940831092                
11141          0.0885685794161               
1631           0.0946598441648               
6163           0.0433641278893               
2784           0.156765316877                
10749          0.0837845592145               
4982           0.0299939657943               
4261           0.141238948699                
7612           0.156765316877                
9606           0.138273455461                
3507           0.067831515005                
7531           0.101103869186                
230            0.0433641278893               
8347           0.0538354852103               
3258           0.0403199483558               
9309           0.0549525904049               
11664          0.0465586574176               
10972          0.036051110484                
7245           0.141238948699                
4772           0.0577841075165               
10534          0.0896614700368               
7198           0.0369911007542               
9416           0.0533874739887               
10564          0.0379722713708               
697            0.0326420420712               
2811           0.0636071078089               
6395           0.0309506869112               
3275           0.0741351018588               
9019           0.0805791268803               
4203           0.0564738033453               
2738           0.0577841075165               
10365          0.120714206393                
2438           0.0741351018588               
8090           0.113177290751                
3812           0.0583304715388               
5867           0.158844743608                
3153           0.156765316877                
6334           0.206105815758                
5177           0.130858470065                
1276           0.125712580521                
1048           0.0654292350327               
9772           0.0542926401464               
3098           0.0369911007542               
6329           0.0323800529516               
9237           0.0384225340562               
10924          0.0352474435003               
9327           0.116630237364                
6283           0.0946598441648               
10998          0.0178750623577               
4140           0.18404305206                 
