128
5683           0.0491404327802               
9790           0.0461762545874               
7527           0.0377685716312               
10081          0.052625650758                
3289           0.055293230703                
5787           0.0199853134034               
4387           0.033168860152                
85             0.0910231478098               
6494           0.0986106466792               
9586           0.0589444531977               
2435           0.276466153515                
7453           0.023606717807                
6052           0.0369849875559               
956            0.102598797705                
8997           0.0329856604523               
11099          0.0967456244312               
6798           0.0398000742064               
2548           0.0178566846431               
7154           0.0255790724494               
3796           0.0443957856419               
5827           0.0319181750825               
4428           0.0486505020903               
8911           0.0215317218834               
6880           0.0793639561123               
10075          0.0481181296763               
3942           0.0583406320182               
6145           0.0491404327802               
1228           0.0905793794638               
3160           0.0750627333929               
11230          0.0308187425885               
2446           0.0934415226302               
10692          0.0579004276518               
5860           0.0674827298848               
6599           0.0515148201067               
11821          0.0517324284162               
7476           0.0311510629566               
11569          0.0688964884256               
9607           0.109064344041                
9835           0.0451868065648               
8296           0.0577533559837               
12256          0.0916826757224               
2317           0.0566249778616               
9310           0.00872021625365              
481            0.0368753492894               
10285          0.0267278396303               
3635           0.0810135571061               
7237           0.0250100083768               
6042           0.0276801569334               
6338           0.0828007780549               
8218           0.102834339335                
1438           0.0674827298848               
4134           0.0589444531977               
2449           0.0880547902718               
3678           0.0750627333929               
10455          0.104348774102                
2059           0.0304104591131               
8411           0.0533208760606               
6775           0.450262497514                
8530           0.0934415226302               
8795           0.0486797574675               
4041           0.0374292362952               
11179          0.111106085571                
9278           0.0103712153294               
8057           0.0346937151639               
10265          0.0458413378612               
7624           0.039304462892                
8291           0.0146816273883               
2353           0.0419033406073               
1161           0.163777090609                
11740          0.0618942620666               
10924          0.0674560916112               
3348           0.026910819608                
9441           0.052625650758                
10613          0.0510861211288               
11029          0.0532755366875               
9360           0.065315812021                
11055          0.0704101219125               
11862          0.0274675842717               
11455          0.0622485549987               
11991          0.0465164876736               
10586          0.029930568149                
8524           0.0349921083965               
6235           0.0328946444583               
10239          0.105436458591                
660            0.0546540628229               
1863           0.0868959007789               
11891          0.257363882865                
4147           0.0560823100313               
6133           0.0450262497514               
7793           0.125950417606                
4029           0.0234892696535               
12122          0.210872917181                
6138           0.0535577208393               
4113           0.0595657788571               
6242           0.0343022114143               
5650           0.122405550369                
8859           0.0515472713415               
9606           0.264625911917                
4467           0.108298601757                
9261           0.0458413378612               
2258           0.0769275938676               
9955           0.0926913921155               
1689           0.073197711145                
9890           0.0560823100313               
3079           0.0693892511474               
11890          0.0287010276984               
2436           0.100507238077                
11946          0.105436458591                
6610           0.0595657788571               
7550           0.0905793794638               
9019           0.0771056341255               
3290           0.0580449827187               
1393           0.0399257885514               
3566           0.065315812021                
3878           0.0626088027119               
7346           0.0592528647687               
5867           0.0506658285573               
8              0.133179015086                
2078           0.0537972119831               
628            0.0475708428967               
12227          0.0598833288782               
6421           0.0353965399115               
210            0.0357049514824               
3098           0.070793079823                
6264           0.042608564693                
4616           0.150125466786                
10998          0.0171045290696               
10728          0.0416309383047               
