34
579            0.0992822794519               
2676           0.165485364171                
10790          0.235920320498                
9505           0.263206036242                
3661           0.0875032023135               
9067           0.212416374042                
3042           0.153624155288                
5899           0.328952793091                
10490          0.207831453436                
10568          0.207831453436                
7358           0.239714044824                
11029          0.136672584415                
2430           0.115921828641                
9595           0.112709984801                
11967          0.0581950570744               
940            0.108942265296                
682            0.194257310735                
2852           0.104066790814                
3041           0.21741865675                 
6648           0.0890029459902               
1164           0.0968911552177               
11124          0.162512359451                
10498          0.157009051019                
9262           0.107504609738                
8995           0.207831453436                
4507           0.225894969902                
10769          0.178010563095                
12127          0.136187938728                
8930           0.124398141794                
850            0.187780752245                
3474           0.176746434024                
29             0.1355934768                  
10784          0.122037814084                
9261           0.117600957364                
