119
3348           0.0336729877579               
6913           0.0223384573877               
3163           0.82786536607                 
7004           0.0276789692794               
9955           0.0289957362636               
8958           0.0333596901355               
6933           0.0187257703323               
11773          0.0469622727853               
8293           0.021460846638                
5787           0.0125036179383               
1982           0.0629729179407               
4584           0.0938508634                  
7518           0.0185292815229               
11458          0.014334353577                
85             0.0284738758103               
4529           0.023347212593                
10586          0.0187257703323               
12243          0.0341175257315               
8947           0.0512327759562               
1503           0.0169660612765               
7527           0.0708886240941               
2683           0.0272985147888               
423            0.0496532911579               
6214           0.0320949724815               
956            0.064189944963                
3258           0.0241383875007               
4753           0.0224033975695               
8997           0.0206371592686               
7919           0.0109760902811               
6929           0.0518035055491               
8822           0.061694796866                
4042           0.0791183393193               
8803           0.0380797366737               
1533           0.0544101281755               
11992          0.029538730332                
4428           0.0152188579275               
4255           0.0722681057284               
12255          0.0719056479524               
11177          0.0298754037804               
1168           0.0629729179407               
6264           0.0266576361885               
7555           0.0296500182846               
5292           0.0258762430611               
8414           0.0285766358635               
11230          0.0192814480758               
8918           0.0376670849976               
8554           0.0318294168469               
9608           0.073000503751                
7005           0.0908560321903               
698            0.0496532911579               
11821          0.0647317864754               
2945           0.0659653000368               
10143          0.0677559722127               
8602           0.0579914725273               
8341           0.0856061151341               
8604           0.0643858152386               
9607           0.068235051463                
1352           0.0363152817522               
7828           0.0275828389657               
11835          0.0719730661412               
12256          0.0286801894385               
9237           0.0230024604105               
2338           0.0434127135192               
12218          0.0342728249714               
4921           0.0164969790022               
9432           0.0698231515316               
1566           0.0322297487046               
9310           0.0054557189159               
3427           0.0184321063055               
6928           0.0677559722127               
2092           0.0478006783577               
7802           0.0700416377791               
6734           0.0791183393193               
7922           0.097510302448                
6711           0.0461732145412               
2475           0.0523996090783               
3849           0.0416610810254               
12109          0.0247445978923               
6052           0.0231392995705               
10176          0.0518035055491               
2738           0.0345936747315               
5331           0.0365002518755               
11946          0.0659653000368               
10480          0.0443825423653               
6042           0.0346356446638               
11041          0.0184321063055               
6058           0.0584206055647               
1384           0.0938508634                  
7394           0.053023448132                
9278           0.0155727612273               
1203           0.158236678639                
5670           0.0440514114346               
8941           0.0344330725566               
774            0.0447220572421               
4478           0.0938508634                  
5867           0.0633971707144               
10473          0.0403581033702               
117            0.0380797366737               
6019           0.0282706882667               
11968          0.0378718236512               
9672           0.061694796866                
10246          0.0416610810254               
210            0.0223384573877               
8411           0.0333596901355               
663            0.0305752210619               
1404           0.0629729179407               
1515           0.0205802159927               
6775           0.1126809498                  
9946           0.0496532911579               
11843          0.0722681057284               
8795           0.0304560191985               
10156          0.0396330553733               
8881           0.111714257431                
11217          0.0376670849976               
10106          0.0292103027823               
8291           0.00918541810528              
620            0.053023448132                
938            0.0261316816667               
1716           0.0322297487046               
