121
9738           0.16429176413                 
9721           0.16429176413                 
11722          0.32858352826                 
3348           0.0294733280114               
2472           0.0928208384907               
2730           0.0629376508912               
8958           0.0583982090802               
10075          0.105400091108                
8969           0.102339233308                
1767           0.0815095688966               
5233           0.0739085862849               
9905           0.115476353885                
3765           0.0896861556536               
3412           0.122229762483                
7698           0.0939661997967               
6914           0.0529032957424               
2526           0.16429176413                 
3878           0.0685705528708               
11458          0.0250931760403               
10242          0.129114551608                
5361           0.0642242879501               
2657           0.0554903420181               
4529           0.0408707454089               
532            0.041616054042                
11455          0.068176001565                
10586          0.0327806237592               
660            0.0299291724332               
11029          0.0875228285859               
1010           0.0521006449039               
578            0.0541611993215               
10902          0.118611036722                
6962           0.0484537544724               
6265           0.0496667678428               
4931           0.0992045504704               
956            0.280921211466                
11891          0.0402672353057               
10972          0.075563915007                
8528           0.0626267158807               
367            0.026574959331                
9087           0.0693801244788               
7452           0.0503891402257               
7919           0.0192143276067               
4976           0.129790110028                
11922          0.0564201764408               
7237           0.0410872759281               
8803           0.133321887281                
5827           0.0349574950683               
4428           0.0266415558298               
8911           0.0235820205763               
12138          0.070488730476                
4911           0.0489659620668               
3945           0.0801677608368               
3381           0.0836780556886               
1818           0.0771147311258               
4113           0.0652377654817               
8938           0.0564201764408               
6242           0.0751370893385               
12077          0.0788985192956               
2881           0.0503891402257               
4578           0.072456045708                
12148          0.0860674298926               
10692          0.0211379452705               
9565           0.0822103746725               
8188           0.0535238230629               
5359           0.16429176413                 
1909           0.0414901810858               
9955           0.101517673688                
3185           0.0715353296579               
7156           0.100719608395                
2460           0.0548163651023               
7790           0.0734143522387               
6329           0.0678692982354               
9607           0.0597248473494               
10918          0.16429176413                 
11062          0.110527052486                
7465           0.0734143522387               
12256          0.0502064525326               
11890          0.0314340037182               
12218          0.0149991770781               
2317           0.0620169348411               
2436           0.0550388809872               
10375          0.0887278491229               
8343           0.067030640259                
9310           0.00955057473973              
3427           0.0322665466449               
11977          0.0729303093149               
8365           0.102339233308                
11155          0.0642242879501               
9019           0.16889560996                 
10285          0.0146364621355               
11793          0.0977813723115               
10717          0.047624154007                
4423           0.0493137499108               
11151          0.104078936488                
3711           0.0939661997967               
3566           0.0715353296579               
10595          0.0550388809872               
8218           0.0281566137541               
12132          0.0481183880532               
8941           0.0602772316609               
1230           0.110238003212                
2449           0.0964395642517               
8              0.0729303093149               
960            0.0620570978109               
11433          0.105957959068                
2353           0.0229467351883               
2792           0.0808290792189               
1739           0.0407487957835               
10248          0.0469809562356               
210            0.0391048567825               
1725           0.0836780556886               
6775           0.295882499465                
7671           0.0887278491229               
3702           0.041616054042                
10923          0.0441455794092               
9278           0.0136305427661               
8057           0.037997328281                
3682           0.0928208384907               
1722           0.095248308014                
10924          0.0369397057277               
1515           0.036026946041                
