31
7793           0.194246822089                
8218           0.0792980444092               
9278           0.0191939875125               
1438           0.208150255873                
10193          0.231530751482                
8941           0.339519988792                
11062          0.15563979378                 
8803           0.187738572377                
8414           0.140886920157                
12256          0.141397454158                
3730           0.183730446761                
2353           0.0646253573636               
8319           0.147852706814                
2730           0.177252587224                
6798           0.122763196509                
11262          0.118641453707                
8131           0.108553833608                
6775           0.277766635189                
11773          0.231530751482                
11209          0.187738572377                
6132           0.283658683147                
1010           0.146732106688                
2880           0.0836451194557               
1794           0.113405434382                
8870           0.390064779069                
1393           0.123150961988                
7624           0.121234485059                
8291           0.045285430846                
7237           0.0385716438258               
726            0.124328093819                
3706           0.151931504617                
