209
7519           0.0484837088514               
11772          0.0535802173047               
5683           0.0131515056178               
7007           0.053876029141                
1576           0.0477881666089               
5033           0.0676891288215               
1314           0.0327595259595               
1326           0.0248070945891               
4387           0.0355080674666               
4006           0.0186232236866               
10877          0.0830712247871               
4809           0.0143676283931               
2522           0.0258551445059               
2442           0.0802934343333               
8134           0.0281685163286               
6200           0.0289252476938               
5580           0.211103166583                
2430           0.0241867849657               
1445           0.303313238599                
10816          0.0265756550571               
9584           0.02462641474                 
12156          0.0358794033396               
7186           0.0258551445059               
11949          0.0492241549997               
917            0.0301630505589               
2569           0.0471323919393               
1241           0.0492241549997               
740            0.0802934343333               
6655           0.0388656139654               
1533           0.0698252934836               
5827           0.0170845894168               
478            0.0199149408111               
7128           0.0298762122862               
3303           0.0484837088514               
9568           0.0802934343333               
2881           0.02462641474                 
2831           0.0676891288215               
6365           0.0802934343333               
2880           0.0290303845409               
977            0.0477881666089               
8849           0.0325788461104               
2446           0.0500157056126               
10692          0.0619838089697               
2233           0.0363676869572               
9972           0.0190562159523               
4560           0.12053470888                 
6599           0.0551478615634               
1608           0.053876029141                
9405           0.0401893542473               
2626           0.0217132624717               
9651           0.11016964662                 
12028          0.0802934343333               
9534           0.0211039369882               
8296           0.030913182595                
11591          0.0145523817141               
8956           0.0210381893395               
1951           0.0496209498456               
4677           0.0231957000487               
9088           0.101731882868                
3656           0.0643885715923               
7635           0.0676891288215               
1003           0.0273444644666               
2133           0.0268988576495               
9508           0.0477881666089               
9310           0.00466760126273              
481            0.0197379768919               
10554          0.0723410029628               
613            0.0412717236293               
88             0.0405312774809               
2640           0.0648019352248               
3778           0.0356428396328               
11706          0.0471323919393               
6042           0.0296322778465               
5738           0.062138558667                
7285           0.0392429988225               
10330          0.0239308724975               
6102           0.051511622259                
960            0.0454932497777               
6620           0.0213034712924               
614            0.0197379768919               
11638          0.0907276629426               
1252           0.334517166262                
8862           0.0382616359224               
10725          0.0564361402218               
1575           0.0354110553193               
6775           0.0723025349656               
8795           0.0260564292003               
4041           0.0200344516137               
4329           0.0802934343333               
9278           0.00666158219378              
7951           0.0523168230023               
8057           0.0185702308289               
7208           0.0295963707714               
8291           0.0471511122269               
2353           0.0112146350413               
10924          0.0180533446204               
4139           0.0420632742421               
6394           0.0196214994112               
3348           0.014404341811                
7524           0.030759181178                
1522           0.0224305543573               
488            0.0471323919393               
7393           0.0231957000487               
2069           0.0676891288215               
5583           0.053876029141                
3740           0.0187836869079               
3729           0.053876029141                
5325           0.0500157056126               
214            0.030457244455                
6848           0.0225048130845               
10219          0.0723410029628               
1057           0.0802934343333               
2887           0.0800471423628               
10181          0.0306072195749               
9608           0.0312275291983               
8524           0.0374598988343               
113            0.0942647838786               
10279          0.0441326073183               
6197           0.0370349632346               
1503           0.0145151922705               
5205           0.0151251928508               
10288          0.0540172946455               
9445           0.0550848233098               
10604          0.0676891288215               
6182           0.0420632742421               
210            0.0191115073041               
7452           0.02462641474                 
1965           0.0492241549997               
9519           0.0459235977706               
1534           0.0492241549997               
5089           0.0376878697028               
4417           0.064451609846                
1796           0.0361209476991               
5755           0.0327595259595               
3312           0.0379711664001               
8690           0.0268988576495               
2342           0.0300187350296               
12127          0.0284152555867               
4772           0.0295963707714               
1913           0.0341108428716               
1566           0.0275739307817               
11951          0.0802934343333               
12129          0.0140780752759               
11209          0.0325788461104               
3868           0.0195637011363               
7014           0.0227305174121               
230            0.0222106191884               
313            0.0294589687303               
10032          0.0401782362935               
9955           0.0248070945891               
12233          0.0802934343333               
4358           0.0317158128159               
6217           0.372096658527                
1709           0.0294589687303               
9351           0.0802934343333               
10776          0.113063609108                
540            0.0471323919393               
3666           0.0802934343333               
11062          0.0810259419683               
1612           0.0214384485351               
10097          0.0354110553193               
6051           0.0643885715923               
7154           0.0136915080305               
9551           0.0284152555867               
9309           0.0140730497569               
1750           0.0448301104347               
4940           0.0618284605115               
1520           0.057968136983                
186            0.0420632742421               
3427           0.0157694566001               
9546           0.0139713495453               
8384           0.103568532161                
7802           0.0199745405987               
3289           0.0295963707714               
7821           0.0297354383323               
3865           0.0564361402218               
5331           0.0312275291983               
9875           0.0349610786932               
2683           0.0233550489061               
11967          0.0242844915063               
940            0.0227305174121               
5350           0.0356428396328               
6677           0.143364499827                
6924           0.0802934343333               
1411           0.0643885715923               
2920           0.0317158128159               
5867           0.0542389955644               
11115          0.0376878697028               
11105          0.0258551445059               
8064           0.101401687822                
4483           0.0643885715923               
8548           0.0802934343333               
11379          0.0500157056126               
4033           0.0527825418052               
11968          0.0324009676124               
6077           0.0676891288215               
3098           0.0757857051162               
11724          0.0856219322519               
8545           0.036619849488                
6329           0.0497540981738               
11376          0.0500157056126               
7798           0.0802934343333               
4733           0.0618284605115               
8720           0.0244485362419               
6613           0.0508659414342               
4430           0.272782840968                
367            0.025975675205                
10417          0.160586868667                
3706           0.026365136613                
