354
7527           0.0768089328876               
9115           0.0302610362778               
6933           0.0101448325109               
1326           0.0157086668641               
8414           0.0464448478351               
2272           0.0508444391498               
8569           0.0277557570086               
6774           0.0428629790225               
3786           0.0167616180748               
1798           0.0200834941013               
5136           0.025442178521                
2805           0.0163094253298               
85             0.0154259448826               
9963           0.0240445893927               
8089           0.0201895549352               
105            0.0181531504806               
10285          0.00452964098572              
2659           0.0133637058737               
9984           0.0248100375526               
2254           0.0228729701572               
6798           0.0674502877351               
10385          0.0132806759632               
1254           0.0271742436883               
1533           0.01473855621                 
10900          0.0458086984785               
4428           0.0989392235029               
12071          0.0307014764647               
11177          0.0161852336202               
8046           0.035737217136                
2349           0.0508444391498               
6816           0.0348815188951               
4578           0.0448468859842               
2687           0.0142037635529               
11230          0.0104458752738               
3434           0.0230292135573               
822            0.0277557570086               
6495           0.0682321414706               
9602           0.0204064378497               
12293          0.029080330064                
2129           0.0225702164304               
9520           0.0385730545772               
7828           0.0149432187043               
8296           0.0195752422901               
12256          0.0621508676163               
3566           0.022138503017                
6027           0.0197742968813               
1951           0.0104738716016               
10495          0.0242285242322               
10215          0.0508444391498               
8566           0.0458086984785               
9310           0.0295567838578               
481            0.0124987350878               
3651           0.0161852336202               
1242           0.0458086984785               
918            0.0258963912961               
2506           0.022138503017                
3859           0.0179149311687               
9243           0.0211738968144               
7237           0.0593392151365               
480            0.0177603500585               
4299           0.0508444391498               
5591           0.0171729564965               
1258           0.0857259580449               
6075           0.0334236386483               
2060           0.0302610362778               
2059           0.0206149788234               
1397           0.0734146555802               
8411           0.0180728729998               
11823          0.0391518114066               
6775           0.274706035677                
7184           0.0204064378497               
9278           0.0112488868961               
6907           0.0391518114066               
1203           0.0428629790225               
2353           0.00710147515396              
1722           0.01473855621                 
7141           0.0263809066723               
4945           0.021345166001                
1716           0.0174607183936               
1170           0.0458086984785               
3348           0.136819533275                
1522           0.0142037635529               
3676           0.0287258676627               
10646          0.0287258676627               
7398           0.0458086984785               
1353           0.0326188506595               
8293           0.0116265814875               
9360           0.022138503017                
10535          0.0302610362778               
3672           0.0458086984785               
11458          0.00776574814332              
2683           0.014789183858                
9006           0.0322099843595               
9966           0.0271742436883               
10181          0.0387629929183               
8420           0.0230292135573               
3028           0.0734146555802               
8708           0.028387897977                
11460          0.0410347132326               
11029          0.0090287527108               
9538           0.0185684085346               
11808          0.0407729578072               
10718          0.0155942544508               
10246          0.0451404328607               
11709          0.0508444391498               
11681          0.0508444391498               
7793           0.234796826012                
3109           0.0217310109051               
3024           0.0655829953598               
3884           0.0196740878706               
7919           0.0416246791909               
12132          0.0148915100298               
4294           0.0192865272886               
5046           0.0246109829614               
11906          0.0167616180748               
7295           0.0916173969571               
6138           0.0181531504806               
2089           0.0193814964591               
4906           0.0148915100298               
12255          0.0584331706081               
8288           0.0209787839284               
9764           0.0287258676627               
2874           0.0263809066723               
6242           0.0116265814875               
1566           0.0174607183936               
10033          0.0738329488841               
236            0.0133220723036               
12049          0.0269000587678               
8859           0.00873585879744              
230            0.0281289867642               
3897           0.0508444391498               
2647           0.0227200163373               
2258           0.0912599262997               
8686           0.0391504845802               
6031           0.0391518114066               
152            0.0287258676627               
8352           0.0347754046416               
1709           0.0186543863202               
1979           0.100058800187                
2444           0.0320056762937               
11890          0.0291842557857               
7811           0.0238651966216               
7270           0.0508444391498               
9020           0.0668472772966               
6928           0.0734146555802               
733            0.0407729578072               
3349           0.0190088487215               
8131           0.0835004506863               
7802           0.126485349948                
6395           0.0100383831619               
1661           0.0508444391498               
7794           0.0378272383512               
8832           0.0209787839284               
447            0.0222795761504               
7207           0.0622332226062               
2162           0.0230292135573               
8136           0.0113682418036               
11967          0.0153777374318               
3878           0.0212209742915               
4093           0.0367073277901               
8312           0.0508444391498               
8486           0.214314895112                
11922          0.0174607183936               
6799           0.0250147000469               
4668           0.0280649542286               
5867           0.206075477958                
2925           0.0172438354792               
774            0.0242285242322               
6640           0.0407729578072               
10473          0.0218643180965               
6019           0.015315866442                
11467          0.0508444391498               
11952          0.019477723536                
5456           0.0278556857378               
1794           0.012461762804                
4481           0.0302610362778               
3468           0.0202971870978               
10728          0.014110620763                
6063           0.021519867354                
2357           0.0233521573058               
6439           0.0508444391498               
4809           0.0272941622298               
5203           0.0367073277901               
3163           0.0407729578072               
7004           0.0149952980534               
10081          0.0178372294859               
4802           0.0138381499014               
8338           0.0348815188951               
6914           0.0163723264854               
10538          0.0176842756661               
3039           0.0458086984785               
7460           0.0508444391498               
2579           0.034345912993                
326            0.147867490881                
6115           0.0269000587678               
1010           0.016123924918                
1602           0.025994647602                
7159           0.0228729701572               
3258           0.0130771601879               
8319           0.0324941282097               
6468           0.0212209742915               
4480           0.026134610608                
3158           0.0322099843595               
5987           0.0187413938043               
7154           0.00866991246178              
1287           0.016629522834                
8063           0.0458086984785               
4633           0.0317674729886               
2206           0.0154259448826               
8426           0.0407729578072               
1358           0.0367073277901               
6145           0.00832796520243              
6780           0.0348815188951               
3058           0.0857259580449               
11174          0.0508444391498               
3272           0.0274591836634               
8918           0.0408128756994               
2122           0.0428629790225               
9608           0.316388750101                
8166           0.0178372294859               
2156           0.0209787839284               
6422           0.0183164166345               
6599           0.0523821551809               
7426           0.0428629790225               
3150           0.0378272383512               
11821          0.0350689515181               
7476           0.0105585137796               
7746           0.0508444391498               
2632           0.0175344757591               
1565           0.021345166001                
11569          0.0233521573058               
9607           0.0739337454405               
2246           0.0113365858141               
2739           0.0384044664438               
6747           0.0341160707353               
3662           0.028387897977                
9631           0.32066088935                 
4921           0.0089373673789               
2222           0.0858647824826               
10137          0.016629522834                
3945           0.0248100375526               
441            0.0137937152791               
9303           0.0236901269915               
3796           0.13542978087                 
8574           0.0428629790225               
1334           0.0316715871188               
7244           0.0252252956065               
2463           0.0574517353255               
977            0.0302610362778               
6068           0.121783122587                
3154           0.035737217136                
5635           0.1016888783                  
6042           0.0562923940301               
8778           0.0212209742915               
3426           0.025442178521                
11306          0.0458086984785               
8218           0.0784242909583               
7285           0.0124249777224               
9891           0.0188294559504               
215            0.0451404328607               
1342           0.0225702164304               
8694           0.0173877023208               
2699           0.0378272383512               
7469           0.0428629790225               
11455          0.0210988699367               
7503           0.0225702164304               
2764           0.029080330064                
11554          0.0341160707353               
10518          0.0271742436883               
1081           0.0341160707353               
6904           0.0333905404676               
8795           0.0164997865634               
6984           0.0334236386483               
10923          0.027324038279                
9019           0.104538442432                
11053          0.0508444391498               
7624           0.0133220723036               
8291           0.0199050883498               
9601           0.0228729701572               
10586          0.0405793300436               
9955           0.0157086668641               
9204           0.029080330064                
6394           0.0124249777224               
6913           0.0726122038437               
7429           0.0327914976799               
3801           0.0161852336202               
11835          0.012997323801                
5162           0.06019101372                 
214            0.0192865272886               
7518           0.0100383831619               
10370          0.1016888783                  
7435           0.0307014764647               
5334           0.0389554470721               
1643           0.0230292135573               
10279          0.0419193241505               
660            0.00926237535181              
5205           0.00957776876673              
1080           0.029080330064                
755            0.0195752422901               
4338           0.0407729578072               
4753           0.0121372158252               
3532           0.0391504845802               
4029           0.00796158312973              
10700          0.0508444391498               
11064          0.0117928367539               
10008          0.035737217136                
9500           0.0508444391498               
11992          0.0160028381468               
10790          0.0311703512793               
2672           0.0391518114066               
3276           0.0311703512793               
1168           0.0682321414706               
4113           0.0201895549352               
8190           0.0111494929489               
8422           0.0175344757591               
10465          0.0294529778017               
6554           0.0385730545772               
9606           0.0448468859842               
8188           0.0331287302099               
9309           0.00891151721131              
8602           0.0157086668641               
8341           0.0231888911519               
8421           0.0327914976799               
319            0.0197742968813               
8343           0.0207444075354               
6711           0.0250147000469               
6873           0.0271742436883               
2100           0.0307014764647               
1393           0.0135326678633               
159            0.0186543863202               
5366           0.0851636939311               
10942          0.0508444391498               
2133           0.0170332399195               
2774           0.0367073277901               
6074           0.0327914976799               
10595          0.0170332399195               
8921           0.0508444391498               
8941           0.130580704241                
8059           0.0154259448826               
5353           0.0250147000469               
8064           0.0107018130623               
6105           0.0192865272886               
1048           0.0212209742915               
623            0.0302610362778               
11586          0.0179934728861               
6236           0.0205173566163               
12041          0.0154259448826               
2993           0.107211651408                
5999           0.0126107944523               
3702           0.0257583809949               
10998          0.0115950076006               
2652           0.0573007021601               
9486           0.0348815188951               
3057           0.0302610362778               
