242
4809           0.0143874491947               
5860           0.180853891007                
5585           0.0528553577398               
7527           0.0202439739735               
7004           0.0237132124174               
6933           0.0641712001755               
8294           0.0253065126751               
8414           0.0489645282356               
7806           0.0377398618457               
6068           0.0320974953222               
11728          0.0811377209674               
5217           0.0413286598628               
4006           0.0186489152769               
3786           0.0265064294454               
5415           0.0238797191107               
85             0.0487884544125               
4529           0.0200020963925               
680            0.0402336640111               
2435           0.0592744006417               
578            0.0795192883363               
7453           0.0126532129823               
7908           0.0528553577398               
2659           0.0211330508362               
2472           0.0454264129551               
601            0.0644773985767               
7439           0.0261944982282               
4952           0.0745956611074               
1612           0.0429360477141               
1664           0.0296372003208               
10445          0.0500847045699               
6798           0.042665720814                
9596           0.0561716015304               
2548           0.0191423844512               
7154           0.0274207921862               
8803           0.0978713703636               
10972          0.0184904470991               
2366           0.0580481066838               
5216           0.0374630108412               
13             0.217322402072                
12007          0.0887625199227               
9004           0.0398906904602               
8993           0.0724408006906               
2880           0.0581408665728               
382            0.0724408006906               
2739           0.0607319219206               
7099           0.0601202944997               
8441           0.0434864338241               
8293           0.0183860031003               
5631           0.116757692581                
5171           0.0518557048481               
5471           0.0644773985767               
8571           0.0312706090055               
8136           0.0898873539361               
8778           0.06711670142                 
844            0.0438923027342               
2440           0.0345757195046               
12181          0.0377398618457               
11821          0.0277286084492               
9069           0.0973790079678               
8913           0.0315942574708               
5021           0.033365257749                
12170          0.0619137557054               
9607           0.0876878174176               
8350           0.0409519454338               
9835           0.0242201517436               
7828           0.0236308553569               
4387           0.0177785262362               
5370           0.0185430273316               
12256          0.0245709808578               
8970           0.0231487387139               
6027           0.062541218011                
12218          0.0220217406893               
3718           0.0258908128623               
4921           0.0141333430221               
5781           0.0409519454338               
9310           0.0373923234601               
481            0.0395304126706               
10591          0.0361707782013               
5273           0.0359289006203               
7804           0.033365257749                
8859           0.0276293641612               
8444           0.0398906904602               
8915           0.0551608153472               
10285          0.0214892038463               
10620          0.0234678914793               
5372           0.0471974132333               
657            0.107900707183                
7237           0.0335134436379               
480            0.0561716015304               
2112           0.0409519454338               
6042           0.0296731569314               
5874           0.0804042028045               
4122           0.0448919556259               
4099           0.0392340111194               
6058           0.025025141206                
5317           0.025025141206                
9608           0.0938118270166               
4121           0.0254979964533               
6819           0.0724408006906               
8694           0.0274965043785               
6043           0.0398906904602               
5867           0.0543138207437               
5601           0.0804042028045               
8842           0.1356642307                  
5684           0.0272689967315               
6759           0.0623427294351               
276            0.0471974132333               
4041           0.0200620900575               
11179          0.0297764597318               
9278           0.00667077215161              
11784          0.0565139964628               
8057           0.0185958493131               
5456           0.0220251638406               
7624           0.0210672124856               
8291           0.0157387197821               
2353           0.0112301061441               
1722           0.0233072068916               
3494           0.0580481066838               
8357           0.0395576595847               
9955           0.0248413171126               
57             0.0417181466787               
6394           0.0196485681686               
2802           0.0766288392042               
3348           0.0144242132605               
1522           0.0224614983347               
3801           0.0255949485961               
3555           0.0398906904602               
7936           0.0371926745864               
11878          0.0317595662327               
517            0.0804042028045               
12082          0.0306494436366               
6951           0.0386128457504               
3740           0.0188095998645               
10535          0.0478540925741               
11238          0.0218130576179               
11458          0.0122805718597               
5334           0.0308016148776               
2789           0.033365257749                
10059          0.0724408006906               
11466          0.0386128457504               
1643           0.0364178578475               
660            0.0146473030029               
6235           0.0176315464822               
3857           0.0304992616191               
711            0.036928553512                
2077           0.0492920619767               
10393          0.0272689967315               
162            0.101872226662                
1739           0.0199424143844               
562            0.119819431162                
11891          0.1182404354                  
6133           0.0241340932083               
7061           0.035009309103                
8331           0.164275240355                
6929           0.0887625199227               
11064          0.0186489152769               
1400           0.0644773985767               
6169           0.0294996087273               
9928           0.0804042028045               
12255          0.0924048446329               
2609           0.0644773985767               
7296           0.0677825090758               
11105          0.0258908128623               
80             0.0249328615072               
6244           0.0580481066838               
6242           0.0183860031003               
5308           0.0804042028045               
9627           0.019362050558                
12041          0.0487884544125               
11765          0.0724408006906               
3994           0.036928553512                
9640           0.0469357829586               
862            0.0804042028045               
4695           0.0448919556259               
956            0.0274965043785               
8911           0.0577050704579               
6775           0.193072745667                
2570           0.0724408006906               
8406           0.0448919556259               
10213          0.0312706090055               
9309           0.00704623208688              
2126           0.0580481066838               
4358           0.0317595662327               
7547           0.0243068597834               
3809           0.0383144196021               
4852           0.0190825048752               
2444           0.0253065126751               
5014           0.0500847045699               
11890          0.015383765725                
3661           0.0182825000513               
7619           0.0454264129551               
201            0.0256927258734               
10670          0.0804042028045               
7436           0.0320974953222               
2937           0.0877846054684               
3142           0.0259911520218               
7266           0.107900707183                
2920           0.0317595662327               
2362           0.0199424143844               
3771           0.0402336640111               
502            0.0320974953222               
8131           0.0377273294415               
6610           0.0638545766926               
2884           0.0724408006906               
11771          0.0409519454338               
10258          0.217322402072                
2817           0.0819038908675               
8218           0.0275596295963               
1644           0.0243068597834               
5383           0.0508037112702               
5498           0.0687298212814               
3566           0.070018618206                
11967          0.0243179930749               
7208           0.0296372003208               
10998          0.0366721457932               
10109          0.0320974953222               
3862           0.482425216827                
5787           0.0107121383446               
10612          0.0478540925741               
6904           0.0264015085268               
11445          0.0492920619767               
8064           0.0169235960161               
2206           0.0243942272062               
2078           0.0288353335114               
3427           0.0157912112879               
7877           0.0278464429256               
2745           0.0289651513982               
8721           0.0233872682661               
210            0.0382757450081               
6040           0.0208075684239               
6655           0.0389192308605               
10157          0.0928674862398               
9237           0.0591202177                  
3702           0.0407336991825               
10943          0.0268270668346               
2750           0.0280858007652               
11292          0.0218005252137               
2549           0.0417181466787               
3445           0.0471974132333               
10156          0.0339545541357               
1515           0.0176315464822               
5827           0.0342163167812               
