238
7519           0.0541323266449               
5683           0.0146837280983               
5860           0.120987708195                
7454           0.0507217425283               
1326           0.0276972570626               
8414           0.054593849406                
4387           0.0792899038529               
3348           0.0160825265742               
10033          0.0867873419865               
2212           0.0567921023793               
85             0.0271987664226               
2108           0.0301553027553               
3565           0.0395366373323               
10893          0.0286465500171               
11014          0.0465143706954               
8134           0.0314503028569               
5139           0.0755752832958               
326            0.0977690518289               
7218           0.180458645402                
6383           0.0281105055745               
2028           0.0977690518289               
10972          0.0206162444683               
3064           0.0315873051565               
4408           0.0214001346928               
8997           0.0197129915967               
2738           0.0330445101676               
6798           0.0475708849008               
7154           0.0305732875032               
3796           0.0530638912354               
8689           0.0452533934369               
5827           0.019075037715                
4428           0.0726866557869               
8911           0.0128678536894               
12138          0.0769262894659               
1075           0.0812094435976               
8919           0.0283222392035               
8319           0.0286465500171               
6145           0.0146837280983               
4920           0.0896480594768               
6667           0.0896480594768               
3303           0.0541323266449               
6108           0.119645212528                
2739           0.0451427392979               
12231          0.0601528818006               
7380           0.0896480594768               
11230          0.055253974485                
8918           0.0719605756165               
8554           0.0304040405302               
11204          0.107362976163                
6421           0.0423075775508               
9608           0.0697314149814               
6284           0.0533557499192               
6932           0.0807691262688               
9627           0.0215880538513               
6599           0.0307864448352               
11997          0.0666963500878               
11821          0.123665970323                
9633           0.0196585983391               
7476           0.0186165938129               
2632           0.0309164925807               
6785           0.0430520616046               
9607           0.260717471544                
940            0.0253787472639               
5370           0.0620246091293               
10425          0.070031065722                
12256          0.191770886789                
10465          0.103861989625                
12218          0.00818450715361              
1951           0.0184673541492               
3580           0.032739505451                
10137          0.0293208948122               
9310           0.00521140239037              
1316           0.0896480594768               
9597           0.0500530639893               
3543           0.0392829737381               
8545           0.0408862626464               
2697           0.0433936709933               
8364           0.0456600813376               
10285          0.00798658675927              
7237           0.0373663948367               
6042           0.0496269009206               
10692          0.0115342104022               
9243           0.0186667292699               
5738           0.0693780412987               
1931           0.0718901930609               
4423           0.026908725513                
6814           0.0896480594768               
4134           0.0352265649565               
12293          0.0512739485926               
2449           0.0526235739067               
873            0.0225713696489               
6102           0.0287565042794               
10906          0.0465143706954               
3356           0.0506489664517               
2059           0.0363479837436               
11638          0.0506489664517               
11717          0.0896480594768               
2881           0.0274955270209               
109            0.0719605756165               
6759           0.0173775266759               
6775           0.242178529617                
532            0.0227083719486               
9946           0.0474297309336               
7403           0.0533557499192               
4041           0.0223685750244               
8525           0.0896480594768               
5508           0.0380849430088               
9278           0.013635770551                
8057           0.0207337644935               
7624           0.0234892536962               
8291           0.0350963168069               
2353           0.0125212014848               
1722           0.0259867742827               
327            0.120305763601                
10106          0.0279022149216               
960            0.0169311542334               
1938           0.0178871979616               
8121           0.0450068281791               
11060          0.0889536334225               
488            0.0526235739067               
7251           0.0376354374874               
11918          0.0210323699241               
579            0.0231283962304               
1353           0.0287565042794               
275            0.0896480594768               
454            0.032739505451                
6192           0.0489560430891               
5162           0.0530638912354               
441            0.0243208466535               
7518           0.0176995082608               
11055          0.0420787130695               
11458          0.0273848728819               
10132          0.0271013546003               
8539           0.0365761902706               
2887           0.0595820487614               
5334           0.0343427943592               
2084           0.087276438009                
10586          0.0357743959232               
906            0.0465143706954               
11029          0.0795967241998               
7774           0.0666963500878               
12050          0.0718901930609               
5691           0.0718901930609               
6279           0.0378582186315               
6265           0.0271013546003               
881            0.041468617151                
10718          0.0274955270209               
10950          0.0812094435976               
1382           0.0896480594768               
10816          0.0296718645176               
10092          0.0387902363401               
4753           0.0214001346928               
7793           0.0376354374874               
3109           0.0383157527291               
3532           0.0345147377853               
4029           0.0280754587868               
8287           0.0437446406987               
5031           0.0300327219834               
8944           0.164877116482                
6929           0.0494836550068               
6799           0.0441054981645               
4781           0.0465143706954               
4771           0.032739505451                
4906           0.0525129197677               
12255          0.137371177437                
8225           0.0427193261982               
7712           0.0647217426328               
5792           0.057734821077                
3274           0.0274955270209               
6242           0.0204997928216               
2209           0.0558428094248               
8422           0.0309164925807               
7590           0.0615025071147               
11209          0.0363744602289               
103            0.0268134864653               
956            0.21460392887                 
946            0.0589319971973               
7014           0.101514989056                
6620           0.0237854424504               
9309           0.00785631859007              
4742           0.0345147377853               
8352           0.0306577041243               
1231           0.0526235739067               
8341           0.0408862626464               
8310           0.0601528818006               
5232           0.0673544225119               
8913           0.0352265649565               
9069           0.02171488254                 
6335           0.0807691262688               
11890          0.0171523962254               
3077           0.0315873051565               
9416           0.0305302444368               
8343           0.0731523805412               
3158           0.0567921023793               
2920           0.0354108788257               
8688           0.0526235739067               
3427           0.0176066847176               
11977          0.0397954257887               
10923          0.0481772844728               
8131           0.10516184962                 
1213           0.0775804726801               
7452           0.0274955270209               
367            0.0290019837247               
6639           0.0214624686012               
10717          0.0779603228481               
9818           0.0630112598529               
7919           0.0419382479265               
5366           0.0500530639893               
10944          0.0249614597822               
8136           0.0200442926385               
11967          0.0135568839283               
10813          0.0477211444859               
8358           0.0519309948126               
10998          0.0102220611378               
5737           0.0417700332437               
10676          0.0456600813376               
627            0.0341731283966               
4668           0.0494836550068               
5867           0.242232543206                
4654           0.024242976548                
6904           0.117747278084                
8218           0.10754830338                 
4707           0.0630112598529               
12287          0.0896480594768               
12227          0.035787658721                
481            0.0220375593727               
10235          0.041468617151                
6236           0.036175857911                
8941           0.0328911000357               
6139           0.0406047217988               
697            0.0373334585398               
3585           0.0512739485926               
9955           0.0276972570626               
11292          0.0121534367161               
7802           0.0223016840478               
1760           0.126022519706                
9588           0.0276972570626               
10728          0.0746388272094               
