1152
4082           0.00895131393212              
4737           0.00937666744                 
3086           0.00600136920882              
9536           0.0534896805827               
612            0.00817842130297              
25             0.0202023902607               
4006           0.00618836704578              
9639           0.00937666744                 
4735           0.12189667672                 
1798           0.0263473572249               
21             0.01875333488                 
11272          0.00541286141036              
9272           0.0562315608197               
10975          0.0100715367967               
8315           0.00845119838061              
1777           0.0203839472018               
1612           0.0249334630411               
6186           0.00860377481084              
9087           0.0169009758005               
2096           0.0112463121639               
9085           0.00541286141036              
11817          0.00656331248621              
1533           0.0270695330643               
12152          0.00553588394987              
3719           0.00805539876345              
170            0.013843550699                
7879           0.00963120334718              
1729           0.0106979361165               
9456           0.0229468835039               
2568           0.0120192047931               
6181           0.00924043072664              
2310           0.0216140752431               
9406           0.00476299132072              
9972           0.00316612367442              
11202          0.0163568426059               
8527           0.0112463121639               
2923           0.010221060884                
8002           0.0133404734696               
4884           0.00685715262642              
7828           0.00784155026623              
2201           0.0313235287267               
9534           0.0140253814691               
8296           0.00513611723916              
3416           0.0120192047931               
7821           0.0148213174393               
3576           0.00541286141036              
2862           0.01875333488                 
9047           0.00592193322471              
7749           0.0218475184029               
26             0.0312840582635               
11706          0.0156617643634               
2151           0.0116913510905               
7237           0.0255781647553               
8441           0.0144303306664               
11041          0.00262004009606              
3364           0.0134682601738               
4831           0.00817842130297              
6648           0.0030853789448               
8336           0.00560050667297              
5923           0.00604236407414              
6680           0.00496382824682              
9786           0.0338047935224               
192            0.0332397386825               
10455          0.0649595629368               
11638          0.0452222522488               
7166           0.00441545219943              
220            0.00577235159127              
6759           0.0801641160237               
6775           0.0280298980962               
10050          0.00462021536332              
4684           0.0102725826087               
10032          0.00667547352758              
104            0.0139797871348               
2259           0.0132371363488               
11171          0.01875333488                 
2763           0.00344172264417              
1522           0.0111802746189               
188            0.0376831526375               
614            0.00655879174324              
6951           0.00640655122934              
3740           0.00936253177875              
9360           0.0406606271926               
11086          0.005110530442                
11458          0.0387137004045               
11664          0.103013716346                
7740           0.00577235159127              
12040          0.00963120334718              
11835          0.013640858764                
8369           0.00584567554524              
1503           0.0241164846166               
1509           0.00640655122934              
10718          0.00409159273381              
10816          0.0264927131966               
5455           0.0464584695001               
8838           0.0224369617549               
11906          0.00439788352422              
3607           0.0106979361165               
7805           0.0203839472018               
3976           0.00860377481084              
4906           0.00781441580624              
11105          0.00429574188972              
2874           0.0207653260486               
5610           0.00852575153841              
11639          0.00937666744                 
4986           0.00251299792598              
12129          0.0374243680133               
4885           0.0186397161797               
12148          0.00698866599408              
1780           0.0120192047931               
7014           0.0226595761164               
4498           0.0360576143793               
8010           0.0110087519934               
4358           0.00526947144498              
7652           0.0533618938786               
8806           0.0213958722331               
9689           0.00635703707491              
69             0.00415211171417              
1646           0.00772781990589              
1979           0.0196899374586               
10965          0.0102725826087               
12107          0.0165131279901               
11890          0.0663633802131               
8006           0.0198500869748               
5737           0.0186473200948               
11340          0.0106979361165               
2361           0.0273669019536               
3427           0.0262004009606               
4388           0.0231834597177               
9546           0.0116064544687               
8131           0.0250385139054               
2063           0.0072046917477               
3047           0.0142598594081               
3746           0.00686232404022              
7207           0.00544288073577              
9862           0.00772781990589              
8136           0.0178966743322               
8730           0.00600136920882              
11852          0.0100229708465               
3259           0.0100764955672               
8784           0.00650961350514              
12179          0.0411839614981               
8066           0.00413680088673              
7471           0.01875333488                 
769            0.0133404734696               
6019           0.148686341987                
6094           0.0533618938786               
10235          0.0061709198186               
1867           0.00673413008691              
9772           0.00462021536332              
4491           0.00673413008691              
1644           0.0201646808724               
4485           0.0112463121639               
6388           0.0178837123732               
3489           0.00937666744                 
1264           0.0133404734696               
7547           0.0120988085234               
4809           0.0334198373489               
7454           0.0060382974443               
3730           0.0105945989957               
10081          0.0140403015968               
11113          0.0155650344858               
4802           0.007261658294                
5200           0.00600136920882              
8304           0.00621577336493              
3909           0.00705798955253              
5124           0.0721152287586               
6566           0.0133404734696               
326            0.0193986045682               
1010           0.0296139670994               
7453           0.00839756362021              
7908           0.0263089044998               
8637           0.00845119838061              
9584           0.0163663709353               
12156          0.023844949831                
4408           0.0445835752714               
8997           0.00586695669571              
9301           0.0171052319169               
12216          0.106948945561                
1287           0.01745289844                 
10069          0.0446901969404               
832            0.01053894289                 
1818           0.0125234156459               
11730          0.00784155026623              
580            0.0224926243279               
2709           0.0133404734696               
88             0.0134682601738               
4177           0.0258295436628               
11985          0.0147127611423               
3566           0.011617322055                
7413           0.0366086034329               
9819           0.0120847281483               
6599           0.0870449322156               
4707           0.00937666744                 
9757           0.0061709198186               
5916           0.00860377481084              
3456           0.0141159791051               
4690           0.0386209123505               
5089           0.0313085391148               
8350           0.00679464906726              
8690           0.044691511805                
7284           0.0133404734696               
3878           0.00556792147321              
2181           0.00529729949785              
3908           0.00753704204147              
3437           0.013843550699                
11223          0.0102725826087               
2075           0.00468010053228              
3580           0.00487194598998              
5938           0.0266809469393               
4393           0.0200264205827               
5905           0.00817842130297              
4859           0.00772781990589              
5936           0.0158796737019               
4423           0.112119592385                
4425           0.00506036471082              
2050           0.0266809469393               
9086           0.00963120334718              
12155          0.0133404734696               
9891           0.0790470263427               
4557           0.0391544109084               
4121           0.0253834003709               
10266          0.00772781990589              
8694           0.0410593895515               
873            0.0201529911344               
960            0.0251951481358               
8483           0.0202023902607               
880            0.00817842130297              
10962          0.0072825061343               
7893           0.0133404734696               
367            0.0280524896866               
5451           0.0161107975269               
10948          0.00893830236101              
10687          0.0120192047931               
3731           0.0211739686576               
6394           0.0130401741813               
6839           0.0120192047931               
7368           0.00763004525558              
7429           0.00860377481084              
3801           0.0297265695767               
3614           0.00736363275068              
7393           0.00385388448855              
8969           0.00830993467063              
5337           0.00817842130297              
2042           0.0179026278642               
11919          0.00570174397231              
4959           0.00937666744                 
214            0.0657847412406               
6848           0.00373909603427              
2887           0.066497764598                
10393          0.0045244068687               
10288          0.0134621770529               
5110           0.0183812924406               
7283           0.0385248133887               
2935           0.0224926243279               
6182           0.00698866599408              
121            0.0106979361165               
319            0.00518834482859              
7061           0.0232346441101               
8839           0.0125234156459               
11065          0.0301481681659               
11064          0.0154709176144               
7800           0.00521500523196              
5619           0.00876963483328              
10073          0.0183043017165               
2203           0.00772781990589              
9835           0.0120556493503               
5792           0.0816190959046               
5421           0.0102725826087               
8422           0.0184026581927               
8874           0.00498750790248              
8649           0.00793983685095              
8372           0.0285197188163               
6554           0.0253018235541               
10256          0.0120192047931               
5688           0.00805539876345              
6809           0.0172495596945               
1231           0.0156617643634               
5812           0.0120192047931               
8695           0.0120192047931               
10192          0.0266809469393               
9554           0.0120556493503               
2671           0.0183043017165               
10506          0.0106979361165               
9574           0.0166198693413               
5120           0.0139773319882               
10426          0.0313235287267               
1396           0.00692177534952              
9572           0.00626170782297              
11771          0.00679464906726              
1393           0.0710135462686               
3570           0.0263089044998               
3035           0.00712992970406              
8308           0.0203839472018               
8675           0.00357323601183              
1748           0.0120192047931               
8677           0.00915215085823              
8059           0.0161897278752               
8812           0.00830993467063              
8064           0.00280792266808              
3623           0.00963120334718              
3098           0.103880122631                
1909           0.0134759928583               
5022           0.0203839472018               
6329           0.055109796727                
2813           0.00705798955253              
466            0.0166198693413               
2661           0.00916262444374              
6613           0.00845119838061              
6063           0.00846951675464              
1515           0.00292538412012              
1186           0.00274811579324              
5860           0.0240054768353               
7527           0.00335883185573              
5026           0.0120192047931               
9632           0.00635703707491              
7806           0.0125234156459               
3265           0.00692177534952              
3873           0.0123418396372               
5415           0.0435827261463               
50             0.0555382783674               
11464          0.0133404734696               
10169          0.0102725826087               
10063          0.00830993467063              
10680          0.00937666744                 
3710           0.00736363275068              
4428           0.0173063316044               
3064           0.0329034143309               
2852           0.0108227479998               
3664           0.00508528255279              
11922          0.00916262444374              
5052           0.0667023673482               
4042           0.0112463121639               
8112           0.0152600905112               
8911           0.00382971503805              
4627           0.120064261227                
9539           0.00358461627111              
11275          0.00621577336493              
771            0.00635703707491              
11204          0.10118525683                 
822            0.0145650122686               
8955           0.00588342307116              
9633           0.00585076824024              
5021           0.0110717678997               
9651           0.0274564525747               
8943           0.00673413008691              
6170           0.0266809469393               
6429           0.00963120334718              
8970           0.0115223504704               
8956           0.00699084325048              
3718           0.00429574188972              
1951           0.010992463173                
1003           0.0227159359783               
10495          0.0317851853745               
12248          0.00817842130297              
9310           0.0147346070729               
6049           0.0120192047931               
10072          0.0133404734696               
7804           0.00553588394987              
2640           0.075366305275                
3859           0.0141014632847               
12109          0.0105519962121               
657            0.00895131393212              
726            0.0107538488133               
77             0.00385388448855              
493            0.0241661962904               
10049          0.00772781990589              
11945          0.00698866599408              
1230           0.00895131393212              
3668           0.0066185681744               
3669           0.00705798955253              
10064          0.00992504348739              
11043          0.0430188740542               
2645           0.0332397386825               
6485           0.0106979361165               
8411           0.00948385651629              
72             0.0112463121639               
5994           0.00830993467063              
9292           0.0933833142875               
5109           0.00679464906726              
7671           0.0144093834954               
4041           0.0266292328832               
6227           0.0102725826087               
5678           0.00830993467063              
8413           0.0120192047931               
11093          0.0133509470552               
8121           0.0100461582902               
6208           0.0148967323135               
6090           0.0102725826087               
10418          0.0152600905112               
6858           0.0134682601738               
11226          0.00712992970406              
8427           0.0106979361165               
10132          0.00806587234896              
5422           0.00712992970406              
11455          0.0166076518496               
2839           0.00817842130297              
7874           0.0112463121639               
9538           0.00487194598998              
11193          0.0209659979822               
5361           0.0521500523196               
881            0.0123418396372               
10950          0.00604236407414              
11884          0.0198500869748               
6133           0.00800854231321              
3957           0.0118438664494               
8996           0.0205451652173               
3884           0.00516205216667              
1876           0.0206482086667               
4455           0.0133404734696               
11384          0.0342104638339               
4220           0.0422559919031               
1796           0.0360082152529               
3312           0.0378526594742               
11296          0.0112463121639               
3274           0.0572822982734               
6242           0.036606741143                
173            0.00992504348739              
10055          0.00817842130297              
1380           0.00915215085823              
4430           0.135965746756                
236            0.00349542162524              
3414           0.0106979361165               
6505           0.061635495652                
230            0.0184510837335               
2130           0.00915215085823              
8268           0.0266809469393               
8686           0.0102722344783               
11812          0.0336030400378               
6694           0.0132371363488               
8683           0.0168015200189               
7695           0.00915215085823              
5102           0.0404047805214               
4651           0.0133404734696               
1684           0.0139773319882               
9055           0.00937666744                 
5086           0.0288936100415               
5508           0.0170021919526               
8720           0.0040620388431               
10543          0.0140403015968               
6395           0.084283299563                
2520           0.00915215085823              
12157          0.00456215439461              
7676           0.0133404734696               
658            0.0133404734696               
10176          0.00736363275068              
2162           0.0302118203707               
2108           0.00448739235097              
3589           0.00404743196881              
804            0.0432281504862               
8587           0.0120192047931               
8590           0.00698866599408              
4654           0.0216454959996               
6904           0.0175219011831               
8594           0.0142257847744               
9126           0.0120192047931               
8721           0.0194017987213               
6281           0.00712992970406              
10157          0.0102722344783               
7951           0.0347690291279               
4481           0.0238195105528               
12084          0.0231834597177               
4883           0.00937666744                 
10155          0.00992504348739              
6072           0.00650961350514              
8399           0.0282319582101               
3655           0.00845119838061              
5683           0.0611821473402               
8004           0.0218475184029               
11424          0.00845119838061              
9684           0.0141159791051               
11728          0.00448739235097              
3348           0.00478646209053              
2522           0.00429574188972              
3269           0.0066185681744               
3676           0.00753704204147              
3433           0.00783088218169              
9410           0.00524204380966              
4733           0.0102725826087               
4275           0.0044691511805               
6568           0.0254281482996               
6914           0.0343659351177               
1037           0.0203411302112               
2415           0.00763004525558              
507            0.0220175039868               
4237           0.00563365860018              
762            0.0213958722331               
471            0.00526947144498              
6603           0.0263473572249               
2538           0.0143528691889               
10139          0.00570174397231              
8945           0.0131266249724               
4776           0.0061709198186               
8867           0.00705798955253              
7285           0.00652008709065              
7250           0.0133404734696               
12184          0.00550437599669              
9069           0.142180655208                
10219          0.0120192047931               
2632           0.0460066454817               
755            0.00513611723916              
10457          0.0179026278642               
6821           0.0112463121639               
10605          0.00580866102752              
2146           0.00397603082131              
4856           0.0064573859157               
10692          0.118431521938                
2288           0.0179026278642               
2464           0.0133404734696               
9593           0.0120192047931               
9243           0.0111111387371               
9608           0.00518834482859              
3326           0.0266809469393               
10330          0.00795206164261              
8380           0.013843550699                
1706           0.00570174397231              
8191           0.00470048776156              
3815           0.00992504348739              
2128           0.00895131393212              
6130           0.0141159791051               
11435          0.0158796737019               
833            0.00895131393212              
2078           0.0191371589186               
6509           0.00860377481084              
1123           0.0098346671145               
1938           0.00266178310212              
1880           0.0106979361165               
1881           0.0385306319768               
8805           0.00679464906726              
1240           0.00963120334718              
1228           0.0402769938173               
6760           0.01875333488                 
2373           0.0231834597177               
6100           0.0415496733531               
5334           0.010221060884                
11862          0.0830533367898               
11873          0.0266809469393               
10586          0.0851770592677               
8524           0.0684621438597               
4298           0.0240384095862               
6235           0.0117015364805               
4678           0.00650961350514              
711            0.00612709748019              
4076           0.00563365860018              
11891          0.0588545126924               
625            0.00895131393212              
1143           0.00876963483328              
8393           0.0106979361165               
4060           0.0372794323593               
4029           0.0250673521733               
7911           0.0123418396372               
4771           0.00487194598998              
9262           0.00372675820629              
6163           0.00369021674671              
5454           0.0120027384176               
11220          0.00650961350514              
3397           0.0120192047931               
8985           0.0133404734696               
5370           0.00307661484767              
11591          0.0507743745122               
11297          0.0133404734696               
4183           0.0169023967612               
8934           0.0172075496217               
9858           0.00600136920882              
8362           0.0133509470552               
5999           0.00330879780827              
1726           0.00650961350514              
3079           0.030854599093                
8913           0.0262102190483               
2856           0.0133404734696               
3634           0.00753704204147              
3077           0.0282029265694               
8305           0.0150740840829               
1762           0.0315438828952               
2440           0.011473441752                
9153           0.0222716858929               
10867          0.0124315467299               
10983          0.00705798955253              
8299           0.0131266249724               
9803           0.00937666744                 
6074           0.00860377481084              
5350           0.00592193322471              
6080           0.0263089044998               
2842           0.00817842130297              
3812           0.0148914847405               
9732           0.0133404734696               
5353           0.00656331248621              
42             0.0120192047931               
3486           0.0120192047931               
2793           0.00817842130297              
1048           0.0111358429464               
5957           0.0173170547738               
6236           0.00538330751964              
11724          0.132773991228                
2970           0.0600960239655               
5100           0.00744836615673              
10998          0.0228170809624               
8482           0.0213021593326               
9622           0.00679464906726              
4806           0.00992504348739              
9164           0.00763004525558              
2919           0.01875333488                 
4387           0.120940596657                
2657           0.00450580976736              
6714           0.0522411471845               
2765           0.0198557045232               
12292          0.00698866599408              
9586           0.015726131429                
5423           0.00937666744                 
1690           0.0226695892701               
2659           0.0420761444072               
9590           0.0283369865877               
9595           0.00390720790312              
9638           0.00667547352758              
7323           0.00830993467063              
11177          0.01273995839                 
4982           0.010209750802                
132            0.090210579684                
6108           0.0178043316589               
2880           0.0506446176948               
2882           0.0131266249724               
4560           0.00667547352758              
8966           0.0112673172004               
2739           0.00671766371146              
11230          0.0274077016655               
8554           0.0361952549496               
4928           0.0133404734696               
4814           0.0320938083496               
10784          0.0126917001855               
9201           0.00432918463816              
8084           0.0166198693413               
8306           0.0168015200189               
4074           0.00805539876345              
11095          0.0120192047931               
7163           0.00592193322471              
11457          0.0112463121639               
5667           0.0156617643634               
2323           0.00626170782297              
11731          0.00630877657903              
11094          0.0133404734696               
4004           0.00963120334718              
11729          0.00830993467063              
11262          0.0034206595816               
786            0.0106979361165               
2506           0.011617322055                
10066          0.02813000232                 
5294           0.0120192047931               
1067           0.0787241851476               
5136           0.00667547352758              
2694           0.0133404734696               
6059           0.00845119838061              
8404           0.00667547352758              
4297           0.0208213124922               
6048           0.0111358429464               
215            0.0236877328988               
11927          0.00862477984727              
6102           0.0684678079428               
117            0.0108257228207               
10783          0.00805539876345              
11869          0.00916262444374              
1252           0.00793983685095              
4479           0.0231010768166               
8357           0.00656331248621              
2265           0.0156617643634               
9740           0.00753704204147              
8984           0.0120192047931               
5985           0.0133509470552               
3944           0.0120192047931               
1175           0.00656331248621              
6043           0.0264742726976               
7523           0.00736363275068              
1722           0.0232024569123               
4567           0.0125234156459               
4945           0.0168015200189               
1716           0.00916262444374              
6278           0.00588342307116              
2579           0.00450580976736              
3327           0.00712992970406              
12058          0.0112545427186               
501            0.00860377481084              
5256           0.0133404734696               
8293           0.0244044940953               
6492           0.0200264205827               
12027          0.0133404734696               
11948          0.01875333488                 
9317           0.0120192047931               
11460          0.0161499225589               
1445           0.0274878733312               
11029          0.00473789614032              
10959          0.0158796737019               
3585           0.0152600905112               
6197           0.0307661484767               
162            0.0169023967612               
2443           0.0120192047931               
692            0.00518834482859              
10092          0.00577235159127              
1554           0.00367819028557              
7919           0.0858110727384               
2507           0.0213958722331               
5169           0.00783088218169              
3448           0.0205451652173               
11124          0.0281682930009               
3321           0.00338949505474              
12108          0.00445108291473              
80             0.0124104026602               
3994           0.00612709748019              
7430           0.0241694562965               
4123           0.0504702126323               
6620           0.00707899458896              
2258           0.0102619787448               
511            0.0161107975269               
7847           0.00763004525558              
10422          0.0163568426059               
6217           0.0231834597177               
12068          0.0513629130434               
4772           0.0098346671145               
5055           0.0133404734696               
5240           0.0112463121639               
2933           0.0133404734696               
201            0.00852575153841              
2436           0.017876604722                
7436           0.0106510796663               
2254           0.00600136920882              
9883           0.0205451652173               
1040           0.0266809469393               
9889           0.00635703707491              
4316           0.00852575153841              
11793          0.00793983685095              
4047           0.00915215085823              
2738           0.0344213349008               
10205          0.0112463121639               
10265          0.0244605510774               
10843          0.0216140752431               
11012          0.0120192047931               
10385          0.0139382405084               
665            0.00541286141036              
3555           0.0264742726976               
7999           0.0112463121639               
6246           0.0120192047931               
6421           0.0125915300158               
3185           0.00580866102752              
3541           0.00805539876345              
8225           0.0127140741498               
3046           0.00667547352758              
2313           0.00712992970406              
7451           0.00805539876345              
5456           0.0401979889104               
1794           0.00326969514958              
330            0.0160741991337               
189            0.00592193322471              
11216          0.0112463121639               
10728          0.0296185565347               
7004           0.00393443962007              
9671           0.00692177534952              
2020           0.00608425999726              
3290           0.0258102608334               
3476           0.0120192047931               
7930           0.00830993467063              
4529           0.00663740020931              
10893          0.0042628757692               
8134           0.0374408042582               
6205           0.0161107975269               
6200           0.0288349728218               
5580           0.0818394576334               
5330           0.00817842130297              
2648           0.00491733355725              
12104          0.0133404734696               
7324           0.0156617643634               
4480           0.00685715262642              
4661           0.019219653688                
3871           0.0163286422073               
2548           0.0111162056277               
11186          0.00860377481084              
7154           0.104640625391                
6655           0.0452017014099               
8919           0.00842923054665              
4636           0.00744836615673              
5394           0.0120192047931               
10849          0.0164864482369               
7128           0.00992765649365              
2881           0.00818318546763              
3996           0.0120192047931               
9598           0.00566739731754              
6533           0.0102725826087               
467            0.00915215085823              
2156           0.0220175039868               
2359           0.00876963483328              
10034          0.0264742726976               
5348           0.00438047529576              
9607           0.0193986045682               
12217          0.0507071902837               
7949           0.0213021593326               
3688           0.00547338039072              
10186          0.00744836615673              
12218          0.00974345244566              
4677           0.0192694224428               
10137          0.02181612305                 
76             0.0268539417964               
9597           0.00744836615673              
5273           0.023844949831                
2154           0.00895131393212              
8364           0.0747411397399               
5750           0.0213958722331               
2687           0.00372675820629              
3090           0.00805539876345              
6772           0.00331870010466              
8842           0.00375151423954              
1571           0.00753704204147              
1574           0.00521500523196              
11000          0.0427917444662               
9686           0.0133404734696               
4938           0.0338047935224               
8743           0.0040620388431               
10923          0.0537692440667               
3438           0.0604236407414               
8057           0.0431953052272               
7624           0.00349542162524              
8291           0.069200267013                
8324           0.00772781990589              
10924          0.326945511762                
7944           0.00753704204147              
7524           0.005110530442                
2924           0.00630877657903              
1602           0.010230644073                
9288           0.0205451652173               
7526           0.00621577336493              
3857           0.0151810941324               
8328           0.0378526594742               
4359           0.0171829675589               
6126           0.0618225592471               
1552           0.0163568426059               
7194           0.02813000232                 
3868           0.00325044056397              
4147           0.0448875711224               
6864           0.0106979361165               
3532           0.00513611723916              
8463           0.023844949831                
5018           0.0106979361165               
6228           0.00860377481084              
3599           0.0129147718314               
4743           0.0236877328988               
9625           0.0167941592786               
10465          0.0154556398118               
1735           0.00845119838061              
8188           0.0260767718459               
9261           0.0203837925645               
6863           0.0337389364918               
9309           0.0303964443694               
2343           0.00744836615673              
419            0.0169023967612               
10858          0.00698866599408              
6165           0.0120192047931               
11062          0.0179495694039               
2317           0.0151073051951               
11119          0.00596123745775              
4742           0.0359528206741               
10694          0.0156617643634               
7198           0.0912885926148               
10232          0.00544288073577              
9416           0.00908637439131              
10717          0.00773415230409              
12111          0.0125234156459               
3043           0.00937666744                 
9875           0.0580866102752               
940            0.0037765960194               
10595          0.102790477152                
11469          0.00830993467063              
7346           0.00526947144498              
8313           0.00673413008691              
7722           0.00685715262642              
621            0.00698866599408              
57             0.00692177534952              
366            0.0450075200719               
5655           0.0145650122686               
8418           0.00817842130297              
10456          0.00793983685095              
9329           0.00830993467063              
10357          0.0133404734696               
3702           0.00337921908501              
4300           0.0320938083496               
2825           0.00448739235097              
1304           0.0112463121639               
9588           0.00412161205922              
38             0.00895131393212              
3706           0.0306633270703               
169            0.00596123745775              
9782           0.00506036471082              
9790           0.00821308660549              
1326           0.0247296723553               
3786           0.00439788352422              
10877          0.082811961867                
4524           0.0134621770529               
4574           0.0187204021291               
2870           0.00650961350514              
105            0.00952598264143              
2435           0.078677336916                
3488           0.0133404734696               
1086           0.00560050667297              
9827           0.0106979361165               
2086           0.0161499225589               
6214           0.0273729263677               
4952           0.0340360187518               
1596           0.0410903304347               
6601           0.0148967323135               
7186           0.00429574188972              
4333           0.0293670281303               
6705           0.00783088218169              
2936           0.0468833372                  
10524          0.00763004525558              
3600           0.0106979361165               
6850           0.0570174397231               
4657           0.0258113244325               
3420           0.00895131393212              
8563           0.00915215085823              
9815           0.0102725826087               
5369           0.0102725826087               
5346           0.00992504348739              
2233           0.00604236407414              
4794           0.030817747826                
11740          0.0550437599669               
11425          0.0106979361165               
2414           0.0248630934597               
4958           0.0112463121639               
11558          0.0133404734696               
12256          0.0040767585129               
2133           0.017876604722                
1953           0.00692177534952              
10295          0.00783088218169              
10813          0.00355067731343              
2311           0.0102725826087               
5305           0.00992504348739              
9012           0.00584567554524              
5914           0.0192624066944               
3778           0.00592193322471              
10285          0.0320889368238               
11493          0.00937666744                 
10842          0.00783088218169              
5162           0.0868604609055               
2043           0.0112463121639               
1238           0.0179026278642               
9493           0.0169023967612               
4957           0.0133404734696               
5591           0.0360464781389               
5598           0.0102725826087               
6075           0.00876963483328              
2059           0.062202596797                
5328           0.0213958722331               
8804           0.00373909603427              
8530           0.00830993467063              
5561           0.00772781990589              
675            0.00805539876345              
2079           0.0199500316099               
4125           0.00830993467063              
2070           0.0148213174393               
11344          0.00705798955253              
7936           0.0246836792744               
5320           0.00474192825815              
11878          0.00526947144498              
3235           0.00705798955253              
8950           0.0453391785403               
455            0.0133404734696               
8143           0.00541286141036              
5996           0.00733247845188              
11299          0.0135892981345               
197            0.00621577336493              
2358           0.0189263297371               
8708           0.0148967323135               
11162          0.0127140741498               
5127           0.00415211171417              
10604          0.0112463121639               
8287           0.0130192270103               
8944           0.0163568426059               
6057           0.0120192047931               
10100          0.00566739731754              
10404          0.0133404734696               
12049          0.00705798955253              
1618           0.0120027384176               
8466           0.00744836615673              
3439           0.0072046917477               
152            0.00753704204147              
2269           0.0282319582101               
12145          0.00580866102752              
3502           0.00763004525558              
509            0.00521500523196              
5322           0.00845119838061              
4640           0.00744836615673              
2837           0.0184808614533               
11977          0.0177657996741               
697            0.00277778468427              
7802           0.0265496008372               
9278           0.0213981062216               
6639           0.006387633924                
6555           0.00937666744                 
8007           0.0133404734696               
2888           0.00489450468838              
11967          0.0080695667673               
8485           0.00521500523196              
10297          0.0410903304347               
5039           0.0175392696666               
627            0.0101705651056               
3181           0.0145650122686               
3319           0.0203411302112               
10416          0.0313235287267               
5290           0.00470048776156              
2353           0.0372654482853               
5653           0.00915215085823              
499            0.00783088218169              
6886           0.013843550699                
7897           0.0133404734696               
11952          0.020442121768                
10943          0.0712173266356               
3604           0.0883228721064               
8849           0.00541286141036              
4062           0.0366086034329               
9065           0.00763004525558              
6885           0.0172075496217               
676            0.0106979361165               
10115          0.00673413008691              
11772          0.0178043316589               
3624           0.0104300104639               
8958           0.0142257847744               
4578           0.176502692135                
5787           0.00177733243295              
9864           0.00604236407414              
2638           0.0219717887416               
3565           0.0235336922846               
6192           0.00728511914055              
2971           0.010221060884                
578            0.0131936505727               
7159           0.0780177997147               
1038           0.00937666744                 
3628           0.0148967323135               
7681           0.0183043017165               
11910          0.00805539876345              
7585           0.101414380567                
3258           0.00686232404022              
7906           0.0309112796235               
10142          0.0106979361165               
8681           0.0241694562965               
8803           0.00541286141036              
8689           0.00673413008691              
5827           0.0908334341394               
1423           0.00963120334718              
12138          0.145953770824                
2590           0.00817842130297              
6263           0.00547338039072              
6145           0.054626917268                
10526          0.0108857614715               
2439           0.00830993467063              
977            0.00793983685095              
7193           0.00685715262642              
5631           0.0064573859157               
8266           0.0266809469393               
5747           0.00744836615673              
8786           0.0417286622042               
9010           0.0145650122686               
1565           0.00560050667297              
6056           0.0344150992434               
5352           0.00817842130297              
2243           0.0198500869748               
4921           0.00703491164817              
8555           0.128375233399                
4561           0.0142598594081               
3796           0.0473784332212               
6040           0.00690468420419              
3633           0.0061709198186               
6052           0.00328914621394              
2695           0.0175392696666               
6849           0.00570174397231              
3289           0.019669334229                
6042           0.0147698981768               
3426           0.0133509470552               
5407           0.00260632645585              
8218           0.038867337831                
8539           0.00544288073577              
1343           0.0385248133887               
4055           0.00963120334718              
2299           0.0133404734696               
5382           0.0415496733531               
10246          0.00592193322471              
7503           0.0118438664494               
109            0.0160626145531               
5381           0.0158796737019               
7461           0.0166198693413               
2051           0.00963120334718              
4149           0.00992504348739              
1908           0.0198500869748               
9674           0.0133404734696               
7208           0.00491733355725              
103            0.0239405921494               
1691           0.0106979361165               
1194           0.0158796737019               
6415           0.0133404734696               
9204           0.00763004525558              
2206           0.00809486393761              
11918          0.00938944271454              
4547           0.00498750790248              
11956          0.00596123745775              
532            0.0168960954251               
533            0.0241661962904               
5023           0.0577872200831               
10279          0.0183311961297               
6265           0.0604940426172               
1039           0.0190711112247               
3903           0.00895131393212              
210            0.00952593041783              
7349           0.0201430735934               
2246           0.00892341963951              
7234           0.0106979361165               
1392           0.0122541949604               
4417           0.0588962533613               
4628           0.0133404734696               
8451           0.00412161205922              
4878           0.00876963483328              
12075          0.00992504348739              
8190           0.00292538412012              
12077          0.00640655122934              
12041          0.00404743196881              
11209          0.0108257228207               
8741           0.0146835140651               
8347           0.0595570588843               
8528           0.00508528255279              
2408           0.0117668461423               
1689           0.00650961350514              
262            0.00883090439887              
10459          0.0572489491208               
9331           0.0513629130434               
5295           0.0133404734696               
2920           0.0158084143349               
7953           0.00553588394987              
2816           0.00489450468838              
11781          0.0072046917477               
7558           0.00992504348739              
1205           0.0285197188163               
2100           0.00805539876345              
4203           0.0192233152146               
8865           0.00573672087598              
11292          0.00904272780817              
8499           0.0133404734696               
8158           0.00705798955253              
8900           0.00705798955253              
2173           0.0260767718459               
9303           0.0124315467299               
4244           0.00860377481084              
7877           0.0508223689965               
10248          0.00762969712522              
10156          0.00563365860018              
5405           0.0132371363488               
8407           0.00685715262642              
9237           0.00980908544873              
3391           0.00436322461                 
6532           0.00626170782297              
8205           0.0117668461423               
