194
3384           0.0364824324879               
1186           0.0236086992971               
11772          0.038238664593                
5683           0.0187717048384               
993            0.123789107736                
7454           0.0389056610114               
6850           0.0489829283186               
2816           0.0420480424007               
4802           0.0311919729662               
11773          0.0573481101364               
5787           0.0305376557012               
5200           0.154670907286                
4006           0.0265817213895               
10538          0.0398613580887               
4574           0.0804122493081               
6423           0.0919045542028               
2430           0.0345228296714               
6287           0.0495895090341               
510            0.10527416809                 
10882          0.0374838855177               
4169           0.0541978651531               
10464          0.052269072895                
6214           0.0783857299713               
10972          0.0527116892171               
783            0.11276909893                 
5503           0.0618945538679               
6798           0.0304073531013               
10385          0.0299353951626               
2548           0.0136425503215               
7154           0.0390849466229               
5827           0.0487711261566               
4014           0.0761698000347               
478            0.028425444329                
8790           0.071873043408                
8319           0.0366218018992               
7344           0.0457510083181               
10786          0.0445723841802               
6181           0.0396916590883               
9539           0.0307949642618               
7704           0.0434729239158               
10692          0.0147453556593               
10784          0.0363442392038               
9972           0.0815992491483               
4763           0.0492834102718               
12184          0.0472873661451               
3419           0.0578520208794               
3309           0.0726031274806               
10653          0.0546124646899               
7171           0.127766529762                
9365           0.0625630469709               
7949           0.0457510083181               
9505           0.0783857299713               
8956           0.0300287048566               
4921           0.0402906636593               
4677           0.0993246357084               
9829           0.187689140913                
8173           0.181871202454                
2021           0.108786837308                
481            0.0563457123602               
6848           0.0642441589494               
9312           0.0692028653205               
10183          0.116829846714                
1732           0.0753387729271               
5984           0.0369041503934               
7237           0.00955385349078              
7231           0.0426435919222               
2622           0.0827403940737               
6042           0.0211477069467               
8753           0.0844883243874               
77             0.0331082119028               
8218           0.0196414210867               
2233           0.0519091505609               
10087          0.063987928486                
10537          0.0672740730625               
841            0.0786249175036               
960            0.021644818517                
10127          0.0672740730625               
115            0.0448014201792               
9900           0.0713895496326               
8804           0.0321220794747               
9278           0.0190167207212               
29             0.0403812686443               
8291           0.0336503966637               
7899           0.248221182221                
2082           0.0882503984765               
3329           0.0805537097616               
2687           0.0640321736529               
6394           0.0280066029046               
10864          0.063987928486                
2763           0.0295673840128               
7368           0.0655487095942               
10134          0.0805537097616               
511            0.0692028653205               
1602           0.0585934067088               
11140          0.052269072895                
579            0.0591347680255               
9313           0.048903992927                
454            0.0418542436065               
11086          0.0439038910772               
7918           0.0355387092593               
1158           0.183109009496                
1529           0.064749731283                
7740           0.247947545171                
11466          0.0550378342416               
5293           0.0467590684923               
361            0.0753387729271               
119            0.214200083133                
660            0.0208779181925               
11598          0.0513926540195               
1938           0.0228670265666               
562            0.0341575548917               
1503           0.0207181529547               
12020          0.0306971979596               
12212          0.0713895496326               
2009           0.0486878607503               
5455           0.0443465073993               
4060           0.0800656681483               
3884           0.0443465073993               
1974           0.0563845494651               
7911           0.106027111916                
8001           0.0470210869939               
5830           0.0319107758076               
4911           0.0683151097834               
5454           0.154670907286                
3992           0.0512122025298               
9257           0.0486878607503               
5127           0.0356702425527               
4982           0.021927654684                
4986           0.0215888327976               
5292           0.0947965387302               
8874           0.0428470207119               
12129          0.0200942372266               
11209          0.0465011764382               
7099           0.0428470207119               
1886           0.0350228931673               
8859           0.0196911200839               
7430           0.0519091505609               
8911           0.0164502876752               
3946           0.0445723841802               
12223          0.0745690737637               
11617          0.0546124646899               
8602           0.0354082240511               
8341           0.052269072895                
8604           0.157249835007                
9082           0.0515569690952               
4852           0.0271997497161               
4772           0.0422441621937               
11890          0.021927654684                
3661           0.104237767281                
9554           0.0345228296714               
9744           0.227403554632                
9416           0.0390299202882               
10866          0.0547159426086               
6745           0.0663886786827               
11057          0.0692028653205               
9546           0.0199419030399               
9203           0.0465011764382               
6612           0.0405583061197               
11011          0.047833276929                
164            0.0882503984765               
9216           0.0612522830395               
3965           0.0550378342416               
159            0.0420480424007               
2812           0.0920915938788               
11967          0.0173311451919               
11953          0.0786249175036               
4998           0.0481132120702               
8807           0.103255398644                
1897           0.0492834102718               
103            0.0685568202086               
10109          0.0457510083181               
12051          0.0333356573227               
9310           0.0799471960889               
8064           0.0241224922484               
6913           0.0272786694206               
10865          0.0385505941572               
2708           0.058371931435                
1899           0.0515569690952               
2745           0.0412862396037               
8721           0.0333356573227               
11586          0.0405583061197               
3098           0.0270430422333               
2591           0.0827403940737               
367            0.0556142835009               
6329           0.0473440974523               
4969           0.0412862396037               
11292          0.124295805686                
1515           0.0251315880467               
10998          0.0130679016414               
12196          0.0594640565114               
9622           0.058371931435                
10728          0.0318061377073               
1432           0.0852647358532               
2549           0.0594640565114               
