223
3329           0.0749503833093               
3384           0.0339447097733               
1186           0.0219664751256               
11772          0.0355787781464               
5683           0.017465942626                
303            0.0489756416821               
7454           0.0361993782078               
6850           0.0455756695                  
2816           0.039123175142                
4802           0.0290222552991               
11773          0.0533589681904               
5787           0.0284134524275               
5200           0.191882638671                
4006           0.0247326934173               
10538          0.037088596873                
2207           0.055862405106                
4574           0.0748187628632               
6423           0.0855116615455               
2430           0.0321214171818               
6287           0.0461400563826               
510            0.0979512833642               
10882          0.0348765016011               
4169           0.0504278546549               
10464          0.0486332294354               
6214           0.0729332084731               
10972          0.0490450573089               
783            0.104924865848                
5503           0.0575891607089               
6798           0.0282922136933               
10385          0.0278530852098               
2548           0.0126935727596               
7154           0.0363661926891               
5827           0.0453786003237               
9082           0.0479706596678               
4014           0.0708714189091               
478            0.0264481667511               
8790           0.0668735452281               
8319           0.0340743846304               
7344           0.042568562272                
10786          0.0414719233813               
7430           0.0482983433452               
4986           0.0200871108006               
6181           0.0369307021571               
9539           0.0573057251429               
7704           0.0404489417149               
10692          0.0137196668157               
10784          0.0676322584638               
9972           0.0759231948412               
4763           0.0458552498897               
9335           0.106634218018                
3419           0.107655653674                
3309           0.0675528445584               
10653          0.0508136145944               
7171           0.118879073454                
9365           0.0582111533453               
668            0.0447664508261               
7949           0.042568562272                
9505           0.0729332084731               
8956           0.0279399042694               
4921           0.0374880398928               
4677           0.0924156012235               
9829           0.174633460036                
8173           0.169220218128                
2021           0.101219610858                
481            0.052426297333                
6848           0.0597753269575               
9312           0.0643891050732               
10183          0.108703147492                
10285          0.0189997070472               
1732           0.0700981981544               
5984           0.0343370929269               
7237           0.00888928620834              
7231           0.0396772981618               
2622           0.0769849615783               
6042           0.0196766697208               
8753           0.0786113056337               
77             0.0308052004078               
5515           0.0643891050732               
8218           0.0182751612998               
4297           0.0237758146908               
2233           0.0482983433452               
10087          0.0595369199183               
10537          0.0625944798537               
841            0.0731557580898               
960            0.0201392021461               
117            0.0432665486009               
614            0.0262131486665               
10127          0.0625944798537               
6346           0.0496844533782               
115            0.0416850276067               
9900           0.0664236833422               
5684           0.0361648774712               
8804           0.0298876634788               
12143          0.0595369199183               
511            0.0643891050732               
9278           0.0191684081034               
8057           0.0246623159078               
29             0.0375723423833               
8291           0.0417462276356               
7899           0.230954884735                
2082           0.0821116893634               
10             0.0960729397817               
2070           0.0394903423962               
2687           0.0595780873856               
6394           0.0260584599903               
10864          0.0595369199183               
2763           0.0825320188891               
7368           0.060989132891                
10134          0.0749503833093               
2663           0.0476498751092               
1602           0.0545176417725               
11140          0.0486332294354               
9441           0.0374093814316               
8483           0.053827826837                
9313           0.0455022248644               
454            0.0389428570169               
5326           0.0569915663222               
3784           0.0346044103753               
11086          0.0408499307449               
7918           0.0330666320544               
1158           0.170371923152                
1529           0.0602457316143               
2971           0.0408499307449               
4359           0.0343370929269               
7740           0.230700281913                
11466          0.0512093953851               
5293           0.0435065016503               
361            0.0700981981544               
119            0.199300297693                
660            0.0194256475072               
11598          0.04781777437                 
1938           0.021276393246                
562            0.0317815509629               
1503           0.01927699556                 
12020          0.0285618969058               
12212          0.0664236833422               
2009           0.0453011268698               
993            0.115178321418                
5455           0.0412617586185               
4060           0.0744962899337               
3884           0.0412617586185               
1974           0.0524624329238               
7911           0.0986518523207               
8001           0.0437502941111               
6169           0.039123175142                
8883           0.0715504111272               
5830           0.0296910581221               
4911           0.0635631019258               
5454           0.143911979003                
3992           0.0476498751092               
9257           0.0453011268698               
5127           0.0331890158749               
4982           0.0204023641928               
8190           0.0233834315372               
5292           0.0882024792557               
8874           0.0398665764187               
12129          0.0186964794905               
11209          0.0432665486009               
7099           0.0398665764187               
1886           0.0325866961963               
8859           0.0183214032283               
579            0.0550213459261               
12184          0.0439980508502               
280            0.0479706596678               
8911           0.0153060035404               
3946           0.0414719233813               
12223          0.0925093858188               
11617          0.0508136145944               
8602           0.0329452234142               
8341           0.0486332294354               
8604           0.14631151618                 
203            0.0393056528169               
4852           0.0253077316137               
4772           0.0393056528169               
11890          0.0204023641928               
3661           0.0969869747293               
9554           0.0321214171818               
9744           0.211585334009                
9416           0.0363149939933               
10866          0.101819789151                
6745           0.0617706736213               
11057          0.0643891050732               
9546           0.0185547416895               
9203           0.0865330972017               
6612           0.0377370651091               
11011          0.0445059880095               
164            0.0821116893634               
9216           0.0569915663222               
3965           0.0512093953851               
159            0.039123175142                
2812           0.0856856907175               
11967          0.0161255884945               
11953          0.0731557580898               
4998           0.0447664508261               
8807           0.0960729397817               
1897           0.0458552498897               
103            0.0637879989427               
10109          0.042568562272                
289            0.0437502941111               
12051          0.031016824695                
9310           0.0929825735075               
8064           0.0224445285729               
6913           0.0253811616534               
10865          0.0358690098499               
2708           0.0543115723473               
1899           0.0479706596678               
2745           0.0384143634459               
8721           0.031016824695                
11586          0.0377370651091               
3098           0.0251619247237               
2591           0.0769849615783               
367            0.0517457467595               
6329           0.0440508359204               
4969           0.0384143634459               
5456           0.0292103651419               
11292          0.130105995067                
1515           0.0233834315372               
10998          0.0121588967159               
12196          0.0553277290623               
9622           0.0543115723473               
10728          0.0295936986615               
1432           0.0793337098177               
2549           0.0553277290623               
