100
1938           0.0470850441864               
4809           0.0422266486655               
6850           0.100859783302                
9313           0.0503486244955               
9069           0.0571607809167               
5787           0.0314397428073               
6235           0.0517479581445               
11728          0.0793787694268               
2378           0.144670438444                
3784           0.076580187851                
2021           0.134400500913                
6848           0.0661419414117               
11292          0.0319918807866               
3855           0.114226550213                
7368           0.134970057371                
6714           0.0710852788746               
10893          0.0754072312633               
10545          0.0721149497735               
11029          0.0838100027535               
10393          0.0800335298396               
11598          0.0529108010243               
1154           0.192561354636                
2803           0.152194638555                
10865          0.0793787694268               
3274           0.0723773565589               
10717          0.0684058183954               
783            0.116100315678                
3861           0.111597757064                
9744           0.234121091057                
9441           0.082787639678                
3068           0.109952596554                
4014           0.156839735585                
4911           0.0703331487674               
4906           0.0691157204423               
8790           0.0739961843055               
8451           0.0729083770099               
80             0.073177056533                
5610           0.0754072312633               
5292           0.0650645621668               
6181           0.0817283137607               
103            0.141163998713                
2233           0.106885109908                
9972           0.112012938238                
3946           0.0917781187033               
12223          0.0511812372119               
3658           0.109159169317                
1113           0.109952596554                
3419           0.119121957175                
3740           0.0552055026758               
4853           0.109159169317                
7171           0.105232618362                
3661           0.107316967163                
203            0.0869841226501               
9549           0.116100315678                
11731          0.111597757064                
9505           0.0807012566443               
8956           0.123663029902                
3718           0.0759886094888               
4677           0.0681724672789               
8173           0.124829137403                
9309           0.0413608781822               
3142           0.0762831013323               
10866          0.056332260076                
10383          0.0947120641773               
481            0.05801017348                 
9546           0.0410619799239               
7918           0.146354113066                
9203           0.0957496568669               
6612           0.0835128096001               
12157          0.0807012566443               
9278           0.00978923880672              
3965           0.113327320876                
10285          0.0210233481659               
1158           0.22622169379                 
2812           0.126415991875                
2561           0.0657068501911               
11041          0.0463466401884               
3589           0.0715961841298               
5020           0.089079150499                
6648           0.109156304909                
289            0.0968201944557               
10330          0.0703331487674               
3981           0.108383983413                
5353           0.116100315678                
960            0.044568419655                
660            0.0859786205918               
335            0.112451450807                
2822           0.144670438444                
7877           0.0817283137607               
1574           0.0922497222195               
665            0.0957496568669               
4267           0.168507837184                
7953           0.0979258378278               
2708           0.120192494764                
8057           0.0545781524543               
8291           0.0230962897484               
11611          0.146996816097                
119            0.126015763974                
7547           0.0713397638693               
8380           0.122441268006                
