125
993            0.0766878685276               
1186           0.029251375358                
11772          0.236890121967                
9131           0.0857429273787               
3801           0.0452020381659               
2229           0.0812153979532               
6850           0.0606902567714               
5787           0.0378364101396               
6880           0.150252694724                
2763           0.0366342354243               
10538          0.0493885551701               
6848           0.0397995244112               
6663           0.084512868264                
11073          0.06665059979                 
11299          0.0723233099498               
6714           0.085548147861                
10181          0.0541285447721               
1625           0.0792815771411               
7740           0.307209076688                
9182           0.0710547868208               
10545          0.0433936567731               
11029          0.0504309093339               
8352           0.0971205732787               
660            0.0517358295819               
510            0.0652177861969               
1503           0.0256699643286               
1509           0.0681923357162               
2803           0.0915799280026               
10998          0.0161912391379               
10865          0.0477645077255               
12020          0.0380340843286               
3274           0.0871031090926               
11991          0.0440327572138               
10972          0.0653102226277               
8980           0.0736764620292               
5455           0.0549456925783               
7061           0.0618282986697               
8997           0.0312244034508               
4250           0.089955880558                
7919           0.0166070274881               
10385          0.0370902043086               
7237           0.0118373041673               
7154           0.0242132874439               
1335           0.0592658291101               
3068           0.0661616662169               
1938           0.141662183291                
9365           0.0775161370584               
2118           0.0729886076329               
478            0.0352193626308               
4906           0.0415889335002               
8790           0.044525650151                
832            0.056089080218                
6236           0.0573007692441               
11105          0.0457245501686               
6263           0.0582595190056               
80             0.0440327572138               
5127           0.132587184184                
8966           0.0599655453959               
2165           0.0676652992935               
5454           0.255518059059                
4986           0.0267487439166               
9539           0.0381552175926               
481            0.0349064038073               
8607           0.227741018534                
11388          0.218685959683                
5292           0.0391512340732               
1655           0.176904494963                
11985          0.0391512340732               
2378           0.087052398577                
9819           0.128631741077                
511            0.0857429273787               
11292          0.0192504425052               
7171           0.0316607592245               
2626           0.0383996755069               
5069           0.105643718947                
10459          0.087052398577                
8190           0.0311382472218               
3688           0.0582595190056               
103            0.169884944192                
8956           0.0372058157978               
3718           0.0457245501686               
10292          0.0446926450151               
9744           0.0352193626308               
425            0.0998067183229               
7436           0.0566858809322               
2145           0.232548411175                
7593           0.105643718947                
2862           0.0998067183229               
9310           0.0495276214116               
10813          0.037793966006                
1134           0.194833857253                
9546           0.0494163684184               
8131           0.0333142334493               
367            0.0229688537189               
10285          0.0126503583154               
6052           0.0350101879797               
159            0.0520978752727               
2812           0.0380340843286               
3142           0.0459017544518               
2687           0.0396681986359               
341            0.0812153979532               
11611          0.0884522474813               
1517           0.0758920896138               
280            0.0638795147646               
6346           0.0661616662169               
5353           0.0698609271116               
8380           0.0736764620292               
11433          0.0915799280026               
2822           0.087052398577                
7877           0.14753489008                 
12212          0.0884522474813               
8939           0.0952791888973               
7911           0.0656842380376               
11586          0.0502520795941               
1678           0.0410213507154               
5685           0.109342979841                
2440           0.0610625564178               
10050          0.14753489008                 
9278           0.00392697926651              
11967          0.0214734334582               
193            0.0576153454904               
8291           0.0694885369277               
11384          0.0606902567714               
6063           0.0300502880677               
6000           0.0589248166887               
