148
11125          0.0934436014835               
3384           0.0477527859483               
1186           0.0927060851351               
11772          0.0500515629231               
7454           0.118824093592                
6933           0.0299312340335               
5577           0.169505147947                
5787           0.0199857580295               
5093           0.0521755478078               
2021           0.028478772942                
5443           0.11913420811                 
5415           0.0445526628394               
6714           0.0451878118646               
4529           0.037318138146                
4840           0.120296213965                
1690           0.12745756432                 
2142           0.0720404243458               
2803           0.096747776793                
10865          0.151379566446                
3274           0.046009165656                
9595           0.0439357940445               
1053           0.108571164686                
4408           0.0358095460906               
3661           0.0341098677448               
11099          0.096747776793                
3328           0.0764045091601               
8361           0.0919647592056               
11922          0.0515159661899               
2548           0.0178570819122               
7154           0.0255796415234               
5611           0.0764045091601               
5827           0.0319188851866               
4428           0.0243257922246               
8790           0.0470382294061               
8926           0.0569028183904               
10139          0.0641150036225               
2880           0.0271185185806               
4986           0.0282581736236               
6181           0.05195342446                 
7739           0.0986128405333               
308            0.115513196377                
1113           0.0698951643118               
5348           0.147772781882                
6056           0.193495553586                
9534           0.0394281726812               
8970           0.0431888644208               
8956           0.117916011971                
7179           0.1806209811                  
4677           0.0433361826038               
5781           0.0764045091601               
8173           0.039675975571                
178            0.067945210515                
481            0.0368761696789               
2491           0.102914158945                
1668           0.0828026201768               
5936           0.0892819233786               
10620          0.0875686227117               
2151           0.0657334862069               
7237           0.0250105647905               
4906           0.0439357940445               
10480          0.0709409673921               
6687           0.0919647592056               
5407           0.0586152696333               
462            0.120296213965                
1180           0.126462596117                
5317           0.0466896898366               
864            0.0738031742344               
5591           0.0506669557524               
873            0.0377694118928               
289            0.0615470994983               
9900           0.0934436014835               
4043           0.0847525739736               
10050          0.05195342446                 
9278           0.0248914705548               
8057           0.0346944870171               
9113           0.096747776793                
4125           0.0934436014835               
620            0.0847525739736               
9293           0.120296213965                
7520           0.0404370511852               
2579           0.101333911505                
3327           0.0801746748055               
9444           0.0560835577304               
188            0.0605342475563               
9441           0.0526268215545               
6867           0.216602022291                
7571           0.0550377546501               
11029          0.0266383609712               
3740           0.0350932838459               
2378           0.0919647592056               
11862          0.0274681953606               
8524           0.0349928868884               
10545          0.0458423577228               
6235           0.0328953762865               
660            0.109310557494                
11193          0.0785861918218               
1503           0.0271185185806               
8980           0.155668039029                
12020          0.0401803449883               
10816          0.0496509024496               
5455           0.0580462740826               
1966           0.0793657217731               
11906          0.0494533461088               
414            0.186887202967                
6236           0.0605342475563               
1612           0.0400531356462               
8451           0.0463467271401               
80             0.0465175225556               
6242           0.0343029745576               
11918          0.0351941532614               
8190           0.0328953762865               
5454           0.0674842312163               
4952           0.0347934927878               
11788          0.0419066722492               
12223          0.162675602793                
9177           0.100655786716                
6247           0.0818903671313               
9309           0.0788774108273               
12218          0.0410862114216               
11062          0.100919710964                
2444           0.0472146477784               
6985           0.0868978340076               
6443           0.0919647592056               
4642           0.102914158945                
420            0.067945210515                
10866          0.214857276544                
10923          0.0403083137937               
2816           0.0550377546501               
11292          0.122020461598                
11967          0.0226851777732               
3589           0.09102517286                 
11112          0.0674842312163               
5039           0.0986128405333               
103            0.0897357697244               
8291           0.0293639080396               
6486           0.0714836472955               
8064           0.0631490901414               
2353           0.0209521364289               
8721           0.0436338917123               
210            0.1071172375                  
3651           0.0477527859483               
5927           0.107117824744                
7662           0.0810153594665               
2813           0.0793657217731               
5277           0.0405665664507               
9781           0.0674842312163               
10998          0.051314728815                
1515           0.0328953762865               
