287
4650           0.151051367858                
10924          0.0169813535937               
9782           0.0286487212455               
1576           0.0449505491553               
11789          0.112379174415                
10519          0.0496483629384               
1664           0.0278389654508               
608            0.0680454606313               
6933           0.0301388087485               
1326           0.0233340720906               
6104           0.0680454606313               
3786           0.0248981538596               
4404           0.075525683929                
1798           0.0298325569727               
4809           0.0135144918117               
6714           0.045501191766                
11272          0.0306443441427               
12243          0.0274557885936               
5070           0.0680454606313               
10933          0.181695712001                
6254           0.0561895872074               
10972          0.017368540631                
9087           0.031894364152                
2852           0.0204239488835               
896            0.075525683929                
2274           0.0431966967026               
3649           0.0342082070989               
7344           0.0301499822405               
6108           0.0251993365996               
6701           0.0344453964502               
9972           0.0179246753467               
9627           0.0727490384658               
5049           0.0581551723947               
9835           0.022750595883                
4387           0.0500994465366               
9549           0.0371575016051               
10425          0.0393326538302               
9505           0.103312624286                
8956           0.0197889609741               
1951           0.0155581678021               
8173           0.0399511305918               
10168          0.0636698105051               
1422           0.151051367858                
2640           0.0304770279066               
10285          0.00672844934706              
9474           0.0365578094951               
7237           0.0314800180001               
726            0.020293927057                
10242          0.0296772783074               
6121           0.0530850140359               
1838           0.0399580636573               
11119          0.101246751943                
3668           0.0374703258576               
5591           0.0255091669054               
4409           0.058157143298                
2059           0.0153110192663               
11869          0.129683080453                
7166           0.0249976170619               
1575           0.0333083793693               
6759           0.0146400222698               
443            0.0443337137835               
237            0.0799161273146               
8250           0.0437502375759               
11097          0.0342082070989               
11335          0.0487093639097               
4945           0.0317066780117               
10373          0.075525683929                
11831          0.0395655956406               
8121           0.0379168439287               
3235           0.119874190972                
7896           0.0636698105051               
3740           0.159014959441                
2430           0.068251787649                
11458          0.0115354490983               
10132          0.0228320429191               
11299          0.0384671892666               
2789           0.0313408232787               
2084           0.147055334159                
1637           0.191009431515                
11788          0.0210986486356               
3585           0.0431966967026               
6962           0.0222744150618               
8602           0.0233340720906               
10991          0.242260949334                
3409           0.103627874162                
7919           0.0353316611193               
3919           0.0351899455145               
4797           0.0391869013094               
11105          0.0486397795313               
80             0.023420062036                
9410           0.0296772783074               
12127          0.0801839514037               
6242           0.0172704337639               
4982           0.0144503569124               
1566           0.0518732321812               
8279           0.04632824169                 
8859           0.0129764772985               
3946           0.0293732671881               
9177           0.0506769200003               
7710           0.0374703258576               
8683           0.0634133560234               
12145          0.0328851219421               
3898           0.0496483629384               
4852           0.0179246753467               
1645           0.0443337137835               
1151           0.075525683929                
201            0.0241338216898               
9125           0.0680454606313               
2671           0.0518139370812               
2361           0.0309869659689               
10923          0.020293927057                
6395           0.0149112816764               
4333           0.0277097222167               
9278           0.00522168629989              
6639           0.0904072898717               
2108           0.0254048986444               
11967          0.0114212503495               
7624           0.0395779219482               
727            0.0399580636573               
7229           0.151051367858                
289            0.0309869659689               
2925           0.0256144524337               
6904           0.0247995990097               
10866          0.0180289436077               
3389           0.0431966967026               
5791           0.0636698105051               
464            0.0496483629384               
6421           0.0178214048835               
6281           0.0403653452399               
8225           0.0359896951137               
9546           0.0525669745519               
10196          0.0545260422361               
626            0.041229140612                
11217          0.0303122662168               
1716           0.0259366160906               
330            0.022750595883                
6981           0.0306443441427               
938            0.0210292485182               
6703           0.0605652373336               
11337          0.0561895872074               
5093           0.0262686940165               
9193           0.0605652373336               
5683           0.0247411625801               
7454           0.0170925921515               
10081          0.0264958956937               
5787           0.0100621801672               
8135           0.0636698105051               
2021           0.0860288242841               
1317           0.075525683929                
9769           0.075525683929                
3676           0.0426701688122               
10673          0.075525683929                
5330           0.0463012698741               
4922           0.0561895872074               
6381           0.0421681396407               
3274           0.04632824169                 
3687           0.075525683929                
1035           0.0333083793693               
2548           0.0269713826009               
3068           0.0351899455145               
5827           0.0482103665535               
4633           0.0235941251814               
4014           0.0250980055165               
12138          0.0162019977285               
10613          0.0257207752746               
8019           0.0530850140359               
8938           0.0259366160906               
6145           0.0371117438702               
6264           0.0214525059454               
4713           0.058157143298                
8532           0.0478455685376               
8867           0.0399580636573               
10692          0.0097172112179               
6599           0.0259366160906               
3185           0.0328851219421               
7476           0.0313677950946               
2632           0.0260461772454               
7171           0.218915664083                
4690           0.0273310278855               
2246           0.0168396664679               
12218          0.0137903821679               
5341           0.0496483629384               
11223          0.058157143298                
2777           0.0636698105051               
7233           0.0311624443239               
722            0.031522200339                
11112          0.0679522379829               
6546           0.0443337137835               
5984           0.0486397795313               
8836           0.0578654584862               
6042           0.0139363701984               
7939           0.0518139370812               
1601           0.075525683929                
873            0.19015672396                 
8842           0.0212388023075               
8191           0.0532226316854               
9296           0.075525683929                
7461           0.0470458189384               
10433          0.0926025397482               
1603           0.0431966967026               
29             0.0266113158427               
10948          0.0253016281812               
8977           0.0680454606313               
9434           0.0487093639097               
9109           0.0311624443239               
9204           0.0431966967026               
8628           0.0342082070989               
7368           0.0431966967026               
2924           0.0357164734049               
3614           0.0416884303967               
8361           0.0463012698741               
1241           0.0463012698741               
10696          0.075525683929                
10075          0.024226454714                
1587           0.075525683929                
8942           0.058157143298                
1982           0.0506769200003               
4547           0.0282362501071               
1239           0.075525683929                
11640          0.0853403376244               
660            0.0550343160393               
6235           0.0331235074872               
10393          0.0256144524337               
8530           0.0470458189384               
6265           0.0456640858382               
5604           0.0225895230263               
11891          0.0185110343327               
4147           0.0564725002143               
5014           0.0470458189384               
5001           0.0605652373336               
9519           0.0431966967026               
7790           0.0337489173142               
12217          0.0478455685376               
3098           0.0178214048835               
6163           0.0208917730151               
10734          0.0463012698741               
7724           0.0388210465764               
4434           0.0561895872074               
1678           0.0436367213568               
9625           0.019015672396                
11198          0.0605652373336               
6838           0.0680454606313               
8430           0.075525683929                
3868           0.0184020265265               
2341           0.0680454606313               
8987           0.0264958956937               
10858          0.0395655956406               
4151           0.0426701688122               
1625           0.0843362792814               
9290           0.0421681396407               
4921           0.0132758035117               
9554           0.022750595883                
9744           0.0187324099119               
11262          0.0193657035469               
1213           0.0326795598973               
5120           0.0395655956406               
2766           0.075525683929                
450            0.0680454606313               
7953           0.0313408232787               
11715          0.0354499986053               
6711           0.0371575016051               
7635           0.0636698105051               
10717          0.0218930438903               
9501           0.075525683929                
2812           0.0404589978381               
9313           0.0322278037674               
940            0.0213808001596               
8533           0.075525683929                
2771           0.109052084472                
9727           0.0421681396407               
6849           0.0322798223074               
6329           0.0155999151697               
11899          0.075525683929                
9310           0.0482948772416               
12095          0.204136381894                
11743          0.0416884303967               
337            0.0680454606313               
11968          0.0304770279066               
10141          0.0636698105051               
3250           0.0456047907381               
12041          0.0229141093302               
11573          0.0714329468097               
3179           0.0304770279066               
7547           0.0228320429191               
10998          0.00861176653572              
1405           0.0636698105051               
1515           0.0165617537436               
