261
1186           0.0405439828132               
6933           0.0196351421236               
7739           0.0646908556098               
4387           0.0217595362681               
11772          0.032834247676                
5415           0.0292269228144               
6714           0.177861515611                
4574           0.0345236390715               
11272          0.0399289870776               
105            0.035135098514                
1690           0.0836132378421               
510            0.0451976833623               
2803           0.0634673580563               
2148           0.0603296581539               
10865          0.132408364161                
6214           0.0336535872727               
10105          0.0346740292908               
3746           0.0253106099668               
3741           0.0585696952102               
3664           0.0750250804308               
10385          0.0257045111149               
1981           0.032834247676                
8911           0.0282506110303               
1102           0.129767249589                
7344           0.039284843091                
4686           0.0337949085775               
9539           0.0264425940212               
3560           0.0789153315725               
127            0.0710463772922               
10784          0.0312075686825               
9972           0.0467110098331               
12189          0.0732139441801               
8306           0.0413131875398               
585            0.0660310455463               
5021           0.0408364859064               
11175          0.0585696952102               
5667           0.0577659706639               
10425          0.0256248431881               
8956           0.0257846329924               
3718           0.0316883454793               
557            0.0296435859351               
9310           0.0171619881691               
481            0.0241910785171               
3651           0.062652461161                
7852           0.0634673580563               
10285          0.0789033529979               
10620          0.0287228777568               
7237           0.0164071415733               
4524           0.0331020910403               
498            0.0436842507645               
864            0.0484155051423               
2059           0.0199499616498               
9083           0.0886619176962               
5999           0.0244079674155               
137            0.0465378732989               
133            0.0945182526782               
104            0.0343748403129               
2353           0.013744778318                
6206           0.0434001733964               
2763           0.0507770247805               
1895           0.0923813235892               
2579           0.0332379505654               
7251           0.0413131875398               
3001           0.0501220028069               
667            0.0660310455463               
8293           0.0225030408017               
454            0.0359388230603               
8493           0.0886619176962               
2378           0.0603296581539               
11458          0.0901828009441               
2561           0.0274007036478               
8539           0.0401504302599               
7740           0.0851616675994               
11029          0.122324927237                
11598          0.0220645666992               
562            0.029329936839                
10718          0.0301824009539               
1554           0.0271328602835               
7919           0.0230182351708               
4904           0.157830663145                
2822           0.0603296581539               
11906          0.0324418123973               
2389           0.171017137388                
109            0.0394962959699               
4906           0.028822251679                
80             0.0305158873702               
5610           0.0314459023791               
4986           0.0185376003753               
12129          0.0345084834412               
7430           0.0445726315055               
280            0.0442702251952               
12223          0.106716568295                
7421           0.0448816846377               
7710           0.0488231090864               
4776           0.0455209470581               
1604           0.0886619176962               
9082           0.0442702251952               
4852           0.0934220196661               
1645           0.0577659706639               
3661           0.134258166617                
6892           0.0537207719326               
7436           0.0785696861819               
9644           0.0461906617946               
10866          0.164439551092                
9546           0.0171234375079               
10543          0.0345236390715               
9278           0.00952525860396              
4316           0.0314459023791               
2162           0.0445726315055               
2888           0.0361052315286               
10843          0.10629351904                 
8291           0.0192629714838               
3319           0.0375125402154               
289            0.0403754166832               
2925           0.0333751355703               
10235          0.0455209470581               
499            0.115531941328                
663            0.0320600327973               
1644           0.0892491295385               
1158           0.0628918047582               
11217          0.0394962959699               
759            0.0789153315725               
2070           0.0364440756709               
4809           0.017609121161                
5683           0.0322372557998               
7454           0.033406974936                
6850           0.0420599834598               
5787           0.0262216518649               
5200           0.0885404503904               
3348           0.0176541175241               
2021           0.112093892339                
8121           0.0247024567438               
7453           0.0309731012726               
10624          0.0480193845402               
1154           0.0401504302599               
3274           0.181094405723                
3258           0.0253106099668               
8713           0.0585696952102               
1037           0.0375125402154               
11778          0.0406040615822               
507            0.0406040615822               
3068           0.0458518176524               
8379           0.0332379505654               
5827           0.0418781161086               
4014           0.0327022152367               
12138          0.0422217786695               
8790           0.0308574754585               
10526          0.0401504302599               
2306           0.0603296581539               
9836           0.0488231090864               
2880           0.0177899770493               
10692          0.0253226761417               
4177           0.0476341179343               
11985          0.0271328602835               
2440           0.0423179971478               
6599           0.0337949085775               
4260           0.0789153315725               
7171           0.0438835187112               
3390           0.0984085038199               
6056           0.126934716113                
1223           0.0442702251952               
7949           0.039284843091                
4921           0.0172981149277               
4677           0.0284289015136               
3580           0.0359388230603               
11611          0.0612997911685               
9597           0.109888538972                
5273           0.0439741858089               
7341           0.0623418494114               
10547          0.07577763167                 
4423           0.0295382569672               
10132          0.0297497098462               
907            0.0984085038199               
5407           0.0576781673238               
9243           0.0409816990882               
8218           0.01686542382                 
9358           0.0660310455463               
10623          0.0623418494114               
4003           0.0886619176962               
8694           0.0336535872727               
873            0.0247770529477               
8380           0.0510597736635               
6346           0.0458518176524               
8641           0.0423179971478               
5684           0.0333751355703               
9946           0.0520645832715               
11435          0.0585696952102               
11262          0.02523313676                 
367            0.0318360692112               
1603           0.0562844594226               
103            0.117734844486                
119            0.0788255850087               
10924          0.0221263749371               
8625           0.0984085038199               
6354           0.0984085038199               
1938           0.0196351421236               
3801           0.062652461161                
11918          0.092350646209                
9441           0.0690472781429               
3284           0.0515532050448               
9313           0.0209961021547               
9073           0.0691687454488               
7918           0.0915476621106               
6663           0.0585696952102               
9334           0.0984085038199               
2263           0.0691687454488               
1643           0.0445726315055               
10586          0.0196351421236               
660            0.125490134379                
11120          0.0603296581539               
5205           0.0370752007507               
12020          0.0263586454049               
5604           0.0294337111216               
3304           0.059422159325                
1256           0.19681700764                 
4029           0.0308190038846               
8800           0.0993511464026               
262            0.032571411024                
7911           0.0455209470581               
5454           0.0442702251952               
2141           0.0501220028069               
9625           0.0247770529477               
7828           0.0289223328949               
10762          0.039284843091                
8422           0.0339376646408               
5292           0.0271328602835               
11591          0.0178355568346               
8987           0.0345236390715               
9309           0.025872123585                
4267           0.035135098514                
335            0.0468938758953               
5455           0.0761576913321               
12224          0.0601459470839               
9554           0.0296435859351               
2920           0.0388712441131               
7953           0.0408364859064               
3318           0.0984085038199               
8173           0.0260277748107               
9216           0.105190526575                
10703          0.0603296581539               
3818           0.0984085038199               
2812           0.0790759362148               
940            0.0278587686297               
1897           0.0423179971478               
1357           0.0984085038199               
3812           0.0366166097553               
6486           0.0937877517906               
5351           0.0510597736635               
5353           0.0484155051423               
8064           0.0207131680323               
7877           0.0340818848945               
2548           0.011714396435                
11586          0.0348260453818               
3098           0.0464418910049               
6489           0.0585696952102               
963            0.0984085038199               
5022           0.0501220028069               
2750           0.0343748403129               
1515           0.0215796444568               
10998          0.0336628951612               
3706           0.0323133973361               
