162
7520           0.0342639073681               
1186           0.0261845067039               
4809           0.0227449855242               
3624           0.0496894416869               
7454           0.0431504306422               
8911           0.0182450825643               
9524           0.0978788844505               
4006           0.0294818978871               
2021           0.144787121134                
10149          0.0543271697773               
6163           0.0351610020876               
2638           0.0598145360975               
10893          0.0406173929902               
4574           0.0445927802838               
3965           0.0610426911509               
8019           0.0893424549457               
5580           0.111397147733                
9592           0.101931723784                
2430           0.114868242455                
7453           0.0200033475164               
10624          0.0620246857445               
10975          0.0479816431719               
10865          0.0855132490313               
9410           0.0499470697756               
3694           0.0852896156127               
8997           0.0279506721129               
3746           0.0326926853442               
9085           0.051574648432                
10385          0.0332014714345               
4878           0.083558546786                
10575          0.114520992621                
12152          0.0527468277553               
4014           0.0422401212058               
12138          0.0272680770341               
1102           0.0419037694504               
3598           0.0893424549457               
7344           0.0507426338461               
2880           0.0229785897185               
4686           0.0873030174939               
10692          0.0163541353657               
10784          0.0403095470489               
9972           0.0603347113555               
10786          0.0494354169066               
10312          0.0945674736019               
8306           0.0533625638645               
3608           0.127110261459                
4169           0.0601110779369               
4245           0.0767531861078               
7171           0.255071502388                
3456           0.0672497044007               
2626           0.103120952273                
7949           0.0507426338461               
5272           0.075652092886                
7821           0.0470733301224               
1951           0.0261845067039               
8173           0.0672380360022               
1003           0.173152988494                
2133           0.0425828195939               
3576           0.051574648432                
3589           0.0385646084424               
6848           0.0712534642221               
10285          0.0226480558991               
6947           0.0625363386134               
11045          0.0950436181981               
11150          0.0491848960283               
9465           0.114520992621                
8218           0.0217843819199               
5020           0.0479816431719               
4297           0.0283412780431               
6648           0.0293980063951               
11927          0.0410891721313               
8694           0.043468969766                
6714           0.0382894141516               
2469           0.0767531861078               
115            0.0496894416869               
6743           0.158356893569                
10614          0.044983386214                
6759           0.0246392612643               
8804           0.035626732111                
3661           0.0289026354418               
9278           0.0298796592027               
29             0.0447870332127               
10948          0.0851656391878               
103            0.0760366547839               
119            0.0339386005992               
10924          0.0285797384801               
6206           0.0560582386039               
9204           0.0727003467748               
2802           0.0605709120097               
2206           0.0385646084424               
3676           0.0718141966026               
9441           0.0445927802838               
3001           0.0647405522322               
10535          0.075652092886                
7918           0.039416130433                
1158           0.0812347859804               
10132          0.0384264900907               
11862          0.0232748846373               
532            0.0643955287497               
3857           0.0482160009489               
3585           0.0727003467748               
660            0.138934716054                
4007           0.127110261459                
6887           0.0693889359261               
4029           0.0199038268525               
8463           0.0567996670883               
1420           0.0917677156222               
11906          0.0419037694504               
10003          0.0872032234202               
4222           0.0491848960283               
4911           0.0757685727447               
4797           0.131903665405                
8451           0.0392714087452               
9257           0.107999818217                
8190           0.0278735489579               
5292           0.0700928239106               
8279           0.0389853795942               
4885           0.04440058298                 
12223          0.0827048702386               
9945           0.10715674244                 
9309           0.0445572928592               
9505           0.043468969766                
8956           0.0333049616047               
3079           0.0587975556769               
11062          0.213783122578                
7198           0.029993550756                
11890          0.0243200531232               
8240           0.0727003467748               
7619           0.143628393205                
9554           0.0382894141516               
9744           0.315267786771                
1383           0.127110261459                
5015           0.0482160009489               
10866          0.1213713596                  
9889           0.121141824019                
7932           0.0665891779464               
6612           0.044983386214                
7364           0.0499470697756               
1306           0.077925365431                
4852           0.0603347113555               
3926           0.0945674736019               
10717          0.0368461480687               
2812           0.0680927801781               
8299           0.0625363386134               
4260           0.101931723784                
10595          0.0425828195939               
2173           0.0414106402707               
7346           0.0502084048702               
6849           0.0543271697773               
8313           0.0641639172699               
1087           0.101931723784                
289            0.104302566789                
8064           0.0535087132116               
665            0.051574648432                
11743          0.0701619238897               
4921           0.0223432714233               
4969           0.0457907402724               
2661           0.043651508747                
11292          0.155089120151                
7547           0.0768529801815               
10728          0.0352763197812               
6000           0.105493655511                
