32
3348           0.0873007845297               
1522           0.135945468285                
11918          0.114170020887                
262            0.161067792358                
5376           0.308284588863                
8293           0.111279032419                
420            0.220414625295                
2378           0.298334169355                
2021           0.0923852913147               
3580           0.177719868691                
6714           0.146589502697                
8134           0.170721689807                
1445           0.167118069079                
4316           0.155502077303                
660            0.0886510078786               
1503           0.0879726189115               
12020          0.130345253443                
3274           0.149253978777                
10972          0.111911166932                
11041          0.0955743727034               
8997           0.107008039059                
9295           0.333854080507                
44             0.390241559698                
1533           0.14106401577                 
4417           0.195311808675                
8911           0.0698505746047               
8919           0.153741620802                
2971           0.186423002423                
11724          0.172977054572                
4986           0.0916696659494               
11852          0.182810017434                
8291           0.0476283371461               
