77
7520           0.0685980787721               
1895           0.119447546342                
9790           0.0783359005768               
7454           0.0287964495549               
3001           0.129613866103                
9313           0.0542952360433               
5787           0.0339041686633               
2021           0.0483118588609               
6848           0.0713265229644               
1158           0.162636157863                
11073          0.119447546342                
11914          0.0965308771014               
2870           0.124176563776                
10545          0.0777677296934               
11029          0.045189753721                
660            0.0927181138806               
11598          0.0570582505409               
4061           0.118571306431                
10972          0.0585226979841               
2432           0.19595848639                 
6603           0.100519770711                
4029           0.0398484699256               
2702           0.170754132253                
4244           0.164124519938                
2607           0.149380917913                
2812           0.136325196314                
12138          0.109184143901                
1102           0.167786939576                
8790           0.159592852175                
11700          0.138920165801                
7828           0.0747922104721               
5292           0.0701646926066               
8945           0.125200918746                
9539           0.0683796865437               
1190           0.107466958815                
7183           0.0654524126631               
6048           0.106212965696                
9972           0.0603965747074               
12223          0.0551931136798               
3658           0.117715685855                
1886           0.0777677296934               
9309           0.0669044685837               
9069           0.0616413680291               
11812          0.106834556845                
2009           0.108110554319                
8956           0.200034662286                
4852           0.0603965747074               
12224          0.0777677296934               
7821           0.18848638441                 
9744           0.0631182084368               
8173           0.134613955163                
5015           0.0965308771014               
10866          0.121495806025                
9278           0.0105565750211               
7436           0.203178648382                
10620          0.0742764259841               
10867          0.355713919294                
7237           0.0212141667524               
2687           0.0710911681187               
11561          0.149380917913                
5407           0.149153861336                
627            0.0970062067029               
133            0.12221056084                 
11119          0.113715811664                
289            0.104409511966                
12051          0.0740212516265               
10426          0.149380917913                
6102           0.081630202708                
7166           0.0842286076139               
6008           0.111511367239                
6759           0.0493290495719               
1794           0.0623722910659               
8057           0.0588562984591               
29             0.0896659099408               
3258           0.0654524126631               
119            0.0679467981368               
6000           0.105601821954                
