512
303            0.0239790847809               
3633           0.0241505884287               
1664           0.01924453767                 
6933           0.0104171874008               
5577           0.0589941226475               
25             0.0263547751283               
1562           0.0273509300153               
6714           0.0786352316611               
2765           0.0259025105925               
680            0.0261252160893               
5423           0.0733932842535               
125            0.0440137069344               
10882          0.0341519400269               
10975          0.0394160914696               
10865          0.105371486558                
10972          0.0480261430745               
4374           0.0907310758286               
4250           0.033074714924                
3328           0.0265916229613               
12152          0.0433306083347               
4428           0.00846628428325              
5610           0.0166832435441               
1102           0.103269669423                
3598           0.0366966421267               
11700          0.0285009064368               
7344           0.0416841976404               
132            0.0336237376028               
374            0.0470385091252               
4686           0.0358589607987               
6181           0.0361634644336               
4150           0.0350319733565               
11230          0.010726312157                
7704           0.0198043061687               
8554           0.0177067749026               
9406           0.0745620079063               
10784          0.0331135969622               
4763           0.0224513020552               
8306           0.0219182124589               
9973           0.0281963710871               
9835           0.0157270463322               
2201           0.0306470377452               
8296           0.0201007722042               
2795           0.0501455168873               
10068          0.0470385091252               
4811           0.0418675756259               
7099           0.0195191728589               
8173           0.055234885721                
178            0.0236474710708               
481            0.0641714220232               
6489           0.0310734440918               
3568           0.0285009064368               
15             0.0246901063581               
1314           0.0426026512675               
70             0.0245058974899               
10620          0.0152385757332               
2663           0.0233299729375               
7237           0.00870461071302              
439            0.0320071711658               
7005           0.0252717057034               
2805           0.0334945579194               
4297           0.0232818706044               
6648           0.0241499547013               
10087          0.0583000365602               
4134           0.0205153277459               
11927          0.0168770227537               
6680           0.0194264998645               
6102           0.0334945579194               
230            0.0144420780827               
5422           0.0837113442744               
8862           0.0497579584681               
12223          0.10191093452                 
7166           0.034560737112                
6759           0.030361091603                
5985           0.0261252160893               
10793          0.0241505884287               
8250           0.0302436919429               
104            0.0364743123485               
2258           0.0133871358141               
2763           0.0404087054321               
1522           0.0291701743854               
4776           0.0241505884287               
8293           0.0119387163914               
3740           0.0244275470849               
2781           0.0236474710708               
2378           0.0640143423316               
11458          0.0478453953554               
4856           0.0252717057034               
7740           0.0451814937301               
5293           0.0213013256338               
11788          0.0437552615781               
6197           0.0240813561426               
3122           0.0454656958512               
1503           0.0188765147317               
8980           0.0541782919162               
562            0.0155606435941               
10441          0.0189796549295               
11282          0.02881840457                 
10092          0.022590746865                
1554           0.0143950111751               
8838           0.0175619144264               
5455           0.0606068143758               
11906          0.0688464462821               
11122          0.0238114354758               
203            0.01924453767                 
5830           0.0145371122356               
3976           0.033671839936                
4911           0.0311212871882               
4906           0.0152912973669               
3321           0.0397955098045               
3992           0.0233299729375               
80             0.0161898353185               
8995           0.0281963710871               
9173           0.0219182124589               
4982           0.00998925187926              
4986           0.0295046996638               
899            0.0394160914696               
4885           0.0182371561743               
8859           0.00897038744622              
280            0.0234870330569               
6620           0.0138522205629               
8478           0.0298610398573               
3658           0.0483011768574               
1886           0.0159548527387               
985            0.033074714924                
8352           0.0178545040887               
5232           0.0196130115819               
4852           0.0123909809272               
2016           0.0522094426244               
3661           0.178072620118                
2436           0.0174905255551               
7436           0.0625262964606               
9087           0.0220479562529               
3427           0.0205076429079               
4388           0.0302436919429               
9546           0.0454231643302               
11155          0.0204095092324               
4316           0.0166832435441               
3047           0.0279037814248               
9484           0.0315257086275               
193            0.0211838416291               
10843          0.0281963710871               
10948          0.0699621022205               
6677           0.0310734440918               
11922          0.0179294803994               
10109          0.0208420988202               
6346           0.0243261278245               
774            0.024878979234                
10235          0.0241505884287               
1867           0.0263547751283               
9772           0.0180817322168               
3541           0.0315257086275               
10924          0.0117388808682               
1644           0.0315666981818               
5277           0.0141186803207               
1794           0.0127963195384               
11217          0.0209542825901               
7547           0.0315666981818               
3384           0.0332395062346               
4809           0.0467115322982               
2660           0.0479581695618               
7454           0.0886183344667               
10081          0.0183160995577               
8563           0.0358179712444               
3504           0.0187238556942               
2021           0.208145210496                
5443           0.06219473128                 
11073          0.0245058974899               
4529           0.0779286356346               
2430           0.0629081853289               
8947           0.0285009064368               
7453           0.0164324046299               
12054          0.0366966421267               
10624          0.025476104246                
1053           0.0188934102681               
8997           0.0344414918647               
2548           0.0124298629653               
7154           0.0267080120147               
3068           0.0243261278245               
11726          0.0440137069344               
4155           0.0470385091252               
8919           0.0329887413363               
8790           0.114597425259                
7571           0.0191551943253               
2880           0.0188765147317               
88             0.0263547751283               
9130           0.0200006353972               
1655           0.0325218635145               
8511           0.0265916229613               
4245           0.0315257086275               
7171           0.0814865471153               
8971           0.0270891459581               
3456           0.0276222355544               
2246           0.0232818706044               
7949           0.0833683952808               
3642           0.0395548597401               
12218          0.00476651205993              
3580           0.0190669083231               
9303           0.0243261278245               
7233           0.0430839885011               
5905           0.0320071711658               
8836           0.0200006353972               
4425           0.0198043061687               
2687           0.0291701743854               
150            0.0628628477704               
4929           0.0440137069344               
5020           0.0394160914696               
8694           0.0178545040887               
873            0.0262903321169               
614            0.0128342844046               
4146           0.0121094350568               
11554          0.0350319733565               
1332           0.0221799965161               
367            0.118231692897                
29             0.0735835490853               
11852          0.0196130115819               
8291           0.025549341912                
5054           0.0366966421267               
626            0.0285009064368               
4015           0.0440137069344               
7520           0.0844416250248               
6394           0.0127585469001               
7368           0.0298610398573               
2924           0.0246901063581               
1602           0.0133462585605               
3284           0.0273509300153               
3802           0.0428413789242               
9313           0.0445569132029               
554            0.0440137069344               
6235           0.0228976392362               
6848           0.0146333726695               
10690          0.033074714924                
659            0.0320071711658               
660            0.171198705827                
10292          0.0492973828028               
12020          0.0419527824783               
7532           0.0995159169361               
10182          0.02881840457                 
1335           0.0217906866165               
7194           0.0366966421267               
4743           0.0231761514031               
9625           0.0131451660584               
12035          0.0202022714586               
8005           0.0281963710871               
9096           0.0245058974899               
8241           0.0350319733565               
9309           0.00457538085108              
2009           0.199619968645                
1913           0.0221799965161               
8883           0.0350319733565               
4742           0.0201007722042               
3142           0.050631068261                
3441           0.0224513020552               
10220          0.02881840457                 
3505           0.033671839936                
5927           0.0186405019766               
2811           0.0211838416291               
1393           0.0138959748239               
159            0.0191551943253               
2812           0.0559370433044               
940            0.0295602661538               
4327           0.0213013256338               
11112          0.0234870330569               
2819           0.0325218635145               
8064           0.0329673630624               
1899           0.0234870330569               
8271           0.0402029068558               
10756          0.0252717057034               
5999           0.012949352189                
6329           0.021567838479                
3702           0.0264499075442               
2825           0.0175619144264               
9588           0.0806519606728               
1515           0.0457952784723               
1186           0.0322651802784               
9790           0.0321428377242               
161            0.0470385091252               
8569           0.0285009064368               
3786           0.0172116115705               
10877          0.0180052179039               
5415           0.0155059907481               
1668           0.02881840457                 
4574           0.0732643982306               
5614           0.0366966421267               
1445           0.0358589607987               
510            0.0479581695618               
2803           0.033671839936                
4952           0.0121094350568               
11744          0.0350319733565               
7186           0.0168118688014               
2852           0.0282373606414               
1543           0.0440137069344               
3664           0.0199018249444               
5352           0.0320071711658               
5792           0.0336237376028               
2110           0.0402029068558               
6850           0.0223144160107               
781            0.0470385091252               
8911           0.0149880203279               
7555           0.0164943706681               
9539           0.0280575975002               
12090          0.0366966421267               
5180           0.0418675756259               
9633           0.0114488196181               
8970           0.0150313379594               
11930          0.0343209517793               
8956           0.0547189019059               
3718           0.0168118688014               
5515           0.0315257086275               
9310           0.0940858830196               
10813          0.0138959748239               
3651           0.0332395062346               
184            0.033074714924                
7804           0.0216653041673               
2640           0.0210681791554               
10285          0.0558149607172               
1732           0.0343209517793               
1424           0.0522504321787               
498            0.0231761514031               
670            0.033671839936                
77             0.030165220379                
493            0.0315257086275               
11119          0.0233299729375               
1093           0.0443599930322               
3668           0.0259025105925               
3285           0.0470385091252               
8411           0.0371161386267               
864            0.0256862612451               
8804           0.0439001180084               
9083           0.0470385091252               
9149           0.0522094426244               
9278           0.0144386024512               
7288           0.0440137069344               
2353           0.0145842521148               
6206           0.0230254375879               
3859           0.0183958872713               
9444           0.0390383457178               
579            0.0404087054321               
3001           0.0531832459226               
4796           0.0358179712444               
4561           0.0558075628496               
630            0.0501455168873               
1158           0.116782704808                
2561           0.0145371122356               
11299          0.0265916229613               
11991          0.0161898353185               
10545          0.0159548527387               
10146          0.0479581695618               
11162          0.0746369377021               
5361           0.0204095092324               
5127           0.0487492678886               
3275           0.0246901063581               
5119           0.0273509300153               
2822           0.0320071711658               
2717           0.0320071711658               
11872          0.0263547751283               
4797           0.0541782919162               
10464          0.0476228709516               
4043           0.0294970613237               
129            0.0239790847809               
236            0.027359450953                
245            0.0343209517793               
3946           0.0203051707468               
7421           0.0238114354758               
7710           0.0259025105925               
11617          0.024878979234                
8212           0.0281963710871               
3439           0.0281963710871               
1375           0.033074714924                
7671           0.0281963710871               
11837          0.0238114354758               
6985           0.120974767771                
509            0.0612285276973               
5752           0.024878979234                
9204           0.0298610398573               
9644           0.0245058974899               
10866          0.0373891786699               
5309           0.0268362376666               
7518           0.0103078802421               
783            0.0256862612451               
10543          0.0366321991153               
6612           0.0184765375716               
6639           0.0374980851639               
5198           0.0298610398573               
11967          0.0236858675275               
3589           0.0633603200463               
9294           0.0402029068558               
3319           0.0199018249444               
289            0.0428413789242               
6904           0.034286965023                
8594           0.0556742079401               
5177           0.0217906866165               
8721           0.0303724481579               
1678           0.0150826101895               
4466           0.0440137069344               
12196          0.0270891459581               
9199           0.0315257086275               
2836           0.0522094426244               
11772          0.0348396267316               
5683           0.0256546298091               
8958           0.0185580693134               
5787           0.0208673708381               
10149          0.0223144160107               
2638           0.0122841521787               
1895           0.196047179919                
11963          0.0350319733565               
9182           0.0261252160893               
8121           0.0262111798876               
9592           0.0418675756259               
6192           0.0142555663652               
11164          0.0259025105925               
11846          0.0256862612451               
9410           0.0205153277459               
3258           0.0134282382879               
3771           0.0261252160893               
507            0.0215419942505               
5827           0.0111089642425               
12138          0.0448005090084               
8019           0.0366966421267               
4507           0.0306470377452               
8992           0.0315257086275               
6603           0.02062266888                 
6145           0.0256546298091               
8945           0.0256862612451               
2439           0.0325218635145               
7193           0.0268362376666               
9503           0.0470385091252               
6422           0.0188081512817               
2632           0.0180052179039               
2626           0.0141186803207               
668            0.0219182124589               
6048           0.0217906866165               
5167           0.0310734440918               
3796           0.0154517353808               
6040           0.0135111289198               
2160           0.0166832435441               
10532          0.0343209517793               
2697           0.0252717057034               
6947           0.0770587837353               
6052           0.0128724434654               
5407           0.0408006063254               
8218           0.017895493643                
8186           0.0281963710871               
4471           0.0418675756259               
1432           0.0388427734352               
8380           0.0270891459581               
5447           0.02881840457                 
11914          0.0198043061687               
9946           0.0276222355544               
10265          0.0159548527387               
7208           0.01924453767                 
103            0.109309898501                
119            0.0836399233419               
8897           0.0238114354758               
1938           0.0625031244047               
11918          0.0489955194664               
10385          0.0409116533474               
4547           0.0195191728589               
441            0.028328060983                
7918           0.178088188504                
3274           0.0800645406494               
11862          0.00955995794601              
532            0.0264499075442               
8524           0.0121788316513               
10275          0.0804058137115               
5348           0.034286965023                
5205           0.0295046996638               
8272           0.0388427734352               
4753           0.0498522382265               
7452           0.0160129081299               
4029           0.049051950368                
7911           0.0483011768574               
10718          0.0160129081299               
6169           0.0191551943253               
4417           0.0209542825901               
6163           0.0288841561654               
8451           0.0322607842691               
8190           0.0228976392362               
5292           0.0575800447002               
11591          0.0189248783405               
8831           0.0366966421267               
6153           0.0250727584437               
9352           0.0358179712444               
1909           0.0395548597401               
11195          0.134687359744                
4267           0.0372810039532               
11573          0.0246901063581               
262            0.017280368556                
1734           0.0440137069344               
12224          0.0159548527387               
9330           0.0250727584437               
4642           0.0358179712444               
9744           0.168341578457                
4969           0.056424453845                
2920           0.0412453377601               
11890          0.00998925187926              
7953           0.0216653041673               
11011          0.0217906866165               
3965           0.0501455168873               
8299           0.0256862612451               
6074           0.033671839936                
5632           0.0302436919429               
11611          0.0325218635145               
6849           0.133886496064                
12051          0.015186224079                
5353           0.0256862612451               
7877           0.0542451966504               
10248          0.014929838705                
3527           0.0358179712444               
11724          0.0185580693134               
11292          0.035389731837                
8205           0.0460508751758               
10998          0.023812589702                
