158
9766           0.0518946132498               
3384           0.496317525545                
7454           0.0271427602429               
7805           0.0610852752016               
6850           0.0512598364139               
6933           0.0239299707329               
10344          0.0804741303851               
11773          0.0600138628936               
5620           0.0961766185861               
5787           0.0159785795729               
4207           0.0522210424565               
4006           0.0556346766842               
11651          0.0865864743213               
10183          0.0611302655478               
6714           0.0361275787758               
12062          0.0554778225682               
10624          0.0585227476035               
10882          0.07845255095                 
1876           0.0464078974624               
6381           0.0669623246149               
3274           0.0367842497359               
10972          0.0551619239421               
783            0.0590055123503               
10105          0.0422583397103               
6603           0.0473736185927               
9596           0.0418937086097               
2548           0.0142767066354               
11426          0.0961766185861               
478            0.0297467643588               
2971           0.0459447066928               
8926           0.0454937065801               
9980           0.0647716421841               
373            0.0525538104891               
8938           0.0823738548046               
6108           0.0400161394797               
10786          0.0466442738334               
8414           0.0730371085111               
10692          0.0154307744536               
5292           0.0330676777585               
7171           0.0267411183429               
1484           0.0923526041552               
2246           0.0534822366858               
9282           0.119933566126                
668            0.0503496925302               
1211           0.0842981448161               
8956           0.0314245503792               
1951           0.0247061191614               
8173           0.0317208750281               
9310           0.0418317190697               
9597           0.0669623246149               
8364           0.0610852752016               
10285          0.0213693377594               
2267           0.0374670896764               
7231           0.0446258241609               
4425           0.0454937065801               
7005           0.0580532109663               
8244           0.119004544421                
5515           0.072419671046                
4297           0.0267411183429               
6648           0.0277381833968               
9891           0.0444155513977               
873            0.0301965806081               
4146           0.0834520150263               
10380          0.0704012213735               
6759           0.0464962377736               
8804           0.0672304656201               
12143          0.0669623246149               
8795           0.0389202492141               
367            0.0387996277123               
8057           0.0277381833968               
119            0.0320224138671               
11335          0.0773496830948               
1123           0.044207827458                
2070           0.0444155513977               
2763           0.0309417856324               
1886           0.0366508870768               
3327           0.0640995162266               
11918          0.0281376657097               
624            0.0535927355547               
5337           0.147051337328                
454            0.0437997840093               
8245           0.0892281568648               
7079           0.0500567449658               
5326           0.0640995162266               
11641          0.101106630635                
11292          0.276406262974                
7740           0.0518946132498               
6678           0.165251552535                
10279          0.0329602353049               
660            0.0436968024554               
6279           0.0506477350894               
10288          0.0403425686865               
10718          0.0367842497359               
3282           0.119933566126                
423            0.0634527596522               
11162          0.0571510545053               
5455           0.0464078974624               
9079           0.0595022722103               
3884           0.0464078974624               
11906          0.0395378661535               
8001           0.0492068014316               
5619           0.078840798385                
1341           0.0426308981918               
5042           0.0842981448161               
12070          0.108055092356                
4743           0.0532393825165               
1612           0.0320224138671               
10762          0.0478776847906               
7921           0.0804741303851               
1566           0.0411869274023               
5454           0.0539535281482               
3104           0.108055092356                
10185          0.0628295267813               
9595           0.0351265926569               
2562           0.108055092356                
3946           0.0932885476669               
12223          0.0520235471673               
9858           0.0539535281482               
5796           0.101106630635                
8883           0.0804741303851               
4852           0.0284640949165               
470            0.06775953883                 
3661           0.0818123438468               
3142           0.0387692613194               
10866          0.0858890136919               
2362           0.0297467643588               
4716           0.072419671046                
9546           0.0834755064833               
8131           0.0562753314194               
7953           0.199074884495                
6395           0.0236788744429               
9278           0.0298510325973               
2812           0.0321241175199               
9313           0.0255886159063               
1834           0.0595022722103               
10843          0.0647716421841               
8900           0.0634527596522               
4998           0.0503496925302               
1897           0.0515742858822               
8675           0.0321241175199               
9919           0.108055092356                
289            0.0492068014316               
8064           0.0252437951138               
7327           0.101106630635                
11743          0.132401108168                
11968          0.0483970280256               
2745           0.0432053770748               
11586          0.0424436065439               
9531           0.119933566126                
5456           0.0985603868374               
5277           0.0324329009226               
6388           0.107185471109                
3489           0.0842981448161               
10998          0.0136753461544               
9588           0.0370541295687               
9203           0.0486627235059               
1515           0.0262997974257               
11155          0.0937679125495               
