44
9955           0.0993758999426               
3348           0.115406052524                
10830          0.154467908381                
7527           0.0809845598332               
1709           0.11801106004                 
9107           0.321651222303                
11878          0.127051857269                
11062          0.108195202961                
12256          0.196588878452                
9237           0.0788353909486               
12218          0.0293654625127               
11835          0.0822234477785               
10848          0.321651222303                
9309           0.0281879439671               
10564          0.0779115415537               
9310           0.0186981621081               
1978           0.162366139292                
8720           0.0979395342974               
3179           0.129796550899                
6790           0.183967487231                
8410           0.321651222303                
10279          0.0883964374249               
3350           0.149868076642                
10441          0.116929599323                
11967          0.0486411899109               
2129           0.142783317583                
9243           0.066974972142                
8218           0.110250313251                
4426           0.321651222303                
10944          0.0895600428638               
12132          0.0942064163382               
5591           0.108639263999                
1533           0.186477604993                
2089           0.122610891779                
6775           0.289640104952                
8059           0.0975873489735               
8795           0.104380667868                
11230          0.0660825176953               
11262          0.0824752838051               
9278           0.0177906290254               
1123           0.1185614853                  
2683           0.0935590822584               
9248           0.162366139292                
9109           0.132715624478                
