270
169            0.0973973065201               
184            0.0690396889046               
1186           0.0897998370855               
2207           0.0570919418004               
303            0.0500536000777               
2812           0.029190546894                
4006           0.0505541245663               
1190           0.0460225898901               
4809           0.0585029923711               
6714           0.0656568250797               
4574           0.0764655307422               
2659           0.0286441025812               
10865          0.0366584900686               
1424           0.0545334040072               
6214           0.0372692375629               
10972          0.0751868153233               
10105          0.0383993131083               
4250           0.0690396889046               
2936           0.0766000481665               
4428           0.0353448024835               
5216           0.0507780127846               
478            0.0540605866868               
11700          0.0594923862054               
11177          0.0346918359697               
7344           0.0435055002582               
7555           0.0344301144309               
6108           0.0363618703386               
2880           0.0197012840122               
9757           0.0504115943496               
6181           0.075487100643                
9539           0.0292835147223               
11230          0.0223899512395               
10000          0.0918735850413               
9406           0.0389099183604               
9972           0.0517295142467               
8306           0.0457517645423               
77             0.0314832257132               
8956           0.0285548641422               
3718           0.0701857110255               
7099           0.0407440434467               
8173           0.115296513836                
2133           0.0365094739555               
9310           0.0886938533001               
3651           0.0693836719394               
15             0.051537776392                
7182           0.108981247002                
10285          0.058253677061                
10620          0.0636175719359               
11045          0.0407440434467               
7237           0.00908494021857              
7231           0.0405505991579               
11261          0.0658063152212               
631            0.078679407691                
7785           0.0452238473762               
6648           0.0252051357581               
11119          0.04869865326                 
1093           0.0462982088551               
864            0.0536171359166               
5422           0.0582459559593               
7166           0.0360707952284               
3776           0.0565454974876               
8804           0.0916364811347               
12143          0.060847333023                
9278           0.025618093162                
3682           0.0615717457299               
2763           0.0843485562454               
1895           0.204613045696                
9444           0.0407440434467               
579            0.0281161854151               
3001           0.0555069750694               
454            0.0397999928956               
3740           0.0509897139043               
11711          0.0462982088551               
2382           0.108981247002                
1158           0.0348243649823               
11914          0.0826784533138               
11788          0.030444703295                
10545          0.0333039323885               
6713           0.0716410659683               
11598          0.0244351239995               
5361           0.0426025189133               
11282          0.0601551272872               
3275           0.051537776392                
553            0.0981875140571               
7919           0.0254912520293               
2822           0.0668113132669               
4169           0.051537776392                
2389           0.0631302518513               
1341           0.0387378495932               
6381           0.060847333023                
1631           0.0658063152212               
4911           0.0324810658341               
4906           0.0319188363553               
4797           0.0565454974876               
12108          0.0363618703386               
6596           0.162159704192                
80             0.0337944316791               
6383           0.0341727190667               
4982           0.0417028442251               
12129          0.0382159814609               
236            0.0285548641422               
7183           0.0280299133663               
9595           0.0319188363553               
6759           0.0845004136399               
12223          0.141818288914                
11617          0.0519320269435               
9890           0.0407440434467               
9082           0.0490264983164               
2688           0.0918735850413               
9949           0.0560175803216               
3661           0.123902083748                
509            0.0426025189133               
10866          0.026015213028                
7518           0.0215165224194               
9546           0.056889399802                
8131           0.0255681373933               
4613           0.0981875140571               
2708           0.0555069750694               
6639           0.052181979299                
4997           0.0702861191507               
447            0.047754602709                
4998           0.0915035290846               
7624           0.0285548641422               
10385          0.0569322683741               
8291           0.0213325329802               
289            0.134139726372                
2353           0.0456644402481               
8721           0.0316995078704               
129            0.0500536000777               
697            0.0226923309345               
5456           0.0298532879758               
1794           0.0267108551679               
2232           0.0523365189059               
7547           0.0329459381165               
3384           0.0346918359697               
11772          0.0363618703386               
5683           0.0357007392718               
7454           0.0369961298646               
6850           0.0465787941938               
5787           0.0435582527085               
5200           0.0490264983164               
2021           0.124136956607                
8134           0.0382327653711               
9182           0.0545334040072               
9592           0.0873937811118               
2430           0.0984852376196               
5996           0.0299503105014               
1876           0.0421699337355               
2495           0.083918975228                
3274           0.0668502327705               
1053           0.0394378355265               
2287           0.0731252422827               
4408           0.026015213028                
2548           0.0129729594681               
8379           0.0368089459733               
3338           0.0594923862054               
4014           0.0724313053831               
12138          0.0467579722427               
8790           0.0683454381333               
7128           0.0405505991579               
10139          0.0465787941938               
4822           0.0766000481665               
4686           0.0748514840921               
10692          0.0420649138474               
7285           0.0532640182015               
5522           0.060847333023                
7718           0.0519320269435               
12184          0.134899356036                
3419           0.0550125822759               
7171           0.0971964902697               
12032          0.083918975228                
2626           0.0294711322327               
7949           0.0435055002582               
8392           0.0702861191507               
8495           0.0873937811118               
10137          0.0356441366216               
4561           0.0582459559593               
2278           0.0847694484885               
9597           0.060847333023                
2160           0.0348243649823               
7918           0.0675888633583               
6947           0.0536171359166               
6052           0.026869755169                
11458          0.033290598961                
4425           0.0413392266569               
2687           0.06088940659                 
5407           0.0638749534417               
150            0.0437396710618               
5020           0.0411382939981               
8694           0.0372692375629               
873            0.0274390324258               
8380           0.0565454974876               
8842           0.0306469407478               
4146           0.0252770622831               
2336           0.0468645281737               
7740           0.0471556032839               
367            0.088141125706                
10948          0.0365094739555               
103            0.0325959893446               
119            0.0581962616135               
10924          0.0490071454941               
4139           0.0570919418004               
7520           0.0293770409193               
1938           0.0434893772517               
7368           0.0623315093374               
1602           0.0278587900509               
7393           0.0314832257132               
703            0.0639721901349               
10075          0.034958031597                
7571           0.0399842798393               
9313           0.0465037330351               
3187           0.060847333023                
6848           0.0610909874231               
4359           0.0350928555127               
9290           0.060847333023                
532            0.027605580163                
8524           0.0508438394925               
10165          0.0873937811118               
361            0.0716410659683               
5348           0.0715701224971               
660            0.119119246815                
5205           0.020529229964                
4076           0.0460225898901               
4029           0.0682602284222               
4976           0.043047465326                
6163           0.0301461881155               
5454           0.0490264983164               
3381           0.0555069750694               
8451           0.0336703508235               
9257           0.0462982088551               
10762          0.0435055002582               
8190           0.0238981030244               
5292           0.0901438239683               
9309           0.0191011696581               
2393           0.0690396889046               
2009           0.0462982088551               
2628           0.0658063152212               
262            0.0360707952284               
1625           0.121694666046                
3704           0.0497036513057               
12224          0.133215729554                
9330           0.0523365189059               
9744           0.108121173374                
2920           0.043047465326                
10426          0.0639721901349               
6745           0.0631302518513               
5927           0.0389099183604               
7953           0.0452238473762               
9203           0.0442188493305               
11771          0.0555069750694               
2817           0.0555069750694               
2661           0.037425742046                
10983          0.0576582611191               
2438           0.051537776392                
11611          0.0678856747457               
6849           0.0465787941938               
5818           0.0468645281737               
12051          0.0633990157409               
5353           0.0536171359166               
8064           0.0229385347192               
7877           0.0377435503215               
10248          0.0311643326921               
1048           0.045485568915                
3098           0.0514314820203               
1909           0.0275220836359               
9237           0.0267108551679               
4969           0.0392598671323               
12053          0.0873937811118               
11292          0.147744044479                
2652           0.0409399210608               
