224
3384           0.0958761313617               
1186           0.0413625700688               
5683           0.0164440646839               
303            0.0461102293189               
11011          0.0419020811714               
7454           0.0340814652558               
9237           0.0246064949411               
8414           0.0611387506607               
8571           0.0390455302214               
4006           0.0465713210069               
2021           0.0381190265851               
6639           0.0480709285259               
85             0.0304594494927               
9892           0.0846355120917               
10893          0.0320807984387               
10248          0.028709114325                
9667           0.10039538181                 
9790           0.0618085982833               
8794           0.10039538181                 
2430           0.0302420930371               
7453           0.0157992257142               
510            0.0461102293189               
2679           0.10039538181                 
3830           0.0773075899829               
10865          0.0337704257222               
2648           0.0370060014054               
14             0.0606218989398               
1053           0.0726616122376               
6468           0.0419020811714               
3771           0.0502371010359               
10385          0.026223487884                
2548           0.0239018226497               
7154           0.0342385199409               
507            0.0828477236688               
7953           0.0416609788301               
828            0.0724808110842               
2799           0.0746921413743               
8294           0.031598559698                
12138          0.043074240799                
1102           0.0661936319686               
628            0.0318376527598               
8790           0.0314804911169               
8319           0.0320807984387               
3802           0.041190600571                
7555           0.0634352162252               
4686           0.034477231318                
2031           0.0554159283172               
3524           0.0589322716563               
10692          0.0129169718114               
9130           0.0384599284382               
9972           0.0238270550047               
5787           0.0267510697599               
6422           0.0361668586015               
3337           0.0386524850424               
4245           0.0606218989398               
7171           0.044769531546                
6056           0.0647487706568               
755            0.0386524850424               
2626           0.0271493092092               
7828           0.0295062778225               
10425          0.0261422114534               
6715           0.0542197981562               
7821           0.0371798853722               
4921           0.0176473656782               
8173           0.106213113231                
662            0.10039538181                 
9794           0.057420848548                
9310           0.0233446540081               
2278           0.0390455302214               
7233           0.0414238618344               
4391           0.0485958557599               
15             0.0474774778305               
5631           0.0485958557599               
10285          0.0268321399838               
10620          0.0293027956643               
9638           0.0502371010359               
8753           0.0740120028107               
11041          0.0197174355468               
5407           0.0196142318525               
5317           0.0312472298535               
150            0.0402937303185               
6261           0.037714552909                
3171           0.0554159283172               
5927           0.0716889596591               
873            0.0252773042394               
8483           0.0506785282224               
10127          0.0589322716563               
2059           0.0203527534631               
6848           0.0281390293109               
2051           0.0724808110842               
6759           0.019460805239                
8804           0.0281390293109               
7107           0.361808044369                
9278           0.0208233740827               
8057           0.0232194005629               
5712           0.0647487706568               
9991           0.0536571671571               
103            0.0300279808291               
2353           0.0420668604914               
119            0.053611387879                
6269           0.127201075749                
4139           0.0525940696492               
8524           0.0234191056669               
12218          0.00916569444342              
7393           0.02900288401                 
222            0.061547720265                
7571           0.0368341999313               
843            0.0904520110922               
454            0.109993294976                
9330           0.0964265860903               
11919          0.0429091789271               
1566           0.0689544626359               
3704           0.045787850547                
11458          0.030667867044                
3439           0.0542197981562               
8539           0.0409610716483               
4558           0.125074880733                
11914          0.0380824000283               
6119           0.0520906758367               
7661           0.0705652696573               
11788          0.0280461794617               
12062          0.0928800394852               
11029          0.017827811474                
10393          0.0340489830499               
1448           0.0358444798296               
1503           0.0362983170949               
5205           0.0567356294001               
7456           0.0659969707538               
11056          0.0451640456744               
8558           0.10039538181                 
423            0.0531157726558               
8721           0.0584042536375               
11891          0.0246064949411               
2659           0.0263874354013               
5455           0.0776953230894               
9079           0.0996177055356               
7919           0.0352244636213               
4976           0.237936351596                
7911           0.0464400197426               
4169           0.0474774778305               
1341           0.0356859671491               
5830           0.0279539267217               
4911           0.0299221113329               
7689           0.0606218989398               
12020          0.0268908292138               
6756           0.0482132930451               
319            0.0390455302214               
5127           0.0312472298535               
12127          0.0355291868823               
6242           0.0229573795502               
9300           0.0773075899829               
4917           0.0773075899829               
5292           0.0553613511438               
5454           0.0903280913487               
8859           0.0344989498977               
10998          0.0228950350247               
12223          0.261290848742                
9763           0.0454725575997               
1886           0.0306801500246               
9309           0.0263944844675               
9505           0.0686661134425               
8956           0.0526104548613               
262            0.166145156105                
9082           0.0451640456744               
11278          0.0567209413662               
2444           0.031598559698                
12224          0.184080900148                
11890          0.0192086853642               
3661           0.0684844265249               
420            0.0454725575997               
5752           0.0478406681566               
9744           0.0747023004952               
6892           0.164416199818                
9416           0.0341903167214               
1330           0.0846355120917               
5437           0.0659969707538               
7434           0.0688756423738               
8182           0.10039538181                 
7740           0.217202726449                
10866          0.0479313150959               
6798           0.0266369243267               
7518           0.0396427742007               
9889           0.0478406681566               
7007           0.0673642192655               
10543          0.0352206749569               
12157          0.0343330567212               
367            0.0487182641699               
2817           0.0511339712884               
7364           0.03944964854                 
7624           0.0526104548613               
1393           0.0534421218821               
8832           0.0414238618344               
2812           0.0268908292138               
660            0.0182891133319               
11967          0.0151821305009               
10813          0.0534421218821               
7208           0.0370060014054               
1897           0.0863448038768               
4716           0.0606218989398               
8291           0.00982594644688              
10109          0.0400780081838               
2206           0.0304594494927               
1050           0.0636005378746               
1981           0.0334971745724               
6542           0.0502371010359               
481            0.0246794989237               
210            0.0238961888813               
1678           0.02900288401                 
11598          0.0450201052195               
373            0.0439923537673               
10756          0.0485958557599               
1521           0.0445662403587               
7412           0.0489889009389               
3356           0.0567209413662               
10943          0.0334971745724               
8131           0.0235538038549               
2232           0.0482132930451               
11292          0.122493898237                
1515           0.0220153397365               
6610           0.0398654820504               
1396           0.0520906758367               
2652           0.037714552909                
7739           0.0659969707538               
6063           0.0212461316874               
