227
3384           0.0243648321123               
1186           0.0473012863071               
3624           0.0299206770662               
12157          0.0261749973961               
7454           0.0173221252736               
8345           0.0386365349007               
5577           0.172972713105                
5787           0.0203946064865               
5200           0.0344323777379               
1938           0.0305435369961               
2021           0.0145306814611               
5443           0.212749837026                
1139           0.0413363449424               
85             0.0232218184833               
6714           0.0461122184911               
4529           0.209448552137                
9182           0.0382999975644               
4840           0.12275711244                 
8121           0.019213010955                
3772           0.0291764035288               
12243          0.0278244870812               
326            0.0278244870812               
5996           0.0210347554887               
1602           0.0586975053468               
7453           0.0120450880703               
181            0.0765399037663               
10624          0.0746967777978               
2803           0.0493634725595               
10975          0.0288923200123               
10865          0.15447633676                 
3274           0.0469503747089               
6214           0.0261749973961               
10972          0.035203558824                
3694           0.0513574505812               
1053           0.276980509856                
6756           0.147028309208                
4250           0.048488077446                
3328           0.0779675154586               
3746           0.0196860187477               
5792           0.024646476873                
3068           0.0356625045031               
4428           0.0124117123594               
12138          0.0164195712299               
10849          0.0236474208425               
7278           0.0765399037663               
7555           0.0725430581231               
10139          0.032713301813                
4986           0.0144181254029               
6701           0.0349079570331               
1352           0.0296168630726               
6687           0.0469230406937               
12275          0.0613785562201               
9406           0.02732728326                 
8166           0.0268517039648               
7739           0.10063016245                 
11761          0.0613785562201               
9633           0.0167841583391               
5771           0.0645248201057               
4690           0.0276980509856               
755            0.0294680634921               
9835           0.0230561092456               
7828           0.0224951349786               
5370           0.0176518325907               
3775           0.0765399037663               
3596           0.0344323777379               
12218          0.0209633558239               
1951           0.0157670954357               
8173           0.0202438133081               
178            0.104002747536                
9310           0.0667410270409               
7233           0.0947427563286               
3651           0.0487296642245               
10532          0.150945243675                
11671          0.0645248201057               
7984           0.0613785562201               
2350           0.102714901162                
70             0.0359260497968               
10835          0.050315081225                
10285          0.0204564131854               
10620          0.0893600131722               
55             0.0552582619369               
8836           0.0293212612818               
12235          0.0765399037663               
2146           0.0228121600877               
4906           0.0224172940773               
6042           0.0141235190248               
2131           0.0437767768081               
77             0.0221113552342               
5407           0.0299071808162               
5420           0.044929062672                
5317           0.0476448203661               
6066           0.0364729937854               
10109          0.0305548605348               
7079           0.0638910117708               
6542           0.0382999975644               
5591           0.0258517245859               
873            0.0192710301917               
960            0.0289110310527               
117            0.0310558611276               
6216           0.0339766201074               
4654           0.0206982181524               
2059           0.0310332559798               
3667           0.0367570773019               
293            0.10501947289                 
11914          0.0290334393955               
8530           0.0476775881637               
1332           0.0325162406175               
9278           0.00846689170836              
4642           0.10501947289                 
1542           0.24551422488                 
2353           0.0106903770397               
119            0.061308753377                
7520           0.103160678867                
6394           0.0187042401307               
2763           0.0197466094869               
4184           0.0525097364451               
3327           0.0818148073458               
11918          0.0179570598556               
7393           0.0221113552342               
703            0.044929062672                
7571           0.02808183073                 
9313           0.0163302923631               
454            0.0279524019951               
10346          0.0645248201057               
11711          0.0325162406175               
2378           0.0469230406937               
11458          0.0233807128371               
10132          0.0231386500182               
1010           0.0242725395776               
7740           0.0331184074019               
6119           0.0397131346462               
10586          0.0458153054942               
9713           0.0689592299932               
8524           0.017854368017                
10545          0.0467801543875               
6235           0.0167841583391               
660            0.0697167015636               
3122           0.0333267298998               
11598          0.0171613198682               
8980           0.0794262692925               
562            0.0456243201754               
10441          0.0556489741624               
4078           0.0342021250132               
12020          0.0205011569569               
5127           0.023822410183                
3868           0.0186491437902               
5205           0.0144181254029               
5455           0.0296168630726               
3884           0.0296168630726               
7919           0.00895153079486              
3879           0.0689592299932               
262            0.0506666104766               
4182           0.0297677151258               
7800           0.0299206770662               
11992          0.0240902586837               
5830           0.0426232924783               
4854           0.0359260497968               
6227           0.0589381243544               
1678           0.0442227104685               
8851           0.0404946527845               
1856           0.0835655975727               
10762          0.0305548605348               
3641           0.0645248201057               
5421           0.0589381243544               
7032           0.0552582619369               
8279           0.0234751873545               
11591          0.0138720918493               
1190           0.0323226674144               
8741           0.02808183073                 
3392           0.20687768998                 
446            0.0312280946156               
12223          0.149403110411                
10756          0.0370487372652               
2181           0.0303928338608               
3711           0.0437767768081               
4972           0.0393423669206               
8956           0.0200547031129               
6785           0.0367570773019               
2269           0.0404946527845               
4852           0.0181653823535               
6985           0.0886755021501               
12224          0.0701702315812               
3661           0.0348076529765               
5752           0.0364729937854               
11099          0.0493634725595               
5456           0.0209666144555               
10866          0.0548131524385               
8343           0.0312280946156               
5927           0.2732728326                  
3299           0.0765399037663               
10543          0.0268517039648               
6395           0.015111522401                
4695           0.0427344074519               
367            0.0866648056518               
9243           0.0159373183345               
10216          0.042248256285                
10717          0.0221870413526               
8287           0.0373483888989               
5383           0.0725430581231               
2627           0.0662368148038               
3142           0.0247419936413               
3589           0.0232218184833               
11112          0.0344323777379               
103            0.0457857467451               
8675           0.0205011569569               
8291           0.01498230261                 
2925           0.0519168479467               
1551           0.248018069654                
2206           0.0464436369666               
80             0.0474691310607               
628            0.0242725395776               
22             0.0613785562201               
481            0.0188152725611               
210            0.0364361779275               
6716           0.0689592299932               
10429          0.0382999975644               
6489           0.0455541814071               
5611           0.0389837577293               
1909           0.0193293588657               
1521           0.135906480429                
1644           0.0231386500182               
1794           0.0187596154412               
11124          0.0646453348289               
11292          0.0518819304126               
2825           0.0514921122533               
11972          0.048488077446                
6063           0.0161977258859               
