231
3384           0.0275925428676               
1186           0.017855828216                
9739           0.0609247119277               
6850           0.0370469691094               
6859           0.0730726916808               
6933           0.0172948832566               
11617          0.0413047231312               
8563           0.35679551917                 
6753           0.0513067393801               
5787           0.0115481824614               
12282          0.0866794635                  
5093           0.030148105727                
2021           0.11518934934                 
11651          0.062578553969                
5581           0.0780945463092               
9193           0.0695096291185               
2389           0.0502113575647               
9216           0.0926531555191               
4529           0.0431263770725               
1895           0.0406853231951               
4574           0.0304088609888               
9586           0.0340600763608               
2430           0.0522208960675               
1602           0.0443156055154               
6947           0.0426449935515               
2812           0.0696510917328               
6544           0.0340600763608               
3694           0.0581609858917               
3258           0.0445878152318               
12156          0.0387330229178               
2894           0.0695096291185               
2852           0.0234401972902               
3746           0.0222939076159               
1543           0.0730726916808               
2548           0.0103181895751               
7013           0.0523397947369               
9654           0.0667459030825               
4316           0.027697951312                
4633           0.027078551376                
4014           0.0288045276775               
5179           0.0780945463092               
1038           0.0609247119277               
7129           0.0866794635                  
7344           0.0692051802563               
2538           0.0310858282457               
4578           0.0382274254742               
9746           0.0644877744901               
3434           0.196300707546                
10692          0.0111522678282               
9972           0.0205718261873               
9099           0.0549114949503               
11711          0.0368238023968               
12090          0.0609247119277               
554            0.0730726916808               
1048           0.0361774600584               
7171           0.0386531621834               
3903           0.0581609858917               
6836           0.0866794635                  
1223           0.0389937781796               
9534           0.0227824099326               
7949           0.0346025901281               
2795           0.041626440374                
11930          0.0569805295269               
4006           0.0201043964702               
4921           0.0152363999379               
236            0.022711433134                
2075           0.0304088609888               
3580           0.03165537307                 
1142           0.0392601415092               
2819           0.0539936367783               
898            0.0780945463092               
481            0.0213078100566               
10118          0.0495760687009               
564            0.0515889334875               
10149          0.0370469691094               
2686           0.0272815955538               
1618           0.0389937781796               
9974           0.0780945463092               
5984           0.0279114982824               
8836           0.0332055708458               
726            0.023290973588                
10788          0.0581609858917               
10309          0.0866794635                  
11912          0.0667459030825               
77             0.025040538525                
5407           0.0169345547902               
8218           0.0297105601989               
150            0.034788840517                
5020           0.0654396118808               
9493           0.109822989901                
6648           0.0200471888976               
1432           0.0644877744901               
10266          0.0502113575647               
11927          0.0280196685548               
237            0.229295740213                
873            0.0218239437981               
6993           0.0780945463092               
8411           0.0616211708388               
8511           0.0441480984285               
10151          0.0866794635                  
7166           0.057378627322                
6008           0.0379821616684               
8804           0.0242947028052               
11914          0.0328796199959               
10793          0.0400954299257               
11701          0.0644877744901               
164            0.200237709247                
1603           0.0495760687009               
133            0.041626440374                
6176           0.0508810026709               
119            0.0231435264007               
11303          0.0780945463092               
626            0.0473179401085               
1716           0.0297669858886               
7520           0.0934614428131               
9204           0.0495760687009               
6394           0.0211820686978               
1120           0.0667459030825               
1140           0.0569805295269               
11882          0.0335403322367               
574            0.0644877744901               
10498          0.106095030992                
11918          0.0203359063408               
7393           0.025040538525                
2056           0.0483956123361               
11471          0.0441480984285               
11838          0.0667459030825               
454            0.15827686535                 
3465           0.0430040162968               
10916          0.0866794635                  
242            0.0644877744901               
7518           0.0342268173837               
8317           0.0531391312633               
1158           0.0830938539361               
4856           0.0419567377469               
407            0.0695096291185               
3793           0.0780945463092               
2789           0.0359692968818               
5567           0.0502113575647               
8420           0.0392601415092               
7098           0.0866794635                  
2596           0.0780945463092               
1676           0.0866794635                  
7128           0.0645047524467               
660            0.0315809453169               
11598          0.0777390054562               
5205           0.0163281545063               
562            0.0258341819153               
5513           0.0594659198617               
11056          0.0389937781796               
11007          0.0956901173999               
3932           0.0549114949503               
9723           0.0644877744901               
6538           0.0349779345328               
5119           0.136226158763                
10546          0.0422960854802               
1974           0.0426449935515               
1039           0.0413047231312               
11124          0.0366045857456               
6169           0.0318019477684               
10216          0.0478450587                  
12108          0.0289208235315               
10314          0.0454087195875               
80             0.0268787822475               
8190           0.0190076256769               
6877           0.0539936367783               
12129          0.0151977558583               
899            0.0981594178213               
11591          0.0157097856144               
3857           0.0328796199959               
3413           0.0531391312633               
10972          0.0199335604175               
3386           0.0866794635                  
12223          0.0375989250006               
9858           0.0389937781796               
10213          0.0337111682894               
9309           0.00759616532077              
8212           0.046812342665                
2125           0.0581609858917               
110            0.0274880239566               
2408           0.0382274254742               
12218          0.00791348628433              
9082           0.0389937781796               
4852           0.0205718261873               
3670           0.0730726916808               
3661           0.0197093838458               
5207           0.0531391312633               
9744           0.128993091364                
10597          0.0454087195875               
3441           0.0372742308518               
1396           0.0449740989425               
5927           0.0309474422534               
9278           0.0131842371454               
8173           0.0229255955442               
4268           0.0866794635                  
5801           0.0515889334875               
11793          0.0515889334875               
5198           0.148728206103                
2065           0.0266821841917               
11096          0.0780945463092               
532            0.0219564094186               
11953          0.118931839723                
11885          0.0780945463092               
2771           0.062578553969                
5481           0.0780945463092               
6849           0.148187876437                
1899           0.0389937781796               
5670           0.0406853231951               
9919           0.0780945463092               
6486           0.0413047231312               
1551           0.046812342665                
9310           0.00503883258507              
8912           0.0454087195875               
3272           0.046812342665                
7986           0.0594659198617               
7048           0.0569805295269               
2014           0.146145383362                
7870           0.0539936367783               
10220          0.0478450587                  
11115          0.0813706463903               
4561           0.0463265777596               
5957           0.0375057407223               
1404           0.0581609858917               
697            0.0180486012509               
2372           0.034419099106                
1794           0.0212447798063               
6539           0.0866794635                  
11292          0.03525296745                 
2825           0.0291567433781               
6000           0.0359692968818               
6063           0.0183435060749               
