168
211            0.0714503882341               
4809           0.0171849578316               
5683           0.0786518356679               
7454           0.021734851702                
4014           0.031914493898                
5787           0.0255900324299               
7856           0.051866576014                
2021           0.0729292050944               
6570           0.049364641874                
1784           0.0960380687343               
11272          0.038967189385                
7176           0.0960380687343               
1581           0.0960380687343               
2430           0.0867886198771               
7453           0.0302270303222               
5505           0.0608401772854               
8232           0.0530107922971               
10972          0.0662572390805               
4816           0.384152274937                
1355           0.112749041918                
4887           0.0305716535553               
1882           0.0418165508357               
11922          0.032980866763                
11778          0.0792520057872               
8379           0.0324373245917               
5827           0.0613040525542               
8294           0.0302271338929               
6294           0.0549286959244               
11177          0.0305716535553               
624            0.0429149485595               
7344           0.191692806746                
2538           0.0344421018448               
1326           0.0296714852843               
4686           0.032980866763                
11230          0.039461608951                
10692          0.0123563554847               
7285           0.0469381070762               
1536           0.080962201459                
2440           0.0412986536835               
5049           0.184874540459                
12184          0.0792520057872               
2135           0.0675026290597               
7171           0.128479396272                
9832           0.080962201459                
12218          0.0175357785804               
8173           0.0254008254291               
10295          0.0563745209588               
9310           0.0502457857427               
6942           0.0556325756336               
4393           0.0480567340383               
9121           0.0341371416109               
10835          0.0631326013136               
3859           0.0338388114752               
8836           0.220744252432                
4423           0.086480244373                
7231           0.0357345996331               
2622           0.0693350330598               
7688           0.480190343672                
11041          0.037723337392                
6059           0.0608401772854               
11119          0.0429149485595               
873            0.0483604611728               
5609           0.0619385750093               
4146           0.0222750272338               
2059           0.0194694128434               
11869          0.032980866763                
7503           0.0426319973852               
7470           0.0579908158348               
7166           0.095360521376                
8804           0.0269177524141               
8016           0.0944985733992               
10822          0.0770144422846               
10923          0.0258056525966               
9278           0.0106237908312               
29             0.101516434426                
2353           0.0134136981419               
10924          0.0215934013277               
8064           0.0202142353351               
6278           0.0423547627891               
7368           0.109857391849                
10134          0.0675026290597               
3404           0.0447473525596               
10613          0.0654128093972               
3235           0.0508104669084               
9313           0.0204903542236               
2753           0.0598232198349               
3740           0.0898678219122               
6848           0.0269177524141               
2561           0.0267406835604               
2789           0.0398528286491               
2084           0.0311658002836               
10586          0.0383243531946               
9179           0.0960380687343               
11788          0.0268289323904               
6235           0.0210598403304               
1875           0.0442971006812               
9845           0.0556325756336               
7980           0.0714503882341               
11598          0.0645992457256               
6265           0.0580662151771               
8733           0.0450780347238               
6097           0.0865262555094               
11056          0.0432038570362               
5604           0.0574494410965               
10816          0.0317868404587               
7919           0.0112318893473               
5031           0.0321734194243               
8001           0.0394028655256               
6163           0.0531317408444               
4361           0.0631326013136               
4490           0.0865262555094               
12127          0.0339871658474               
9173           0.0403180476338               
5292           0.0529585838565               
12129          0.0168386266227               
4695           0.0536207880887               
4952           0.0222750272338               
6048           0.0400834667801               
8987           0.0336920438113               
2258           0.024625328386                
4776           0.0888489037577               
11664          0.057045826594                
8602           0.0296714852843               
6785           0.0461207624087               
4110           0.0549286959244               
12224          0.0293485846035               
3661           0.0655120977008               
10292          0.0604542677857               
9744           0.0952801419116               
9551           0.0339871658474               
5015           0.036429565639                
2361           0.0394028655256               
6745           0.111265151267                
5277           0.0779129630344               
6395           0.0189611085932               
11097          0.0434989790722               
11887          0.0588764550988               
6639           0.0919691534545               
4974           0.0588764550988               
4096           0.0960380687343               
447            0.0420830183494               
2812           0.0257237261098               
3581           0.0438005878235               
7757           0.0579908158348               
3629           0.0513283640605               
4998           0.0806360952675               
664            0.0381352591749               
10385          0.0250853484141               
2548           0.0228644470008               
6904           0.0315350417285               
5791           0.080962201459                
628            0.0304558499501               
7496           0.0770144422846               
9873           0.0693350330598               
11586          0.0339871658474               
3098           0.0226616061994               
12041          0.0582749256242               
6329           0.0396735427573               
4969           0.0345971616389               
7951           0.0312877801602               
1794           0.0235385354373               
2065           0.0295630053062               
8849           0.038967189385                
10998          0.010950677749                
9588           0.0296714852843               
11715          0.0450780347238               
1515           0.0210598403304               
6063           0.0203240170868               
