56
7733           0.147344967973                
3384           0.0912511292088               
1186           0.118101799858                
11772          0.191287756084                
2763           0.147909938835                
7171           0.0639148177397               
2227           0.192343839565                
188            0.231350625335                
6090           0.220734966529                
3054           0.1639527126                  
7949           0.11443401349                 
5752           0.13659859642                 
1951           0.118101799858                
2021           0.0544202843422               
8381           0.129836973083                
441            0.0777679287637               
4574           0.100564957586                
11914          0.217471979076                
7953           0.118953841009                
9278           0.0118913208449               
10285          0.0255377750211               
1448           0.102346096382                
11598          0.0642725469837               
5361           0.112058870605                
4279           0.173092614016                
9827           0.229874867944                
7283           0.206953151847                
3274           0.175838466246                
8441           0.0775189326286               
5455           0.110921026935                
7349           0.108207469456                
9310           0.0166638923236               
150            0.115049961008                
10385          0.074875451707                
2548           0.034123221431                
5591           0.096819836459                
6714           0.172699404956                
6913           0.0682303568647               
5216           0.267126306582                
8191           0.101003033827                
11968          0.115675312668                
8790           0.0898856781662               
832            0.113229228456                
1612           0.0765378141503               
6561           0.229874867944                
6242           0.065549791524                
9587           0.258265994908                
8804           0.0803448625739               
8859           0.0492521145249               
11292          0.077723248227                
10106          0.0892196514903               
11991          0.0888906558414               
367            0.0463681268263               
12223          0.0621715870805               
10756          0.138754869955                
1515           0.0628600022446               
