360
1186           0.0861574591761               
3603           0.0371322577678               
1326           0.0258437161641               
8414           0.0254701746307               
6753           0.0247563890632               
7739           0.054988181866                
4006           0.0388028759505               
1190           0.105974074029                
9508           0.0497851052007               
4524           0.0281372658486               
5415           0.0248433156735               
8336           0.0351168190386               
6714           0.0251974854745               
12292          0.0438209850227               
8089           0.0664312422865               
4797           0.0434015610674               
105            0.029865352201                
1448           0.029865352201                
2659           0.021985813595                
10882          0.0273586977039               
10865          0.0562745316973               
10972          0.0577097258262               
9638           0.0418571764223               
783            0.0411538938047               
10105          0.0294734365576               
3258           0.0215143919628               
6798           0.0221936858995               
2852           0.022620601147                
11045          0.0312731370022               
10385          0.0218492137511               
1237           0.0836486803924               
1981           0.0279095950366               
5611           0.0426044420012               
12152          0.0347116156159               
4428           0.0135644717224               
478            0.0207471324745               
1102           0.110304077035                
4294           0.0317299705537               
8319           0.0267294810474               
7344           0.0333926963263               
7555           0.0792806207616               
2880           0.0302434860123               
2031           0.0461721365356               
9539           0.0449531902258               
11230          0.017185432602                
9406           0.029865352201                
5320           0.0297332806225               
10784          0.0530537877767               
9972           0.0595575714597               
11778          0.0345140515106               
8306           0.0351168190386               
1113           0.0389747216077               
10600          0.0529914919348               
9505           0.0572120915684               
7821           0.0309780021                  
1951           0.0344629836704               
7689           0.0505097122775               
7099           0.0312731370022               
8173           0.132743955976                
10295          0.0491019274764               
9310           0.0826650114166               
481            0.0205627737104               
6489           0.0497851052007               
3568           0.0913268977252               
7183           0.0215143919628               
10183          0.0213179104494               
2627           0.0361943370653               
10285          0.059616901662                
10620          0.0488297398735               
2151           0.036654099757                
7237           0.0139463124461               
726            0.0224765951129               
498            0.0371322577678               
8441           0.022620601147                
11041          0.0164284196591               
4297           0.0373016384629               
85             0.0507571704916               
4134           0.032869151776                
1164           0.0210608606232               
864            0.0411538938047               
5358           0.06223293292                 
5422           0.0447067499061               
2845           0.0753639383637               
11927          0.0540798986289               
9517           0.0243309934084               
4574           0.0293456026519               
10856          0.0539481908913               
6759           0.0972875832496               
8804           0.023445228525                
4041           0.0208716373112               
10050          0.0869103152486               
9278           0.021976513864                
5712           0.0539481908913               
104            0.0292191215115               
2353           0.0350497931771               
2863           0.0705176749488               
2763           0.0431612203445               
579            0.0215806101723               
3001           0.0426044420012               
1353           0.0268320770099               
454            0.0305485299253               
3740           0.0195686065218               
11711          0.035536242994                
5326           0.0447067499061               
3784           0.0271452570991               
4561           0.0894134998121               
11458          0.0638805929725               
10132          0.0252876923649               
1184           0.0539481908913               
11914          0.0951899116611               
6119           0.0434015610674               
10864          0.0467034398373               
6287           0.0723886741307               
11029          0.0297079980614               
510            0.0384186978086               
11598          0.0937760364286               
562            0.0249308791145               
10718          0.0513109723827               
8528           0.0318862127294               
1554           0.0230633316217               
7919           0.0195658395591               
5046           0.0809794062951               
1341           0.0297332806225               
5830           0.0232910024337               
4911           0.0249308791145               
4906           0.024499339237                
3321           0.0212531278722               
6756           0.0401709547581               
80             0.0259389545663               
11392          0.064412105117                
1566           0.0287261709787               
9627           0.0201433497551               
12129          0.0293327201425               
236            0.0438346370587               
8859           0.0574885334734               
3946           0.0325324434189               
446            0.0682569163855               
12223          0.23584771026                 
10421          0.0505097122775               
1886           0.0255624712765               
9640           0.0244148699367               
4972           0.0429963576447               
3985           0.0587944543063               
9890           0.0312731370022               
4852           0.0198525238199               
1332           0.035536242994                
11890          0.0160045328164               
3661           0.0951011856485               
509            0.0326996119655               
5752           0.0398604864911               
6892           0.0456634488626               
5437           0.054988181866                
7434           0.0573866695051               
3211           0.269740954457                
10866          0.0199680064211               
2837           0.0289701050829               
7518           0.0165150313152               
9546           0.0291103491206               
8131           0.0392497060158               
10996          0.06223293292                 
6612           0.0592053049562               
6639           0.0200261688533               
8832           0.0345140515106               
2145           0.0456634488626               
8136           0.0187028992975               
11967          0.012649637454                
7025           0.064412105117                
3259           0.0210608606232               
289            0.0343196999725               
3725           0.0505097122775               
8066           0.0518779091326               
3671           0.0521057270514               
2745           0.0301339557798               
1678           0.024164985792                
6139           0.0378873945068               
697            0.0522525734449               
11440          0.064412105117                
1644           0.0252876923649               
1794           0.0205019473387               
2232           0.0401709547581               
330            0.0251974854745               
7547           0.0505753847298               
6063           0.0177021178371               
3384           0.159766549516                
11772          0.0279095950366               
7454           0.056792843318                
3054           0.0478426210596               
5787           0.0222887910198               
3504           0.0299988994701               
2021           0.0952814625795               
5443           0.0332156211432               
11073          0.0392627441287               
2638           0.0196813654358               
4529           0.0208092227764               
9182           0.0418571764223               
2430           0.0251974854745               
5996           0.0229883949734               
12062          0.0773869534404               
11164          0.041500363172                
3274           0.0256554861914               
14             0.0505097122775               
1053           0.0605411112474               
4408           0.0199680064211               
6468           0.0349125002814               
9700           0.0418571764223               
2548           0.00995740983093              
6715           0.0451755298417               
507            0.0345140515106               
5964           0.0472594636364               
3705           0.067079196335                
3338           0.0456634488626               
2206           0.0507571704916               
12138          0.0538337023595               
8790           0.0786879284457               
832            0.0330411310919               
7571           0.030689979579                
4686           0.0287261709787               
5631           0.0404897031475               
9130           0.032044524398                
973            0.0426044420012               
7171           0.0932540961572               
10448          0.0456634488626               
6056           0.0539481908913               
2246           0.0186508192314               
2626           0.0452412022939               
3683           0.0497851052007               
2181           0.0332156211432               
5167           0.0497851052007               
12218          0.00763678798021              
4921           0.0294073058894               
4677           0.024164985792                
881            0.0386934767202               
2278           0.0325324434189               
7233           0.0345140515106               
9597           0.0467034398373               
2160           0.0267294810474               
3704           0.0381500942297               
2239           0.0478426210596               
1158           0.10691792419                 
2146           0.049861758229                
2561           0.0232910024337               
2687           0.0467357334517               
8753           0.0616662465616               
11204          0.0333926963263               
5407           0.130739448911                
9243           0.0174175244816               
150            0.0335724343936               
5020           0.0315757444624               
6261           0.0314234830882               
2153           0.0332156211432               
873            0.0631825818697               
4146           0.0970071898762               
12051          0.0243309934084               
397            0.0753639383637               
7740           0.0723886741307               
9946           0.0442556640614               
8795           0.0271452570991               
8743           0.0254701746307               
367            0.0541222572243               
8057           0.0193462306889               
7624           0.0219173185294               
6799           0.0411538938047               
119            0.111671517386                
4139           0.0438209850227               
7520           0.0450967625041               
9204           0.0478426210596               
1938           0.0500704816414               
7368           0.0478426210596               
7918           0.0518779091326               
262            0.027686180004                
3614           0.0461721365356               
103            0.025019088786                
11918          0.0392497060158               
7393           0.024164985792                
10545          0.0766874138295               
3802           0.102959099918                
9313           0.0535409899689               
11919          0.0357516065906               
10236          0.0472594636364               
5563           0.0561273630883               
6848           0.023445228525                
1632           0.067079196335                
532            0.0635660835865               
10586          0.0333803210943               
8524           0.0195126234862               
11102          0.0491019274764               
10692          0.0215246483894               
660            0.0457150568538               
8619           0.0478426210596               
11056          0.0376303446807               
5205           0.0157572338654               
11991          0.0259389545663               
4753           0.0199680064211               
4029           0.0130983040382               
2140           0.0376303446807               
4976           0.0330411310919               
11064          0.0194014379752               
1974           0.0411538938047               
10008          0.0587944543063               
7911           0.0386934767202               
6228           0.0539481908913               
11992          0.0526553666792               
3527           0.0573866695051               
3381           0.0426044420012               
4279           0.0505097122775               
8422           0.0576950314782               
5292           0.115316658108                
11591          0.0303209729925               
10185          0.0438209850227               
4183           0.0529914919348               
9858           0.0376303446807               
10756          0.0404897031475               
3642           0.0211246066743               
9309           0.0439833736483               
1521           0.0371322577678               
9357           0.0323675807191               
2009           0.035536242994                
8956           0.0438346370587               
5455           0.0323675807191               
7662           0.0451755298417               
9525           0.067079196335                
1331           0.0404897031475               
12224          0.153374827659                
9330           0.0401709547581               
7198           0.0197381463323               
9554           0.0251974854745               
9744           0.103735662373                
3863           0.0392627441287               
9405           0.0209343794827               
2920           0.0660822621838               
5927           0.059730704402                
11011          0.0349125002814               
2816           0.030689979579                
2817           0.0426044420012               
2812           0.0672157126508               
8299           0.0823077876095               
940            0.0236803644276               
4327           0.102385374578                
1897           0.0359709220327               
6849           0.0357516065906               
8291           0.00818690500571              
6486           0.0398604864911               
6913           0.0199101256482               
1966           0.0442556640614               
6542           0.0418571764223               
2652           0.0314234830882               
10248          0.0239202190901               
1048           0.0349125002814               
3651           0.0266277582527               
4288           0.0836486803924               
1909           0.0211246066743               
5999           0.0207471324745               
3080           0.0422249702488               
4969           0.0301339557798               
11292          0.158761553708                
2825           0.0281372658486               
10998          0.0190759717512               
9622           0.0426044420012               
10014          0.0529914919348               
1515           0.0366860324479               
