281
1186           0.0619717967873               
9306           0.0542081755663               
2227           0.0403715890972               
5923           0.0272518472066               
5577           0.0339930390794               
3412           0.044763235932                
7583           0.0463306825332               
85             0.0365088883225               
6714           0.0362483635036               
2765           0.0298506025791               
5683           0.00985497983566              
105            0.0214817098285               
7616           0.0601672690024               
5510           0.0280339456434               
510            0.0276340058794               
10975          0.0454239397945               
10865          0.0607161679788               
4850           0.0482490821303               
9595           0.0176220154022               
9625           0.0302975363292               
59             0.0926613650665               
2852           0.0162706666479               
3746           0.0154749866056               
11660          0.0482490821303               
4428           0.0292701767141               
5216           0.0280339456434               
1102           0.0198350262189               
3146           0.0422899886943               
10537          0.0353182962976               
8926           0.0228229024628               
11177          0.0191529559845               
6108           0.0200749623836               
4578           0.0265350026281               
9358           0.0403715890972               
9972           0.0142796292236               
5787           0.0080160002449               
8778           0.0251120494205               
25             0.0303718018223               
7828           0.0176832053726               
9505           0.0205759091921               
2298           0.0298506025791               
5781           0.122579001154                
8173           0.0318269268971               
3652           0.0422899886943               
8917           0.044763235932                
4849           0.0257156062823               
3651           0.0191529559845               
70             0.0564822320371               
10285          0.0107203907538               
10620          0.0351225157468               
55             0.304065850996                
726            0.0161670852196               
77             0.0173815198729               
6058           0.0187265634164               
7079           0.125560247103                
3171           0.0332109406426               
4134           0.0236422988086               
5422           0.0643138190633               
2059           0.0121974693505               
12223          0.169641799013                
8804           0.0337276180537               
4041           0.0300253252228               
11179          0.17825618066                 
9278           0.00998361101783              
2353           0.0336144029158               
10474          0.0288943786043               
4652           0.325249053398                
6735           0.050722329368                
1522           0.0168081638193               
11882          0.0232815261035               
7251           0.025259012906                
3600           0.0482490821303               
454            0.021973109546                
3740           0.014075411675                
11458          0.0183793494572               
11396          0.050722329368                
4323           0.0601672690024               
7740           0.0260340558196               
3028           0.0434379787138               
10864          0.0671861986308               
1084           0.0403715890972               
1503           0.0108768479666               
5361           0.0235203513094               
562            0.0179324157071               
10950          0.0272518472066               
5127           0.0187265634164               
3882           0.0601672690024               
5121           0.0542081755663               
5455           0.0232815261035               
3275           0.0284534022252               
7919           0.0070367107197               
4913           0.0335930993154               
7805           0.0306447502884               
5830           0.0167528764613               
11460          0.0242794164985               
4797           0.031218106342                
3463           0.0412773897336               
12127          0.0212927537706               
9173           0.025259012906                
1566           0.0413246269654               
8279           0.0184536149503               
899            0.0227119698973               
5150           0.0542081755663               
8859           0.010337664748                
7596           0.0272518472066               
2647           0.0806578668719               
2258           0.0308552384861               
9640           0.0175612578734               
4972           0.0309266494629               
3985           0.0422899886943               
5229           0.0238915091431               
5232           0.0226024505239               
8405           0.0248254510634               
3661           0.0273619552276               
10097          0.0265350026281               
11848          0.0542081755663               
7434           0.0825547794672               
4532           0.0358096960151               
5955           0.0601672690024               
3427           0.0118167213192               
11654          0.03284504906                 
8545           0.0274408032645               
8131           0.0705793447379               
7802           0.0149677687519               
938            0.0167528764613               
11793          0.0358096960151               
5383           0.0190084625908               
2108           0.0202387226596               
6431           0.0636649001985               
10948          0.0201564526103               
3589           0.0182544441612               
2925           0.0204056629448               
10866          0.0430880824948               
2603           0.0607436036446               
5309           0.0309266494629               
177            0.0358096960151               
5653           0.0412773897336               
6421           0.0141973591743               
663            0.0196016049697               
11952          0.0230491564297               
697            0.0250563398233               
357            0.0601672690024               
5498           0.0257156062823               
9109           0.0248254510634               
4726           0.0601672690024               
11155          0.0235203513094               
6975           0.0374788852778               
3384           0.0766118239381               
3624           0.0235203513094               
7454           0.0068083765444               
8911           0.0172725125102               
6233           0.0903217593511               
2021           0.0228448528738               
10149          0.0257156062823               
5443           0.0477830182862               
4529           0.104774381264                
8134           0.0211078616006               
4840           0.0482490821303               
326            0.0437451137691               
5996           0.0165352153532               
578            0.0793401048755               
7453           0.0189370516141               
8331           0.0175612578734               
3274           0.0184536149503               
4275           0.0201564526103               
3258           0.0309499732111               
5323           0.038804142496                
2399           0.021973109546                
11099          0.0776082849919               
6568           0.0286710633333               
9596           0.0210168855712               
2548           0.0143244377091               
507            0.0496509021268               
2627           0.0260340558196               
12138          0.0129072641914               
8888           0.0601672690024               
2545           0.0463306825332               
10849          0.018589006009                
3185           0.0261978160956               
9598           0.0255606984058               
10692          0.0154823639028               
9130           0.0230491564297               
6531           0.0542081755663               
10034          0.0298506025791               
5348           0.0197565128463               
3683           0.179048480076                
12218          0.0274651479595               
4921           0.0105761219172               
4677           0.0173815198729               
3677           0.044763235932                
3580           0.021973109546                
10137          0.0196787100117               
5273           0.026885955624                
4391           0.029123649646                
2686           0.0189371165005               
8364           0.0306447502884               
7825           0.0403715890972               
6042           0.011102360032                
4122           0.0335930993154               
5407           0.0235097420394               
5317           0.0187265634164               
10972          0.0138365864691               
4121           0.0190804057266               
8694           0.0205759091921               
8842           0.0338396334928               
10782          0.0422899886943               
4146           0.0279103395825               
195            0.0395521927514               
10962          0.03284504906                 
3036           0.0288943786043               
1332           0.434531872898                
367            0.0097323364641               
7909           0.0434379787138               
119            0.0642589477317               
4139           0.0315197918418               
7520           0.0162187199367               
6394           0.0147032200467               
10812          0.0234001094256               
1602           0.015380511429                
11082          0.0374788852778               
3284           0.0315197918418               
8969           0.0374788852778               
1362           0.0434379787138               
7518           0.0118790198132               
1529           0.0339930390794               
2887           0.0199942373346               
6019           0.0181241817518               
7331           0.120334538005                
10586          0.0240099754024               
3857           0.0228229024628               
660            0.0438428932416               
4078           0.026885955624                
5205           0.0113339472215               
6265           0.018189066245                
7064           0.101444658736                
8721           0.0350018534334               
1874           0.0288943786043               
1333           0.152166988104                
7349           0.0454239397945               
7827           0.0412773897336               
8839           0.0282411160186               
4029           0.0376856719721               
7790           0.026885955624                
7911           0.0278316503206               
6169           0.0882994088296               
11992          0.037874233001                
5454           0.0270669550366               
10789          0.03284504906                 
5782           0.044763235932                
10762          0.0240188767253               
11891          0.0147467500361               
10185          0.0315197918418               
7033           0.0601672690024               
8341           0.0274408032645               
262            0.0597427896817               
3079           0.0556633006411               
319            0.0234001094256               
1331           0.203865547522                
12224          0.220640528234                
9554           0.0181241817518               
1762           0.0284534022252               
6996           0.029123649646                
9203           0.0244127083863               
10336          0.0601672690024               
9153           0.0251120494205               
2812           0.0161157587714               
1897           0.0258733566632               
10676          0.0306447502884               
9310           0.0419715743539               
5296           0.050722329368                
8064           0.0126640961352               
4267           0.0214817098285               
9237           0.0147467500361               
3077           0.0211998106541               
1001           0.0482490821303               
11292          0.0163135510231               
8205           0.0265350026281               
10998          0.00686053335482              
4771           0.021973109546                
2154           0.0403715890972               
1515           0.0131938625485               
