396
1186           0.07604310939                 
4913           0.0412207465076               
303            0.0339085816599               
8345           0.0372680213916               
11772          0.0246331821841               
1326           0.0228098246408               
8414           0.02248013456                 
6753           0.0218501429781               
7739           0.0485329113554               
4006           0.0171238298388               
1190           0.093533376924                
10242          0.0580210356239               
85             0.0447985943983               
6714           0.0222394574146               
4574           0.0518012228754               
8089           0.0586326276612               
105            0.0527186912453               
510            0.0339085816599               
2659           0.0194048158362               
10882          0.0482939135429               
10975          0.0278689484716               
10865          0.0745023775767               
1424           0.0738868085452               
10972          0.0679132839777               
783            0.0726453653194               
3781           0.0459888388064               
10105          0.0260134384379               
59             0.0568505246359               
3328           0.0376029455207               
6496           0.0665166807826               
10385          0.0192842519644               
103            0.0220820033876               
5611           0.0376029455207               
12152          0.0306366878577               
4428           0.0119720871166               
478            0.0183115481744               
1102           0.0730162983829               
2546           0.0622393385476               
8319           0.0235916062366               
7344           0.0294726014886               
7555           0.0466490460198               
4686           0.0253538971898               
2031           0.0407518149087               
4150           0.0495383597882               
9539           0.0198379826568               
11230          0.0151679697122               
5577           0.0834229931427               
9406           0.0263593456226               
5320           0.0262427784259               
10784          0.0234128015499               
9972           0.0175219610112               
5787           0.0393444511919               
8306           0.030994322919                
1113           0.0343993317236               
2414           0.0343993317236               
6715           0.0398722036415               
5407           0.100967519486                
11930          0.0485329113554               
9508           0.0439406435261               
1951           0.015208621878                
7099           0.0276018652449               
8173           0.117160641246                
3576           0.0299558565439               
9310           0.0815442595411               
10383          0.0296312394248               
481            0.0181488319824               
6489           0.0439406435261               
3568           0.0403028440043               
9898           0.0990767195763               
15             0.0349140300927               
5631           0.0357364638542               
10765          0.0476150088521               
2627           0.0319453470318               
10285          0.059195529269                
741            0.0568505246359               
10620          0.0646461482185               
55             0.0533010036541               
2151           0.0970534093299               
726            0.0198379826568               
4524           0.0248341258589               
498            0.0327731616779               
8441           0.0199650832782               
77             0.0213281667723               
5712           0.0476150088521               
4297           0.032922658133                
7079           0.0616279798259               
8336           0.030994322919                
4134           0.029010517812                
1164           0.0185884465899               
864            0.0363226826597               
5358           0.0549271736998               
5422           0.0394584555544               
446            0.0602439789772               
2845           0.0665166807826               
11927          0.0477312549205               
9517           0.0429493722543               
6759           0.0715555217746               
12143          0.0412207465076               
4041           0.0184214369177               
2264           0.0459888388064               
9278           0.0255218524156               
7495           0.0506498314648               
104            0.0257889783963               
2353           0.0309351654767               
7899           0.106602007308                
4567           0.0346535421922               
4945           0.030994322919                
9293           0.0592045159348               
714            0.0533010036541               
2763           0.0380943615498               
11617          0.0351811133194               
579            0.0380943615498               
3001           0.0376029455207               
1353           0.0236821580713               
454            0.0269623225317               
11711          0.0627290182218               
5326           0.0394584555544               
3784           0.023958572766                
4561           0.0789169111088               
11292          0.160141639817                
11458          0.0789339721954               
1131           0.0518923510871               
1184           0.0476150088521               
1617           0.0445801862394               
11914          0.0840152081374               
6119           0.0383064877667               
10864          0.0412207465076               
6287           0.0319453470318               
8619           0.0422261949404               
11598          0.06621385045                 
562            0.0440082979657               
10441          0.0268389383887               
12271          0.0568505246359               
8528           0.0562859393906               
1554           0.020355839949                
7919           0.0172689316994               
5046           0.0357364638542               
11906          0.0243387661276               
3919           0.0687986634472               
9082           0.0332127762854               
3603           0.0327731616779               
5830           0.0616703508717               
4911           0.0220041489828               
4906           0.0216232692027               
4797           0.0383064877667               
6756           0.070910269086                
80             0.0228938826471               
9525           0.0592045159348               
5444           0.0592045159348               
9627           0.0177786457905               
12129          0.0258892412548               
236            0.0773774466611               
7183           0.0189887361713               
3946           0.0574266738431               
5506           0.0549271736998               
12223          0.176135939784                
10421          0.0445801862394               
1886           0.0902463846147               
9640           0.0215487160728               
4774           0.0533010036541               
11888          0.0506498314648               
4972           0.0379488527054               
3985           0.0518923510871               
9890           0.0276018652449               
5232           0.0277345616356               
4852           0.0350439220223               
11890          0.014125700216                
3661           0.0671495184055               
509            0.0288608809206               
5752           0.0351811133194               
6892           0.0403028440043               
3169           0.0403028440043               
5437           0.0485329113554               
2145           0.0403028440043               
10866          0.0176238866733               
2837           0.0255691949475               
6798           0.0195882852252               
9546           0.0256929752076               
8131           0.0346420346726               
10996          0.0549271736998               
11155          0.0288608809206               
6612           0.0261274852132               
1686           0.0321462907067               
9243           0.0153728154489               
8832           0.0304623165494               
12038          0.0433376666171               
8136           0.0165072952567               
11967          0.0111646487009               
2847           0.0592045159348               
10050          0.0767075848425               
8590           0.0386766739586               
289            0.030290780673                
3725           0.0445801862394               
8066           0.0228938826471               
665            0.0299558565439               
3671           0.0459888388064               
628            0.0234128015499               
2745           0.0265964168121               
3161           0.0433376666171               
5755           0.0301219894886               
2591           0.0533010036541               
6139           0.0668793001218               
697            0.0153728154489               
11440          0.0568505246359               
1644           0.0223190745771               
8720           0.02248013456                 
1794           0.0180951462484               
2232           0.035455134543                
189            0.0327731616779               
7547           0.0669572237313               
6063           0.0156239993147               
3384           0.117509125326                
4809           0.0132108612307               
7454           0.0501257167783               
6717           0.0427672993908               
9554           0.0222394574146               
3054           0.0844523898808               
6233           0.0369434042726               
12138          0.0475139605617               
3504           0.0264772152731               
2021           0.0700800096229               
5443           0.0879489414918               
6042           0.0136232612602               
2638           0.0173708955567               
4529           0.0918317473055               
1761           0.0518923510871               
2430           0.0222394574146               
12062          0.0341511032364               
3274           0.0452873833922               
9505           0.025247873946                
1053           0.106867922736                
4408           0.0176238866733               
6468           0.030813989913                
9700           0.0369434042726               
2548           0.00878847185438              
3951           0.0369434042726               
507            0.0913869496482               
8379           0.024936051521                
3705           0.0592045159348               
4633           0.0230640351094               
840            0.0317481595343               
8790           0.069450455105                
832            0.0291623078259               
7571           0.0270871668759               
9313           0.0945112215702               
9598           0.0313645091109               
2880           0.0133465444383               
10692          0.00949889427864              
9130           0.0282826965587               
1655           0.0459888388064               
973            0.0376029455207               
3337           0.0284242990065               
7171           0.065845316266                
2246           0.0164613290665               
2626           0.0399301665563               
3683           0.131821930578                
5370           0.0170266012799               
2181           0.0293163138306               
5167           0.0439406435261               
4921           0.0129775355494               
881            0.0341511032364               
7233           0.0304623165494               
9597           0.0412207465076               
2160           0.0235916062366               
6848           0.0413858090628               
2239           0.0422261949404               
1158           0.0707748187098               
2146           0.0220041489828               
2561           0.0205567836239               
3211           0.190460035408                
8753           0.0272135063975               
11204          0.0294726014886               
627            0.0281429696953               
462            0.0592045159348               
150            0.0296312394248               
5020           0.0278689484716               
10132          0.0223190745771               
873            0.0929422329497               
4146           0.13699063871                 
11862          0.0135186399998               
397            0.0665166807826               
7740           0.0638906940636               
9946           0.039060324382                
1332           0.0940935273327               
367            0.0477686408803               
3981           0.0339085816599               
8057           0.0170751035445               
11310          0.0403028440043               
14             0.0445801862394               
119            0.0985619758698               
620            0.0417114965714               
4139           0.0386766739586               
7520           0.0398026830994               
9204           0.0422261949404               
1938           0.0441925185478               
6913           0.0175728007431               
7918           0.0228938826471               
262            0.0488719893731               
3614           0.0407518149087               
11918          0.0346420346726               
7393           0.0213281667723               
10545          0.067684788461                
3802           0.0605815613459               
7032           0.0533010036541               
10448          0.0403028440043               
4547           0.0276018652449               
5563           0.0495383597882               
7518           0.0145762693665               
9846           0.0427672993908               
5567           0.0427672993908               
532            0.0561038207706               
11138          0.039060324382                
10586          0.0294616790318               
8524           0.0172219628624               
11102          0.0433376666171               
660            0.0806967870768               
11056          0.0332127762854               
5205           0.0278148652472               
11991          0.0228938826471               
4753           0.0352477733466               
4029           0.0346819338567               
2140           0.0332127762854               
4279           0.0445801862394               
11064          0.0171238298388               
1974           0.0363226826597               
10008          0.0518923510871               
7911           0.0341511032364               
5957           0.0319453470318               
6228           0.0476150088521               
11992          0.0697109312412               
4892           0.0738288456303               
5454           0.0332127762854               
10789          0.0403028440043               
3527           0.0506498314648               
3381           0.0376029455207               
12035          0.0285678280772               
10762          0.0294726014886               
8422           0.0763829904905               
5292           0.0407116798981               
11591          0.0267614793673               
11891          0.0180951462484               
4183           0.0467706204021               
3398           0.0533010036541               
9858           0.0332127762854               
3642           0.0186447092511               
9309           0.0258799994464               
9357           0.0285678280772               
7030           0.0622393385476               
8956           0.0580330849958               
5455           0.0571356561544               
470            0.0417114965714               
1331           0.0357364638542               
12224          0.135369576922                
9330           0.035455134543                
7198           0.0174210107292               
8417           0.0568505246359               
9744           0.0915577408721               
3863           0.0346535421922               
2920           0.0583246156518               
5927           0.105437382491                
11011          0.030813989913                
2816           0.0270871668759               
2817           0.0376029455207               
11633          0.0549271736998               
2812           0.0593250060844               
8299           0.0363226826597               
49             0.0622393385476               
1724           0.0433376666171               
1142           0.0334396500609               
4327           0.120487957954                
1897           0.0634963190686               
6849           0.0315545903609               
10998          0.0084182856625               
8291           0.021677439848                
6486           0.0351811133194               
3808           0.0296312394248               
2206           0.0223992971992               
8309           0.039060324382                
1966           0.039060324382                
6542           0.0369434042726               
10014          0.0467706204021               
10813          0.0196501576839               
1048           0.030813989913                
11586          0.0261274852132               
3651           0.0235018250652               
10756          0.0357364638542               
1521           0.0327731616779               
3080           0.0372680213916               
4969           0.0265964168121               
796            0.113701049272                
2825           0.0248341258589               
5450           0.0622393385476               
9622           0.0376029455207               
2652           0.0277345616356               
1515           0.0161896602175               
4222           0.0285678280772               
