104
9309           0.0328854160718               
1602           0.0479629215633               
7454           0.0212313895854               
6717           0.10868782572                 
579            0.145218194322                
3802           0.153960579115                
3054           0.107312675382                
5787           0.0249972696143               
4547           0.0701467420674               
2021           0.0356199431848               
3704           0.0855719980888               
1158           0.059955162557                
10242          0.0737266591275               
11073          0.0880677107981               
10765          0.121007682446                
1617           0.226590108871                
9846           0.10868782572                 
5567           0.10868782572                 
11138          0.0992670051528               
10545          0.0573375187502               
6287           0.0811851662418               
8619           0.107312675382                
11598          0.0420685871009               
2591           0.135457938153                
10882          0.0613665175643               
10718          0.17263846339                 
12020          0.100511465754                
3274           0.0575461544634               
783            0.092309625785                
3957           0.083288955241                
2852           0.0507388009702               
1561           0.0964423367355               
3951           0.0938871133384               
5964           0.212009265698                
11992          0.0590539162198               
4633           0.0586144054939               
4911           0.0559208354007               
1102           0.0618539774267               
8790           0.0588332602101               
1678           0.108405819685                
12035          0.0726016176724               
5292           0.103463721875                
9313           0.240188633019                
9640           0.0547634087346               
236            0.14748394025                 
9598           0.0797090381809               
6139           0.0849827534057               
9972           0.0445299065356               
3946           0.0729714104847               
12223          0.0406934367633               
12224          0.0573375187502               
1113           0.0874216661916               
4774           0.135457938153                
7171           0.083668882075                
3661           0.0426630583272               
9405           0.0469565466942               
4852           0.0445299065356               
3642           0.0473832329502               
11930          0.123340418643                
11030          0.106004632849                
9744           0.0930730901878               
3169           0.102424715789                
8173           0.0496248907395               
11148          0.0801921062743               
3576           0.0761291211208               
9310           0.0327212677211               
10383          0.075304146681                
6612           0.199199360245                
12157          0.064164363014                
10183          0.0478168200909               
4029           0.0881398647177               
10285          0.0334306998324               
1686           0.0816958398505               
11458          0.0573145633333               
1190           0.0792345204157               
2812           0.0502557328768               
660            0.0341801581072               
1142           0.0849827534057               
4327           0.229653982635                
2713           0.101330296329                
8590           0.0982920048383               
1164           0.141720744972                
873            0.141720744972                
1974           0.092309625785                
665            0.0761291211208               
4146           0.0870362103612               
119            0.0500966252653               
3161           0.1101373438                  
11862          0.0343559590902               
6759           0.0363699096773               
8804           0.105176938146                
5999           0.0465365450939               
3919           0.174843332383                
8743           0.114260988279                
9278           0.0129721291122               
3981           0.0861744853277               
11292          0.101745065078                
189            0.083288955241                
3746           0.0965150700197               
2353           0.026205971399                
7899           0.135457938153                
4945           0.0787682555531               
3808           0.075304146681                
3130           0.102424715789                
