95
7697           0.0748727986383               
11918          0.0621830022816               
890            0.425092184596                
2812           0.0354964426268               
9750           0.0931475941451               
4853           0.0613017725587               
11835          0.067753985308                
9903           0.0871173464856               
2021           0.0251589459999               
3246           0.106273046149                
4856           0.0641475200398               
11859          0.165101391731                
711            0.060866442478                
680            0.0663139972545               
3342           0.132523950157                
1010           0.0420263505291               
660            0.0241420023503               
11598          0.0297137282244               
717            0.0825506958656               
10441          0.0963526411097               
5127           0.0412469802594               
7439           0.0431743398541               
10972          0.0304763557658               
7452           0.0406457861298               
214            0.0502695441984               
164            0.102047594391                
2816           0.0486218946307               
12132          0.155256446207                
2548           0.0157754465215               
9744           0.0328695197228               
11124          0.0559646322321               
1341           0.0471062039559               
4633           0.0414003092309               
8911           0.019022149625                
1083           0.132523950157                
2089           0.0505170774555               
7207           0.108138898814                
3262           0.073150154816                
10821          0.132523950157                
4982           0.0253558561748               
2880           0.0239572591824               
9627           0.0319129514823               
12129          0.1161789978                  
9746           0.197190297843                
6611           0.236622458449                
6340           0.265047900313                
11965          0.0345082519254               
12184          0.10936068377                 
6032           0.119398498153                
11890          0.0253558561748               
7171           0.0295483470464               
8971           0.0687607537695               
2138           0.119398498153                
12218          0.0120989034722               
10097          0.0584457866212               
8178           0.0956761478694               
3786           0.0436884716487               
10137          0.0433441708087               
11946          0.0931475941451               
9310           0.0231115643102               
3427           0.0260274167847               
3796           0.0784427071622               
6040           0.0342954853666               
9546           0.0230596492246               
5074           0.132523950157                
7922           0.091794221834                
2453           0.0596174607829               
11881          0.191352295739                
6639           0.0317273026962               
4029           0.0207515406502               
1393           0.0705446900934               
5987           0.0488486760779               
8370           0.0651997921036               
7231           0.0493105532322               
1208           0.0825506958656               
10844          0.063150657012                
11967          0.0400814433794               
4998           0.111270603531                
5426           0.26758676055                 
4297           0.0295483470464               
8675           0.0354964426268               
215            0.117656691164                
5591           0.0447606084135               
8594           0.0471062039559               
7554           0.0839540062431               
4146           0.0307375464518               
11638          0.0748727986383               
12223          0.0287424371444               
443            0.0777917996906               
2249           0.141657108478                
9819           0.0600247028122               
11455          0.27496670576                 
9278           0.00366497042564              
2053           0.0651997921036               
10728          0.0367787556309               
