139
11771          0.0751780105369               
4809           0.0264119273383               
5683           0.0241763359451               
7454           0.0167023780183               
1664           0.10881367097                 
6933           0.029450756929                
2021           0.0560432235178               
5415           0.0438374723326               
2805           0.0473467571321               
105            0.0526991472483               
4148           0.0855028891943               
7453           0.0232282830237               
396            0.113658897752                
10975          0.0557172336593               
3064           0.0520075893499               
3746           0.0379633932449               
3741           0.17569741499                 
11778          0.0609020469758               
11516          0.132984043125                
4428           0.0239352975928               
11113          0.0574053844918               
471            0.0583029934133               
7344           0.0589233506731               
7555           0.046631752176                
2880           0.026683193152                
4702           0.147602951255                
10408          0.147602951255                
6727           0.147602951255                
9096           0.0692813906994               
2634           0.227317795504                
7171           0.0658209059357               
90             0.0630857847382               
940            0.0835707547306               
2626           0.0798307271025               
9505           0.0504770279898               
4921           0.077836346922                
4677           0.0426405198885               
6973           0.248865060135                
8173           0.117117207178                
8              0.131044047738                
2278           0.0574053844918               
3796           0.0436840852837               
2160           0.0471657206019               
7474           0.0935065629759               
10285          0.0131496853697               
10620          0.0430814549644               
7237           0.0123045388552               
439            0.0904884765649               
8097           0.0844210814926               
5407           0.0288371681629               
5020           0.0557172336593               
10314          0.0773246713025               
1164           0.148652443499                
873            0.0371631108748               
10906          0.0765845733913               
5422           0.157775309692                
11869          0.0506889958671               
9517           0.0858668999245               
8743           0.0449436013434               
367            0.0238754659888               
5358           0.109813621938                
5177           0.0616051329566               
119            0.0394101746971               
6394           0.0360700877374               
10313          0.147602951255                
579            0.0380802391186               
1353           0.0473467571321               
9313           0.0314920613827               
454            0.107809307985                
11029          0.104842973473                
214            0.0559893745482               
3543           0.0646782863081               
11458          0.0225442027451               
2561           0.0410983255296               
11862          0.0540545133513               
2084           0.0478993815754               
11138          0.0780916876938               
3061           0.147602951255                
1875           0.0680811565532               
660            0.0268889569915               
8619           0.168842162985                
1509           0.0708839810646               
115            0.0577003630941               
11891          0.0361768759466               
5205           0.0278045536551               
4753           0.0352347062093               
4138           0.124432530068                
8839           0.0692813906994               
4029           0.0231127176592               
7919           0.0172625297205               
3710           0.0814734146003               
1966           0.0780916876938               
2717           0.0904884765649               
8204           0.124432530068                
1796           0.066400927134                
4911           0.0439919831062               
3321           0.0750047551881               
3381           0.0751780105369               
8422           0.0509031157393               
5292           0.0406965871685               
9627           0.0355441096985               
236            0.0386743805562               
3946           0.0574053844918               
12223          0.192077064278                
1574           0.0577003630941               
9640           0.0430814549644               
5455           0.0571144746898               
9082           0.066400927134                
10387          0.118365134995                
3661           0.0335623122892               
10907          0.118365134995                
9744           0.183047596743                
9309           0.0129352025761               
9395           0.0765845733913               
622            0.0855028891943               
5015           0.0559893745482               
3402           0.147602951255                
9546           0.0256834502475               
2811           0.0598895024768               
6612           0.052235598341                
9278           0.0122459476294               
3042           0.0589233506731               
2067           0.106562487562                
11793          0.0878487074951               
5366           0.0824109301114               
8299           0.072618434059                
2028           0.0536579771889               
11967          0.0223210194322               
8233           0.0773246713025               
4327           0.0602216451879               
9310           0.00858042413281              
1548           0.124432530068                
8721           0.0429334499622               
5957           0.127734016711                
2372           0.0586108912358               
11292          0.0600308518997               
3706           0.0484668766086               
9543           0.0855028891943               
11128          0.147602951255                
