115
7520           0.0447348902752               
3384           0.105656351149                
11772          0.0553712773273               
11882          0.0642157038129               
7454           0.0375580784248               
188            0.0669681107539               
9441           0.0582202465011               
4802           0.0451673562317               
3054           0.0949174301985               
6233           0.166085199071                
3786           0.0547094792296               
2021           0.0945168907273               
7918           0.0514616226063               
4911           0.0494616500043               
6492           0.0830425995353               
2561           0.138624643599                
1184           0.107030583397                
6714           0.0499905840386               
3565           0.146379052805                
11862          0.030387643745                
7740           0.071807802037                
11455          0.0688661548914               
11991          0.0514616226063               
10165          0.133081858704                
11029          0.0294696106722               
12227          0.0662494832534               
12062          0.0767659734016               
11598          0.0744188357148               
10718          0.0508992351557               
6962           0.0489442572749               
3274           0.0508992351557               
8341           0.0756879290038               
783            0.0816473210726               
10105          0.0584738627442               
11918          0.0389347526176               
5664           0.137732309783                
9484           0.100208809285                
9700           0.0830425995353               
1966           0.0878010822025               
2717           0.101739204311                
3603           0.073668591033                
2118           0.0853026796011               
8911           0.023820744021                
3784           0.0538548680833               
1102           0.109418958459                
2141           0.0845251380512               
6242           0.0379488552694               
7557           0.165954908124                
6145           0.0271822587315               
4982           0.0317522136709               
11501          0.0987712241334               
5292           0.13726958019                 
12129          0.0290973441149               
9313           0.141630288798                
9539           0.0445924700712               
7383           0.341557072529                
12223          0.0719862109439               
313            0.0608874248519               
9309           0.0145434785473               
7171           0.111006951125                
8602           0.0512726742545               
2009           0.0705021754492               
9890           0.062044380779                
2626           0.0448781710295               
5370           0.0382729545199               
7935           0.149518383414                
12224          0.101429396189                
3661           0.150940896643                
8173           0.0438929239822               
1331           0.0803295991554               
3576           0.0673357598654               
9310           0.0192945125625               
3427           0.0325931845232               
8786           0.0741575339778               
2812           0.0889018002843               
6848           0.0930283831747               
3566           0.0722594898402               
2685           0.139903632817                
3580           0.0606067956276               
10183          0.0422936961279               
10558          0.0837722845751               
10590          0.10513253926                 
3961           0.149518383414                
7237           0.0276688046935               
660            0.0604642976192               
6578           0.299036766828                
1953           0.086106583458                
631            0.119811749578                
5407           0.0648451748742               
4327           0.0677091989642               
2825           0.0558229651305               
8218           0.0284416463198               
4134           0.0652107963628               
12051          0.0482715059784               
10866          0.0396155522774               
3671           0.103375224869                
1515           0.036391650865                
3285           0.149518383414                
7877           0.0574752776111               
2783           0.165954908124                
2438           0.0784809054888               
2290           0.149518383414                
3091           0.0773239495616               
6759           0.064337942388                
1332           0.0705021754492               
4969           0.119568601427                
5277           0.0448781710295               
9278           0.0114737719021               
3981           0.076220825423                
2549           0.086106583458                
202            0.103375224869                
103            0.0496366536967               
119            0.0443101703956               
10728          0.0460566939365               
6063           0.0351201396779               
