176
56             0.103601823494                
303            0.105627365969                
7454           0.0130120635432               
7004           0.0339136512008               
4802           0.0312966229379               
3054           0.328843137056                
7806           0.0539739824565               
2021           0.0218303640589               
5443           0.0456610813291               
5415           0.0683035643116               
6714           0.0346386547637               
4529           0.114424668982                
10893          0.073489338208                
8304           0.053578041652                
8134           0.242046104193                
105            0.164222041176                
326            0.0418024911193               
5423           0.0808239697883               
1690           0.0488512099317               
10975          0.130220292709                
3274           0.0352682623778               
4952           0.0266709038338               
10176          0.0634722341153               
1053           0.0416125381564               
11654          0.18831884341                 
3746           0.0591511082645               
12216          0.0614577862211               
6655           0.0556606670229               
4428           0.111881414561                
12138          0.0246681629213               
1075           0.0520833072627               
8790           0.108171269322                
1353           0.036885706436                
10849          0.0355270196672               
4783           0.103601823494                
8938           0.0394894927202               
10139          0.0491472674602               
6108           0.0383669564189               
2880           0.083150651829                
2881           0.0352682623778               
2739           0.0289520905128               
11230          0.0944983605552               
2356           0.0704954591316               
10692          0.0443844802624               
9819           0.0520833072627               
7171           0.0512780760661               
2626           0.0621924909506               
8690           0.0385226992749               
3683           0.0684389350344               
9505           0.0393243581815               
12218          0.0419927714799               
2133           0.0385226992749               
9597           0.0642026098372               
2160           0.036744669104                
7666           0.0969397283613               
6848           0.0322298499806               
15             0.108759401117                
10835          0.0755915366898               
2506           0.0500688593685               
10285          0.0102443221807               
6947           0.11314744252                 
2151           0.0503879130495               
8753           0.04238589258                 
7005           0.0556606670229               
10138          0.0649669685046               
5407           0.022465726984                
6058           0.0715798344968               
6648           0.053190022194                
4359           0.0740559297713               
8694           0.0393243581815               
10475          0.0969397283613               
960            0.0651523125279               
5422           0.0614577862211               
2059           0.0233116140418               
8478           0.0657686274112               
109            0.0461515878524               
4574           0.0806820347308               
3776           0.0596635601412               
8804           0.0644596999612               
4041           0.0286919676928               
10923          0.0926948467735               
367            0.0372005806873               
10948          0.0770453985499               
8291           0.0112544315727               
6102           0.036885706436                
119            0.0921080274039               
10924          0.0258547621159               
7520           0.0619939314548               
2258           0.0294850263645               
3348           0.0412578210621               
2924           0.0543797005586               
3801           0.0366048321043               
579            0.0296665834415               
624            0.0513840209508               
9313           0.024534033619                
454            0.0839893316093               
6858           0.0580461160831               
3784           0.0373162310215               
214            0.0436187768332               
3543           0.0503879130495               
8932           0.0649669685046               
11458          0.0175631636602               
2887           0.0382126759587               
5334           0.0440511899019               
653            0.0771575542638               
7740           0.0497558832715               
8708           0.0642026098372               
10586          0.0458874922045               
8524           0.0536474982122               
5348           0.0377583406075               
5361           0.08990346048                 
4076           0.0485603926355               
5604           0.0687868303238               
11891          0.056367519415                
4147           0.042990773706                
394            0.0788887063764               
7349           0.0434067642363               
8839           0.0539739824565               
189            0.0510452306329               
12074          0.290819185084                
11384          0.0491472674602               
5830           0.0320178373836               
7470           0.0694350429357               
6163           0.0318085256576               
11220          0.112221705342                
395            0.110444975535                
12108          0.0383669564189               
7828           0.0337958675546               
1856           0.0627729478034               
4500           0.0666114146203               
5610           0.036744669104                
6242           0.0525897955239               
8190           0.0252159052517               
11181          0.0771575542638               
11591          0.041681846256                
1311           0.0666114146203               
8347           0.0394894927202               
12223          0.249397517211                
3630           0.0969397283613               
9640           0.0335628033874               
1460           0.0885464811164               
4358           0.0454212121305               
1231           0.0674997795238               
8341           0.0524444371467               
5232           0.0431974525102               
12224          0.105421187961                
9330           0.110444975535                
3661           0.0261468720014               
9309           0.0302316851553               
10866          0.0274497580895               
2837           0.0398248257528               
5927           0.0410555102941               
12157          0.0393243581815               
9278           0.00477013059235              
11633          0.0855508015087               
1393           0.0612114779041               
3570           0.0755915366898               
2812           0.0308001879468               
8299           0.0565737212598               
2438           0.0543797005586               
4327           0.0469159465198               
7208           0.04238589258                 
5818           0.049448757539                
6227           0.0885464811164               
6486           0.0547956910889               
663            0.0749245661581               
2361           0.047178844101                
2353           0.0963649874212               
12227          0.0459045042746               
210            0.0273701901456               
3098           0.0542675448447               
3568           0.0627729478034               
3702           0.0291278221162               
8205           0.0507132850341               
10998          0.0131117448295               
10728          0.0319128482195               
