66
6975           0.14058100358                 
714            0.162933198141                
3384           0.215524695081                
1186           0.0929809659113               
1602           0.0576913565129               
9313           0.0481511120333               
5787           0.0300675260423               
2021           0.0428448220889               
11458          0.0344699071581               
5443           0.1792311755                  
2638           0.0531002302695               
4529           0.168429552019                
7740           0.19530429826                 
8134           0.0791742962803               
11466          0.108381044738                
906            0.117097205184                
660            0.0822260038694               
1503           0.0815967813128               
562            0.0672633931888               
11598          0.0506014599887               
5455           0.0873275787218               
2852           0.0610302742284               
4029           0.0353391619518               
8077           0.451367483121                
7408           0.225683741561                
8911           0.0323940683539               
4911           0.0672633931888               
5454           0.203052981683                
1331           0.109241026375                
1112           0.154828961184                
12223          0.0489473845947               
844            0.246399535379                
1886           0.0689674258357               
9641           0.136274963316                
7690           0.119401570996                
11569          0.103653463828                
3661           0.0513165092463               
2923           0.0864559743052               
9082           0.101526490841                
4852           0.0535620147751               
9534           0.0593176204345               
1030           0.158627157877                
8956           0.0591328210735               
420            0.102220010049                
9554           0.0679826958792               
9744           0.0559756646672               
6520           0.190256351373                
8173           0.0596904269017               
6892           0.123199767689                
2686           0.0710319643398               
367            0.0365053980971               
10285          0.0201057646161               
11045          0.0843747747827               
2812           0.120898448539                
8309           0.119401570996                
9310           0.0262388008642               
1129           0.111967782311                
366            0.0692183796333               
628            0.0715694334522               
12227          0.0900933357508               
507            0.093118746701                
1332           0.191753228915                
9278           0.00936197839021              
119            0.120515688956                
4945           0.0947450106226               
8064           0.0475022490908               
