236
169            0.0432597707533               
3384           0.0616345944126               
1186           0.0398852956493               
3624           0.0756889596869               
303            0.0444633910752               
11789          0.0720244930728               
11113          0.0753020189062               
6753           0.0286514918858               
5787           0.0257956486876               
8135           0.081612733846                
7856           0.0522833246558               
2021           0.0367575961233               
1798           0.038239732659                
5443           0.0768833529994               
9890           0.0361935671949               
2805           0.0310537629202               
85             0.0293715827211               
1102           0.0319147550162               
4529           0.144499735242                
4574           0.0339627598403               
1232           0.0745465302876               
1542           0.077633254373                
12243          0.0351931621791               
6287           0.0418890554714               
2659           0.0254450016201               
10882          0.0316632406797               
4952           0.0224540073798               
783            0.0476289353591               
5782           0.144048986146                
10105          0.0341107067844               
4887           0.0308172972063               
11099          0.249745009199                
59             0.0745465302876               
3746           0.0248994077923               
2548           0.0115240815713               
7154           0.0165078413668               
8379           0.0326979589348               
4428           0.0313973375114               
478            0.0240114297861               
13             0.0872214951462               
11098          0.0968097359193               
8790           0.0607123151824               
2590           0.0593495282142               
10528          0.0461320268618               
4736           0.0968097359193               
744            0.0872214951462               
5507           0.0968097359193               
4578           0.0853901677653               
9539           0.0260130013652               
12275          0.077633254373                
5577           0.0546951389176               
9972           0.0229760658425               
4080           0.0593495282142               
11761          0.077633254373                
7606           0.0680450135998               
8287           0.0472392502263               
8955           0.0426950838826               
1431           0.0613290289352               
11292          0.0787459989115               
5771           0.081612733846                
755            0.0372720019799               
1352           0.0374602077051               
7949           0.0386466122097               
6715           0.0522833246558               
12218          0.0176766787992               
4921           0.0170170856486               
5781           0.197230835431                
3677           0.0720244930728               
3786           0.0319147550162               
1331           0.0468602427531               
2133           0.0324319332858               
9310           0.0337663408751               
7233           0.0399443983644               
11088          0.077633254373                
9012           0.0424211559727               
15             0.0457818079681               
2697           0.0468602427531               
2350           0.0649582895144               
10183          0.0493440248256               
10285          0.00862460782279              
5927           0.138257141471                
5162           0.0286514918858               
6042           0.0178638080239               
3426           0.0484428705482               
10972          0.0222632056318               
11119          0.0432597707533               
4121           0.0307005631176               
1164           0.0243745190672               
4971           0.0540516318484               
873            0.0731235572015               
3356           0.0546951389176               
8842           0.0544483077987               
11043          0.0624362522996               
4146           0.0224540073798               
2059           0.0196258498397               
7919           0.0226442754611               
11179          0.0358519965711               
8478           0.0553700487412               
109            0.038854629775                
7352           0.0401730466679               
11234          0.081612733846                
10856          0.0624362522996               
6759           0.0375315155339               
1332           0.0411274186714               
4041           0.0724665716237               
1175           0.0476289353591               
9278           0.0214183062693               
4642           0.0664157317726               
10948          0.0324319332858               
8291           0.00947501033945              
2353           0.0135214773884               
119            0.129241609755                
4945           0.0406420036934               
11182          0.0664157317726               
1298           0.0745465302876               
2547           0.081612733846                
8121           0.0243011347708               
7251           0.0406420036934               
5320           0.0344114340068               
7571           0.0355186573712               
9313           0.0206549944978               
11711          0.0411274186714               
8932           0.0546951389176               
11458          0.014786278294                
4558           0.0603039002177               
11914          0.0367222776931               
7032           0.0698921409909               
8662           0.0624362522996               
1565           0.0406420036934               
8524           0.0225826865162               
10545          0.0295844008789               
22             0.077633254373                
660            0.0352718262523               
11598          0.0217061005138               
5205           0.0364728682431               
562            0.0288534357265               
5513           0.0664157317726               
3752           0.0968097359193               
10630          0.0968097359193               
11868          0.0968097359193               
11162          0.0461320268618               
210            0.0460854611712               
1554           0.0266920533981               
2750           0.0338163785017               
879            0.0968097359193               
9698           0.0603039002177               
3884           0.0374602077051               
8463           0.0432597707533               
5119           0.0507156594446               
5046           0.0468602427531               
5110           0.0444633910752               
4771           0.0353549524143               
11992          0.0914100279712               
5830           0.0269555453155               
6756           0.0464913433603               
1856           0.0528480115265               
10762          0.0386466122097               
5467           0.077633254373                
5421           0.0745465302876               
878            0.0968097359193               
11181          0.0649582895144               
922            0.193619471839                
852            0.0664157317726               
11591          0.0526373884403               
10425          0.0252085359061               
7430           0.0438484939591               
9595           0.0283539985401               
12043          0.0553700487412               
3946           0.0376510094531               
12223          0.209965651215                
10756          0.0468602427531               
2514           0.081612733846                
1053           0.175166211966                
9146           0.081612733846                
9357           0.0374602077051               
2126           0.0698921409909               
4972           0.0995225748821               
1689           0.0472392502263               
1809           0.0680450135998               
1563           0.0720244930728               
262            0.128168992612                
11440          0.0745465302876               
319            0.0376510094531               
2638           0.0227779778645               
2444           0.0304700093237               
12224          0.0295844008789               
9330           0.0464913433603               
2493           0.0624362522996               
11183          0.193619471839                
5752           0.0461320268618               
9744           0.0240114297861               
5208           0.0872214951462               
669            0.0593495282142               
3211           0.0624362522996               
2920           0.038239732659                
10866          0.0924388726465               
3661           0.044025658863                
11093          0.0484428705482               
10433          0.0593495282142               
8131           0.0227125739251               
4882           0.0968097359193               
3289           0.0713686458263               
8173           0.025604921406                
4029           0.0151591555178               
10216          0.0534367347323               
9153           0.0404055379794               
10717          0.0280627686799               
5987           0.0356843229131               
2812           0.025930416598                
2438           0.0457818079681               
10193          0.0484428705482               
8923           0.0502302444666               
8064           0.0203766569903               
7699           0.0968097359193               
6019           0.029161989205                
6542           0.0484428705482               
5251           0.0507156594446               
8721           0.0281591656374               
11115          0.0454402373443               
6716           0.174442990292                
663            0.0315391778982               
1678           0.0279670388348               
8930           0.0312943412869               
77             0.0279670388348               
11952          0.0370863225825               
9546           0.0336904921591               
2313           0.051740788162                
3702           0.0245224660113               
1794           0.0237276678888               
3391           0.0316632406797               
5498           0.0413766669898               
367            0.0313188528777               
330            0.029161989205                
6169           0.0355186573712               
7739           0.0636398726215               
6000           0.0401730466679               
