212
3384           0.0327359035307               
1186           0.0635526786433               
4809           0.055204582317                
7454           0.0232735205927               
7918           0.0637781901361               
10081          0.0360771946458               
8958           0.0365538021216               
4802           0.0279887427543               
5787           0.0137008099915               
11728          0.0345916772902               
2021           0.15618412123                 
6386           0.0612053176107               
6163           0.028446540184                
2131           0.0588172467544               
2657           0.0347336504618               
6714           0.0309775402752               
4529           0.0255826533685               
8134           0.0360771946458               
6200           0.0370463882106               
2430           0.0929326208256               
1690           0.0436879068623               
6947           0.0505941913968               
2659           0.0270291425233               
4169           0.097264133131                
537            0.0690024269432               
6383           0.0322460545393               
6214           0.0351679907223               
4952           0.0477038732204               
8997           0.0226131188027               
6798           0.0272846986856               
12035          0.0397923846944               
3734           0.0528592982808               
10385          0.0537224160435               
2548           0.0122415414977               
2084           0.0333721115116               
8294           0.0323669943903               
478            0.0510126403266               
1102           0.101705058794                
8790           0.128984218157                
8926           0.039008513042                
4061           0.0479151385775               
3235           0.0544074771768               
7344           0.0410526517176               
6145           0.033687924669                
4686           0.141262685809                
3185           0.0447768574791               
9539           0.027632504484                
10692          0.0264621905653               
1799           0.0722813225975               
11965          0.0267779550571               
11740          0.0424312347282               
4973           0.0630444784696               
5200           0.0462623748347               
7171           0.229291333253                
770            0.362192553902                
8350           0.104754962104                
5370           0.0237165060759               
6003           0.120730851301                
12218          0.00938859186839              
4921           0.0180765259989               
6426           0.102836863164                
8173           0.108796074029                
1282           0.18530336595                 
10295          0.0603654256504               
9310           0.0956494590316               
10383          0.0412736199259               
8218           0.0176243638939               
3651           0.0654718070614               
2160           0.0657219210639               
6848           0.115293331412                
9012           0.225310944741                
9312           0.0620961424086               
26             0.0344510627344               
10183          0.0262080289796               
3545           0.041957190104                
8836           0.0393952224376               
11045          0.0384468863766               
2687           0.0574564500396               
11073          0.0482692306259               
631            0.0742434474288               
5407           0.0200912237269               
5317           0.0320071206741               
7394           0.0581003187664               
11119          0.0459530137462               
1164           0.025892014457                
11701          0.0765085543128               
6620           0.0272846986856               
7466           0.0926516829752               
4146           0.0954077464408               
2059           0.0208477051949               
12051          0.0299122834699               
7166           0.0340371167991               
6646           0.0431722711858               
2249           0.0549620376679               
4041           0.0256593851823               
8743           0.0626255632718               
11097          0.0465783893573               
29             0.108703057168                
7624           0.0269449353648               
8291           0.0100649003171               
104            0.0359216999784               
119            0.109830290198                
11155          0.040200580636                
10924          0.0231220565642               
7520           0.0277207576559               
1938           0.0205187188647               
1895           0.193076922503                
8121           0.0258140614415               
664            0.0816699144659               
9444           0.0768937727533               
7936           0.047569378885                
3802           0.0843846017259               
8842           0.0289190602858               
9313           0.0438818435491               
8428           0.0620961424086               
441            0.0278988702481               
3704           0.0938026996144               
1158           0.0657219210639               
9357           0.0397923846944               
5748           0.0574167485884               
11862          0.03766047051                 
11914          0.039008513042                
11788          0.0574564500396               
7128           0.0382643485143               
10279          0.0282617061878               
660            0.0187338800969               
3122           0.0447768574791               
11598          0.0230574669703               
335            0.0490040891944               
2511           0.0824665027864               
1554           0.0567076651289               
2717           0.0630444784696               
2626           0.111238176331                
3603           0.0456500316936               
5830           0.0286337288166               
4911           0.0306497770441               
9283           0.0765085543128               
2141           0.0523774810518               
8225           0.0490040891944               
3992           0.0459530137462               
71             0.0519109622198               
5792           0.0331143135142               
129            0.0472315683995               
6242           0.0235156723034               
8966           0.043427827348                
8422           0.0354648515047               
5292           0.0283538325645               
8279           0.0315406018421               
3994           0.0472315683995               
11591          0.0559144579927               
6554           0.039008513042                
8859           0.0353379181989               
576            0.0493857758216               
12223          0.0446075154284               
11617          0.0490040891944               
9640           0.0300154004471               
11664          0.0305421274128               
2408           0.0453531709112               
1689           0.0501802454615               
2009           0.131063720587                
1913           0.0873758137245               
1625           0.0574167485884               
4852           0.0244064971013               
12224          0.0314262502225               
11890          0.0393516297812               
3661           0.0935331681925               
9744           0.22955688147                 
659            0.0630444784696               
10564          0.0249095230551               
10866          0.0490969405459               
9546           0.0536819644099               
2811           0.0417257820309               
6395           0.0203034167132               
6612           0.0363932091684               
9278           0.00710992355941              
3965           0.0493857758216               
5383           0.0324889379031               
8299           0.0505941913968               
10265          0.0314262502225               
10988          0.0676019287772               
10595          0.0344510627344               
4327           0.041957190104                
2056           0.0574167485884               
7346           0.0812408817675               
627            0.0392005956327               
103            0.0615164422895               
2828           0.0528592982808               
8784           0.100360490923                
3981           0.0472315683995               
8064           0.0432905113675               
3671           0.06405826724                 
366            0.0315406018421               
628            0.0326119018754               
1722           0.0298098850838               
8451           0.0317720099151               
3813           0.130294435714                
3098           0.0485317650911               
6040           0.0266128509724               
6139           0.0465783893573               
697            0.0214129329162               
6329           0.0212410700337               
3453           0.06405826724                 
5277           0.0278095440828               
1794           0.0252048919741               
11292          0.0418242619809               
2825           0.0345916772902               
10998          0.0234518116425               
367            0.0166343423895               
11604          0.0490040891944               
938            0.0286337288166               
10728          0.0285398364272               
6063           0.0217628091823               
