186
3384           0.0748912591346               
1186           0.0242320083437               
11772          0.274737603909                
2227           0.0789298305494               
3054           0.067279304879                
7739           0.0773278422162               
12138          0.0252347801576               
11090          0.0569391689291               
4006           0.0272835231791               
2021           0.0223317982593               
4327           0.0479935859062               
1798           0.0464645181021               
11329          0.117632039094                
2705           0.0991663927929               
85             0.0356889638639               
6714           0.0708685799347               
4574           0.0412676334187               
7358           0.0732743528384               
12243          0.0427626766047               
4968           0.0875158671224               
11250          0.117632039094                
1448           0.0419985379468               
10865          0.0395683941549               
3274           0.0721567188026               
9584           0.0721567188026               
9595           0.0689050255757               
5503           0.0635286733455               
6798           0.0312101579502               
2874           0.0610340068041               
3664           0.0448403992119               
10385          0.0307257395346               
1287           0.0384735226278               
5216           0.109617413074                
478            0.02917592348                 
8790           0.036885305828                
832            0.0464645181021               
6913           0.0279988718009               
6561           0.0943309877533               
7555           0.0371631329073               
2880           0.0212651467557               
4986           0.0664764419969               
9539           0.031608002692                
11230          0.048334473902                
9406           0.0419985379468               
6599           0.0403965496136               
7171           0.0262279558587               
2462           0.0826804620829               
2246           0.0524559117174               
4604           0.117632039094                
5370           0.0271286082059               
7949           0.0469589112617               
1951           0.0969280333749               
4885           0.0410897676784               
9829           0.128429631563                
2133           0.0394075493332               
9310           0.0683816128645               
9047           0.0522177179234               
8892           0.0556287792086               
15             0.0556287792086               
8321           0.0826804620829               
10183          0.119914349569                
8441           0.0318105130406               
10285          0.0419185196591               
6042           0.0217060416897               
982            0.105981513424                
3426           0.0588621959149               
12200          0.117632039094                
150            0.0472116702445               
9891           0.0871264325268               
4348           0.117632039094                
2528           0.0991663927929               
5591           0.039730793057                
6043           0.0583604226649               
7996           0.075865341452                
4146           0.0545670463582               
12212          0.0732743528384               
7020           0.0875158671224               
8804           0.0659403119208               
2084           0.0381733690158               
12143          0.0656773165458               
4041           0.0293510100174               
9278           0.00813283078036              
2079           0.0439782535382               
8291           0.0345388232728               
10106          0.0366119964629               
2070           0.0435632162634               
7733           0.0604641842481               
10812          0.0457491694804               
1938           0.0469415084316               
3902           0.105981513424                
2763           0.0910440368293               
3327           0.0628694454957               
188            0.0949365765837               
6090           0.0905803562198               
441            0.031912690593                
8191           0.0414474015025               
11458          0.0179665820779               
9587           0.105981513424                
11914          0.0446206816308               
6119           0.0610340068041               
10586          0.0234707542158               
6678           0.0540267908754               
660            0.0642873901871               
11598          0.0263747529107               
5361           0.0459842524118               
4279           0.0710299364125               
1503           0.0212651467557               
7283           0.0849248785088               
115            0.0459842524118               
11991          0.0364769904712               
5455           0.182069316702                
7349           0.0444037991945               
10056          0.0875158671224               
8944           0.0721147099185               
2136           0.142059872825                
1602           0.0300701851971               
9827           0.0943309877533               
6390           0.117632039094                
5454           0.0529181590891               
8771           0.0807007464916               
12020          0.0315076551963               
5622           0.105981513424                
1612           0.0314079032382               
5795           0.0700109483353               
969            0.0905803562198               
6242           0.0268988804073               
1236           0.165360924166                
10935          0.117632039094                
12129          0.0206247586116               
11591          0.04263926058                 
7099           0.0439782535382               
6964           0.0826804620829               
8859           0.0202109985038               
8550           0.0508987548002               
7430           0.053279638733                
10972          0.0270516828743               
280            0.0529181590891               
12223          0.0255126072369               
9261           0.0359475559738               
1574           0.0459842524118               
511            0.28411974565                 
8381           0.053279638733                
3570           0.0773278422162               
5101           0.0628694454957               
8352           0.0402276220047               
2444           0.0370236453382               
10694          0.0690502208212               
509            0.0459842524118               
5752           0.0560543248649               
6892           0.0642148157816               
2145           0.0642148157816               
7740           0.152696264401                
6520           0.0991663927929               
3427           0.0231026777055               
7953           0.0488136585777               
367            0.0380550622425               
6639           0.0281620590595               
5496           0.0991663927929               
1706           0.0502761593419               
2812           0.0315076551963               
7207           0.0479935859062               
5473           0.067279304879                
10843          0.0635286733455               
8838           0.0395683941549               
5350           0.0522177179234               
12084          0.0681414505527               
8968           0.0991663927929               
5393           0.0732743528384               
6346           0.0548087065371               
12196          0.0610340068041               
6105           0.0446206816308               
11743          0.0649301644034               
11968          0.0474682882918               
7877           0.0407395851038               
3675           0.0943309877533               
663            0.0383227758271               
2991           0.0991663927929               
6139           0.053279638733                
10756          0.0569391689291               
3702           0.0297968758321               
11124          0.0496758042515               
11292          0.063788711156                
330            0.0354342899674               
10998          0.0134129160452               
477            0.117632039094                
10728          0.0652917456066               
