141
1186           0.0517700285746               
4809           0.044969667133                
7004           0.0370592192762               
10081          0.0440827382318               
8958           0.0446651050925               
1326           0.0388222313274               
650            0.0770340728712               
7162           0.0826028231824               
2021           0.14313107906                 
8827           0.0727897744213               
4574           0.0440827382318               
8134           0.0440827382318               
3914           0.0758753006678               
9986           0.212978406595                
12243          0.0456797669914               
2435           0.0463172802609               
8692           0.061821062233                
129            0.115424543758                
9595           0.0368027186644               
4746           0.0934858324038               
8997           0.0552619573982               
4094           0.0862058128364               
2548           0.0149579443384               
579            0.0324182263485               
3068           0.0585475265466               
5827           0.0267367820964               
7237           0.0209500431172               
4014           0.0835139766637               
8926           0.0476645173252               
624            0.0561500054486               
7344           0.0501622511714               
6264           0.035691762035                
8966           0.0530644792022               
4150           0.0843140924386               
10692          0.0161670804948               
10784          0.0796969912837               
6599           0.0431522327441               
12129          0.0440633862254               
7476           0.0260941980608               
4245           0.0758753006678               
2632           0.0433345159084               
7171           0.196119818774                
770            0.0737605371847               
3099           0.061821062233                
3642           0.0951996642205               
12218          0.0229438481435               
3042           0.100324502343                
9310           0.0730463195984               
3651           0.0400000133129               
7918           0.0779305954431               
9121           0.0446651050925               
184            0.0796034109498               
26             0.0420957670139               
10183          0.0640472016973               
12109          0.0331304056136               
5984           0.0404623926195               
3033           0.0796034109498               
2112           0.0640000645591               
8218           0.0215352171271               
5020           0.142298520237                
2153           0.0498962501956               
10266          0.0727897744213               
9402           0.0770340728712               
6102           0.040306939376                
4146           0.0874340719862               
11927          0.0812384071008               
1466           0.0557797915602               
10611          0.0671581352981               
11014          0.0651974906794               
9278           0.00695009469986              
193            0.0509847493643               
119            0.0671008372498               
8897           0.28654388826                 
3963           0.0770340728712               
9441           0.0881654764635               
3235           0.0664805176173               
11711          0.0533822704622               
5162           0.037188856933                
3784           0.0407773960933               
4561           0.0671581352981               
3704           0.114617555304                
2561           0.139950257709                
4820           0.185463186699                
11862          0.0230086718143               
2084           0.0407773960933               
11102          0.147521074369                
6235           0.0275547376611               
3857           0.0953290346503               
5624           0.0581250426431               
11598          0.140869639493                
8733           0.0589801917587               
11056          0.0565280138835               
4753           0.0299957854167               
1974           0.061821062233                
6138           0.0448635020003               
4911           0.0374509745439               
3599           0.0608233201446               
9664           0.105931108056                
6383           0.0394014666389               
8190           0.0275547376611               
8874           0.0469782654834               
5483           0.0628775279633               
10465          0.145579548843                
4492           0.0718688167868               
7430           0.113828304304                
3946           0.0977399717624               
12223          0.0272529702642               
11617          0.0598781157307               
9309           0.011011914176                
11664          0.0373194374174               
5748           0.0701575475307               
1709           0.0461022508948               
10236          0.0709928021983               
6133           0.0377169755197               
203            0.0463172802609               
10512          0.0747868014991               
2274           0.0718688167868               
2430           0.151405874256                
9744           0.405160373435                
3142           0.0406192035504               
10866          0.0599915708333               
3441           0.0540352419655               
1396           0.130394981359                
11890          0.0240418859014               
7953           0.0521435215677               
8173           0.0332344913396               
3047           0.0671581352981               
2812           0.100970925729                
2108           0.0422675839946               
11967          0.0190021879334               
3589           0.0381235152453               
6849           0.053705787998                
1551           0.135724665812                
12179          0.0554170572542               
2206           0.0381235152453               
1048           0.0524452889646               
6040           0.0325182529998               
3179           0.0507063757654               
2065           0.0386802959047               
3706           0.0412605123463               
6063           0.0265919850417               
