418
1186           0.0740146263292               
10567          0.0518791761683               
8414           0.0218804671802               
6753           0.0212672808981               
7739           0.0944765496163               
4006           0.0166670442202               
1190           0.0910383333594               
2089           0.027392243722                
10242          0.0282366496148               
10183          0.0366268270007               
85             0.0218017861912               
4574           0.0252097013475               
12062          0.0332401076843               
105            0.0513123971965               
1448           0.0256561985983               
2150           0.0647423193537               
10882          0.0235028261832               
10975          0.0271255321338               
10865          0.048343329472                
5494           0.050508100022                
10972          0.0330508337752               
9638           0.0359579228742               
783            0.0353537592807               
9523           0.0718594290196               
3781           0.0447620665024               
6798           0.0190657591859               
3328           0.0365998705723               
1981           0.0239760813212               
12152          0.0298194408663               
478            0.0178230796519               
1102           0.0947580757652               
10762          0.0286864070081               
8319           0.0229622898658               
7344           0.0286864070081               
7555           0.0908093248018               
1326           0.0222013626345               
4686           0.0987102837612               
6181           0.0248871255365               
6395           0.014187441033                
9539           0.0193087958297               
11230          0.0147633575143               
771            0.0342426417997               
5577           0.0405988242343               
9406           0.0256561985983               
2233           0.0325476328321               
9972           0.0511636652104               
5787           0.0478686510266               
8955           0.0316914855785               
1113           0.0334817145685               
11175          0.0427685077232               
2458           0.0718594290196               
770            0.0421816154858               
9505           0.0245743759127               
8956           0.0941417119655               
1951           0.0296058505317               
7099           0.0268655734685               
8173           0.0950294417628               
1142           0.0325476328321               
1579           0.0463448577539               
9310           0.0835463483201               
10383          0.0288408132083               
10813          0.0191259811698               
3651           0.0457498072924               
9898           0.0964338049322               
10765          0.0463448577539               
2627           0.0310931909871               
10285          0.0256073167757               
741            0.055334012132                
10620          0.0209738946868               
55             0.0518791761683               
11045          0.0268655734685               
726            0.0193087958297               
4524           0.024171664736                
4724           0.0401211651423               
7079           0.0599840266242               
10087          0.0401211651423               
3171           0.0396647424979               
5452           0.0356513980573               
11927          0.0464580029078               
864            0.0353537592807               
11701          0.0534619674198               
5422           0.0384058840677               
2059           0.0145677740995               
446            0.0586369446008               
1761           0.050508100022                
1164           0.0361851833632               
9517           0.0209018395222               
7166           0.023784153886                
10614          0.0254305231662               
10856          0.0463448577539               
6759           0.0417880482406               
12143          0.0401211651423               
7853           0.0534619674198               
10050          0.0497742510731               
9278           0.0208664785453               
7495           0.0492987251517               
2353           0.0200733043099               
7899           0.0518791761683               
4567           0.0337291438621               
4945           0.0301675358567               
9293           0.0576252096878               
10225          0.0518791761683               
2070           0.0266120341962               
714            0.0518791761683               
2763           0.0185390889324               
697            0.0299254778034               
1895           0.0337291438621               
11617          0.0342426417997               
188            0.028997576846                
579            0.0556172667972               
5320           0.0255427408823               
3235           0.0380183732178               
454            0.0262430908356               
11711          0.0610556943413               
5266           0.0518791761683               
3784           0.0466389348064               
4561           0.0768117681355               
11292          0.136386067852                
11458          0.0329264460472               
1131           0.050508100022                
1617           0.0433909903561               
4774           0.0518791761683               
2084           0.0466389348064               
6119           0.0745692910451               
10864          0.0401211651423               
10545          0.0219597557504               
11029          0.0127605107934               
8619           0.0410997928002               
11598          0.016111891788                
562            0.0214171787256               
10718          0.0220396613585               
12271          0.055334012132                
8528           0.027392243722                
1554           0.0198128390531               
3957           0.031898923317                
7919           0.0336165508508               
10944          0.0200084224679               
1966           0.0380183732178               
11906          0.0236895189413               
3919           0.0669634291369               
11384          0.0307128579206               
8421           0.0463448577539               
4913           0.0401211651423               
7805           0.0365998705723               
5830           0.0600252674038               
4911           0.0428343574512               
4797           0.0372846455225               
1730           0.0518791761683               
12108          0.0239760813212               
6756           0.0690187067757               
129            0.0330040554764               
8966           0.0303461111198               
5444           0.0576252096878               
9627           0.0173043926712               
12129          0.0377979517037               
236            0.0753133695724               
3507           0.0310931909871               
3946           0.0279473961541               
5506           0.0534619674198               
12223          0.124681772277                
404            0.050508100022                
1886           0.0878390230015               
11370          0.055334012132                
1424           0.0719158457484               
7847           0.0410997928002               
5748           0.0401211651423               
11888          0.0492987251517               
3985           0.050508100022                
9082           0.0646536220267               
4852           0.0170545550701               
509            0.0280910043527               
3661           0.0816978446967               
9699           0.0718594290196               
6892           0.0784554961761               
3169           0.039227748088                
5437           0.0472382748081               
2145           0.039227748088                
3211           0.0463448577539               
9546           0.0125038019521               
8720           0.0218804671802               
10543          0.0252097013475               
10150          0.0718594290196               
6612           0.0254305231662               
12157          0.0245743759127               
1686           0.0312887744019               
9243           0.0149627389017               
5383           0.0227023312004               
12038          0.0421816154858               
9395           0.0372846455225               
5712           0.0463448577539               
11967          0.0108668268344               
2847           0.0576252096878               
3589           0.0218017861912               
2920           0.0851531716921               
1672           0.0518791761683               
289            0.0294827609064               
8784           0.03506450582                 
6904           0.0235957482547               
8594           0.0255427408823               
3376           0.0463448577539               
665            0.0583135420487               
628            0.0455765097438               
1126           0.0718594290196               
8721           0.0209018395222               
6281           0.0384058840677               
3161           0.0421816154858               
7497           0.0605790770856               
6736           0.0718594290196               
6139           0.0325476328321               
2343           0.0401211651423               
1794           0.0352249006831               
189            0.031898923317                
9065           0.0410997928002               
10115          0.0362738806902               
7547           0.0434474070849               
6063           0.0152072223285               
3384           0.0914996145848               
4809           0.0128584557538               
5683           0.0117700742569               
7454           0.0243942957264               
11968          0.028997576846                
8958           0.0255427408823               
8294           0.0226171205967               
9684           0.0380183732178               
6233           0.0359579228742               
3504           0.0257709240244               
2021           0.0682105948453               
1158           0.0688868695973               
5443           0.0285342883915               
6639           0.034407453949                
2638           0.0169075193525               
4529           0.107258514542                
6920           0.0440536601981               
10987          0.0401211651423               
2430           0.0216462102024               
6287           0.0621863819741               
5302           0.0421816154858               
3274           0.0220396613585               
14             0.0433909903561               
1053           0.104017174354                
4408           0.0343075236416               
6468           0.0299920133121               
9700           0.0359579228742               
3951           0.0359579228742               
507            0.118598883955                
3054           0.0410997928002               
8379           0.0242708714867               
3001           0.0365998705723               
4633           0.0224487919282               
4014           0.0238796691685               
12138          0.0462465049707               
8790           0.0225326113228               
6145           0.0117700742569               
7128           0.0267380212839               
9313           0.0613267290492               
3981           0.0660081109528               
9598           0.0305278471706               
10692          0.00924550713684              
9130           0.0275282433105               
11985          0.0198128390531               
3337           0.0276660684513               
3419           0.0362738806902               
6729           0.0605790770856               
4245           0.0433909903561               
7171           0.0961332956669               
2031           0.0396647424979               
6056           0.0463448577539               
2246           0.0160222159445               
2626           0.0582975179599               
3683           0.0855370154464               
5370           0.0165724092754               
7123           0.0718594290196               
2181           0.0285342883915               
6715           0.0388085952444               
5326           0.0384058840677               
4921           0.0252627082735               
7233           0.0296497209887               
9597           0.0401211651423               
9511           0.0492987251517               
4041           0.0179300370651               
6947           0.0353537592807               
5984           0.0462786512207               
4862           0.0362738806902               
2146           0.0214171787256               
6042           0.013259854833                
5407           0.0701958335222               
462            0.0576252096878               
5317           0.0223656512405               
5020           0.0271255321338               
5348           0.0235957482547               
873            0.0723703667264               
960            0.0135715494898               
8842           0.0202078038554               
8191           0.0253195186384               
4146           0.116669309541                
10181          0.027392243722                
10380          0.0421816154858               
11862          0.0131580243902               
7453           0.0113085215506               
7740           0.186559145922                
9946           0.0380183732178               
1332           0.0610556943413               
10433          0.0440536601981               
367            0.0348707936856               
5734           0.0518791761683               
8057           0.0498588531629               
29             0.0253195186384               
7624           0.0564850271793               
8291           0.0140661231328               
119            0.0767462337906               
620            0.0405988242343               
8897           0.0327733082641               
8628           0.0325476328321               
1938           0.0143378879563               
7392           0.0718594290196               
1602           0.0551081071642               
11918          0.0168589716553               
1241           0.0440536601981               
8631           0.0337291438621               
7571           0.0263646049026               
7032           0.0518791761683               
10236          0.0405988242343               
4547           0.053731146937                
5563           0.0482169024661               
7918           0.0445663567136               
9846           0.0416264630537               
5567           0.0416264630537               
1875           0.0331448185508               
11138          0.0380183732178               
10586          0.0286757759127               
10638          0.0433909903561               
660            0.104725553516                
4280           0.0576252096878               
11056          0.0323268110134               
2745           0.0258869458105               
3526           0.0718594290196               
10998          0.00819372422617              
12020          0.0192474952367               
11891          0.0176124503415               
5205           0.027072891603                
4753           0.0171537618208               
2211           0.050508100022                
3241           0.0472382748081               
12032          0.110668024264                
4976           0.028384390564                
262            0.0951366155442               
1974           0.0353537592807               
7911           0.0332401076843               
10441          0.0261229980184               
5957           0.0310931909871               
6228           0.0463448577539               
11992          0.113085602984                
8590           0.0376449568365               
6163           0.0198776204593               
5454           0.0323268110134               
2591           0.0518791761683               
3381           0.0365998705723               
2546           0.0605790770856               
8422           0.0247818136511               
11591          0.0390714078753               
3398           0.0518791761683               
9858           0.0646536220267               
3642           0.0181473535118               
9309           0.012594819595                
1521           0.031898923317                
9357           0.0278057688215               
7030           0.0605790770856               
2393           0.0455229937336               
5455           0.055611537643                
2676           0.0309012635519               
1331           0.0347831781171               
12224          0.0658792672511               
420            0.0325476328321               
8417           0.055334012132                
9744           0.160407716867                
3142           0.0232290014539               
703            0.0421816154858               
5927           0.102624794393                
7953           0.0298194408663               
9203           0.0291567710243               
3042           0.0286864070081               
8218           0.0123153963208               
4029           0.0675135563331               
10717          0.0208302864882               
3570           0.0472382748081               
2812           0.0577424857101               
49             0.0605790770856               
1724           0.0421816154858               
528            0.0576252096878               
532            0.036404817945                
2438           0.0339826831344               
11953          0.0492987251517               
4327           0.117273889202                
1897           0.0618025271038               
6849           0.0307128579206               
6981           0.0291567710243               
6486           0.102727925399                
3808           0.0288408132083               
1050           0.0455229937336               
8309           0.0380183732178               
2414           0.0334817145685               
5046           0.0347831781171               
6542           0.0359579228742               
2792           0.0353537592807               
10248          0.0410979175708               
1048           0.0299920133121               
11586          0.0254305231662               
1959           0.0330040554764               
4267           0.0513123971965               
6329           0.0148426460845               
3080           0.0362738806902               
3453           0.0447620665024               
796            0.110668024264                
2825           0.024171664736                
5450           0.0605790770856               
10014          0.0455229937336               
11604          0.0342426417997               
4222           0.0278057688215               
