444
169            0.0260618929311               
1186           0.0480578739386               
3297           0.0258900590257               
303            0.0267870152193               
3633           0.0269786017985               
5923           0.0264165698258               
3995           0.0265997343232               
6933           0.0116370311877               
6753           0.0345222409107               
9934           0.0284593343909               
3309           0.0369477359182               
4387           0.012896081963                
4006           0.0135274396053               
3786           0.0192270766504               
5415           0.01732172908                 
2657           0.0196989186485               
6714           0.017568670085                
8837           0.0433912291765               
4574           0.0613826977251               
5139           0.0491676745916               
9790           0.0179533683453               
105            0.020823288908                
10285          0.0207836150526               
10680          0.0409937877167               
2142           0.0280087571381               
10882          0.0381511031647               
10865          0.0784735986913               
3471           0.0409937877167               
6214           0.0199452513358               
10972          0.0938874362859               
783            0.0286941005959               
1355           0.034235779806                
10105          0.0205500300288               
7186           0.0187805243429               
11654          0.0318383383462               
3746           0.075003367867                
10385          0.0761706219454               
5792           0.0375610486859               
11936          0.0242022928634               
3354           0.0383399060496               
12152          0.0242022928634               
8911           0.066972419056                
5610           0.0186368371773               
9341           0.0409937877167               
1102           0.153816613203                
8926           0.0221233735814               
6242           0.0133367299294               
9004           0.0289356725581               
7555           0.0184258474482               
4686           0.140203051161                
2065           0.0179533683453               
4973           0.0357551836936               
6181           0.0403981753691               
3211           0.150459135045                
87             0.0525466785469               
777            0.0363301460788               
9406           0.020823288908                
9358           0.0782683752979               
9972           0.0692097712885               
5787           0.0155406148132               
4763           0.0250803304356               
10844          0.0277922865478               
8306           0.0244848165008               
1113           0.0271746967083               
9973           0.0629962843322               
6691           0.0467702331318               
2923           0.0446853855913               
2107           0.0525466785469               
9835           0.017568670085                
7828           0.0342824195313               
8569           0.0636766766924               
8190           0.0639473333022               
11591          0.0422819310047               
8956           0.0305632193958               
1951           0.0120144684846               
8173           0.0617028438728               
9310           0.0576372715691               
481            0.129034513759                
3651           0.0556977362267               
3568           0.0318383383462               
8908           0.0333577422338               
15             0.0275812968187               
7183           0.0150006735734               
11448          0.0318383383462               
10183          0.0445910369866               
8457           0.0391341876489               
11706          0.034235779806                
11045          0.0436097028071               
7237           0.004861956613                
726            0.0313431183102               
8309           0.0308567758507               
498            0.0517801180514               
8441           0.0157719657812               
11041          0.0114545352274               
10138          0.0659022842469               
77             0.016848771018                
7036           0.0491676745916               
5348           0.0191509697365               
4297           0.0130040789278               
6648           0.0674447346554               
10087          0.065126921269                
3171           0.0321930152409               
7600           0.0433912291765               
11927          0.0754132310705               
864            0.0286941005959               
10525          0.0376147837613               
9879           0.0588817937728               
3669           0.0308567758507               
3565           0.025721696751                
5422           0.0623425810062               
2059           0.0118236132161               
2368           0.0433912291765               
9517           0.0508935540173               
3668           0.115742690232                
10856          0.0376147837613               
6759           0.0113054498712               
8804           0.0163469281663               
5985           0.0291844566792               
12143          0.0325634606345               
9278           0.0193552206253               
8902           0.0400122252212               
7495           0.0400122252212               
2353           0.00814602781825              
3808           0.023408011264                
10906          0.030261261916                
2613           0.0491676745916               
1522           0.0162929885013               
2579           0.039397837297                
11882          0.0225679402684               
9444           0.0218048514035               
10483          0.0525466785469               
579            0.0300936869858               
5320           0.0207312034501               
3235           0.0308567758507               
5402           0.0449106330641               
12082          0.0444646234459               
6987           0.0337852025532               
9360           0.025394845088                
11711          0.222995297236                
3784           0.0189267324642               
4561           0.0311712905031               
11292          0.102787982292                
11458          0.0267240252343               
2561           0.12991516574                 
10455          0.0202854475159               
2789           0.0968091714535               
11914          0.0221233735814               
10430          0.0299787382785               
11991          0.0180856512681               
10768          0.0491676745916               
2839           0.0715103673873               
10545          0.017823152428                
3509           0.0421065914939               
6197           0.0134506312353               
510            0.0267870152193               
1503           0.0105434692781               
8980           0.030261261916                
562            0.0173827817278               
10441          0.0212021563833               
5127           0.054457765707                
11282          0.0321930152409               
3896           0.0294408968864               
3932           0.0369477359182               
1554           0.0160806547436               
10688          0.0409937877167               
8862           0.0277922865478               
5455           0.0225679402684               
9900           0.0363301460788               
7366           0.0337852025532               
1966           0.0617135517014               
11906          0.0576812299513               
8001           0.0239290339841               
11124          0.0246297531828               
2676           0.0250803304356               
1341           0.0207312034501               
3976           0.0376147837613               
4911           0.0521483451834               
3321           0.088911060329                
71             0.0588817937728               
80             0.0361713025362               
5091           0.0594109587985               
12127          0.0206401244107               
9173           0.0489696330016               
4982           0.0111589847805               
236            0.0152816096979               
8859           0.030062436566                
8443           0.0308567758507               
3946           0.0453657779515               
12223          0.0379482060993               
3658           0.0539572035969               
1886           0.035646304856                
4972           0.0299787382785               
2094           0.112035028552                
1332           0.0743317657455               
10512          0.0347121179732               
3661           0.0928315605087               
509            0.0227994454094               
11522          0.0491676745916               
6892           0.0318383383462               
7436           0.02328269087                 
9644           0.0273755172486               
5015           0.0221233735814               
10866          0.0556898929336               
7518           0.0115149242536               
7670           0.030261261916                
10543          0.0204608992417               
938            0.06495758287                 
12157          0.0398905026717               
3437           0.030261261916                
6639           0.0139630263507               
8744           0.0781856787932               
11698          0.0421065914939               
10361          0.0363301460788               
29             0.102750150144                
11967          0.0176396416499               
5935           0.0318383383462               
3589           0.0353898798243               
11922          0.0200290073087               
3041           0.0329511421234               
103            0.0174442849527               
10109          0.02328269087                 
3725           0.0352173423015               
6904           0.0191509697365               
2978           0.0400122252212               
10828          0.0369477359182               
3671           0.0363301460788               
7677           0.0491676745916               
8721           0.0169645180058               
10235          0.0269786017985               
6281           0.0623425810062               
9772           0.0201990876845               
663            0.0190008098334               
3263           0.0449106330641               
6139           0.0528331396516               
10157          0.0224545555377               
1644           0.0176315658489               
8720           0.0355175992102               
9781           0.0262373446568               
2425           0.0433912291765               
3468           0.02328269087                 
6395           0.0230298485073               
6063           0.0123426072971               
3384           0.0742636483023               
5093           0.0202854475159               
5683           0.00955292171523              
2660           0.0535740304387               
7454           0.0593972796484               
7918           0.0180856512681               
8958           0.0207312034501               
11113          0.0226828889758               
11344          0.0308567758507               
6233           0.0291844566792               
615            0.0383399060496               
478            0.0144657103195               
110            0.018495585505                
3504           0.0209164032751               
2021           0.177157209645                
5443           0.115796135715                
2131           0.0333577422338               
1448           0.020823288908                
10486          0.0291844566792               
2638           0.0274452319073               
4529           0.130581018907                
8134           0.0204608992417               
8121           0.0585609735302               
6192           0.0159248810651               
2430           0.0702746803401               
5996           0.0160284059884               
8076           0.0675704051064               
6287           0.0252361041141               
10624          0.0284593343909               
1876           0.0225679402684               
3274           0.0178880060561               
1856           0.0318383383462               
2548           0.0416561680485               
3951           0.0291844566792               
507            0.0721936303804               
6655           0.0282310009528               
5827           0.0124098145094               
10983          0.0617135517014               
4014           0.0193814078972               
12138          0.0250233052597               
8790           0.03657619609                 
832            0.0230375658705               
471            0.0230375658705               
2776           0.0467702331318               
6145           0.00955292171523              
10139          0.0498548303033               
2165           0.0277922865478               
5037           0.0314981421661               
2880           0.0105434692781               
3251           0.034235779806                
7285           0.0427576856807               
4853           0.0269786017985               
4169           0.0551625936374               
4245           0.0352173423015               
2460           0.0194596586989               
7171           0.169053026061                
11786          0.0282310009528               
2246           0.0260081578556               
2626           0.0315439315624               
12037          0.0400122252212               
5370           0.0134506312353               
7949           0.0465653817401               
3642           0.0147289000607               
5272           0.0347121179732               
12218          0.00532466656918              
2612           0.0318383383462               
3580           0.0212996270752               
6040           0.0301865412556               
5905           0.0357551836936               
3676           0.0329511421234               
2885           0.0525466785469               
6947           0.14347050298                 
10625          0.0369477359182               
1158           0.111821023064                
4423           0.0175062454549               
2112           0.0297054793993               
2687           0.0162929885013               
5407           0.0341837419751               
5317           0.018152588569                
150            0.023408011264                
9893           0.0289356725581               
4247           0.0347121179732               
10784          0.03699117101                 
873            0.0146844538266               
960            0.0110150494382               
614            0.0143371681954               
4146           0.121746956448                
2912           0.0935404662636               
1058           0.0449106330641               
10962          0.0318383383462               
7453           0.00917831261978              
7740           0.0252361041141               
9946           0.0308567758507               
8059           0.0176949399121               
8795           0.0189267324642               
9720           0.0449106330641               
11262          0.0149547580349               
367            0.0094340374002               
3438           0.0264165698258               
8057           0.0134889469311               
7942           0.0357551836936               
7624           0.0305632193958               
8291           0.00570822962507              
119            0.124578782995                
8357           0.0860823017877               
7520           0.0628864450097               
8897           0.0531994686464               
10621          0.0314981421661               
2924           0.0275812968187               
1602           0.0298181881794               
11918          0.0136832132838               
9313           0.0373308673892               
10448          0.0318383383462               
2674           0.0491676745916               
441            0.0316452528368               
6848           0.0653877126652               
10539          0.0352173423015               
11466          0.0280087571381               
10586          0.0116370311877               
8524           0.0408148874462               
11102          0.034235779806                
3857           0.0221233735814               
10279          0.0160284059884               
660            0.169996381074                
5205           0.0219731166044               
1863           0.0337852025532               
10998          0.0133005118542               
12020          0.015621805878                
5302           0.034235779806                
7349           0.0220158411326               
6265           0.0176315658489               
7452           0.0178880060561               
4029           0.0182652973491               
9722           0.0491676745916               
655            0.0369477359182               
4279           0.0352173423015               
755            0.0224545555377               
7911           0.0269786017985               
11992          0.0183566881372               
5755           0.023795692753                
6163           0.0161332331461               
10265          0.017823152428                
12035          0.0225679402684               
8005           0.0314981421661               
7934           0.0449106330641               
1223           0.0262373446568               
5454           0.0524746893137               
926            0.0573882011918               
8345           0.0294408968864               
6809           0.0188533077676               
8388           0.0337852025532               
9309           0.0102223081166               
5999           0.0289314206391               
335            0.0277922865478               
1689           0.0284593343909               
1913           0.049554510497                
1625           0.0325634606345               
12224          0.0891157621401               
9330           0.0560175142762               
9506           0.0409937877167               
420            0.0264165698258               
9554           0.0351373401701               
2671           0.0400122252212               
9551           0.0206401244107               
4306           0.0433912291765               
5456           0.0159764827727               
1520           0.0421065914939               
3441           0.0501606608712               
7953           0.0484045857267               
9572           0.0273755172486               
11011          0.0243423574907               
2816           0.0427965025863               
3042           0.0465653817401               
9216           0.0311712905031               
3965           0.0560175142762               
1393           0.0155231816601               
2812           0.0624872235121               
8299           0.0286941005959               
949            0.0400122252212               
1724           0.034235779806                
2438           0.0275812968187               
7177           0.0525466785469               
5350           0.0258900590257               
11112          0.0262373446568               
6849           0.0249274151516               
5818           0.0250803304356               
6329           0.0361401210386               
734            0.0467702331318               
621            0.0305537006636               
5984           0.0375610486859               
8064           0.0368278132449               
9474           0.0282310009528               
2792           0.0286941005959               
623            0.0694242359464               
9744           0.115725682556                
1909           0.058915600243                
4267           0.020823288908                
2372           0.0231592271429               
796            0.0449106330641               
1334           0.0363301460788               
11972          0.0369477359182               
9588           0.0180192473379               
