243
6206           0.0390266087264               
1186           0.0182291224854               
5683           0.0289886115666               
8067           0.0607091154637               
7454           0.0100134848745               
12221          0.0638868223564               
4014           0.0294067156569               
3054           0.0506125068948               
6753           0.0261896795033               
5787           0.0235792179479               
3861           0.0418481132691               
2021           0.0503989285594               
10242          0.0347721369366               
11073          0.0415358913018               
10930          0.0581717655134               
2522           0.0284950165731               
4529           0.11006994474                 
11014          0.0459143282729               
1602           0.0678631025553               
236            0.162303671377                
11164          0.0878061180871               
10882          0.028942650831                
2148           0.0542500589079               
2812           0.0237024062411               
6383           0.0554957515954               
1358           0.0638868223564               
4951           0.0621984050632               
2852           0.0239302384811               
1561           0.0454856652822               
1099           0.0435365305623               
9301           0.0378214737193               
2548           0.010533901834                
11186          0.0570715634506               
7154           0.0150894437334               
2989           0.0797271923146               
5964           0.349969109827                
4633           0.0276446560635               
8911           0.0127018564291               
10599          0.0607091154637               
11878          0.069908146258                
8790           0.0277478757977               
9785           0.0534340114376               
1353           0.0283855410216               
7344           0.0353259925066               
4560           0.0442805302752               
9313           0.151042099503                
9598           0.0375936414793               
10692          0.0113854173422               
9972           0.0420038023194               
1196           0.0382898364199               
1113           0.0412311934924               
9633           0.019404999445                
6654           0.0542500589079               
2632           0.0305176651468               
7171           0.0197306229475               
4690           0.0320230930347               
9405           0.0442927833986               
7828           0.0260077433109               
6151           0.0570715634506               
9534           0.023258699409                
5632           0.0512610771191               
3688           0.072613331503                
3642           0.0223476322424               
941            0.0450710593772               
4921           0.0466647971763               
2612           0.048307169825                
10923          0.0237778951054               
8173           0.0468097569231               
11148          0.0378214737193               
3576           0.0359052241862               
9310           0.0308650470644               
10383          0.0355161366495               
481            0.0435065430423               
3568           0.0966143396499               
10561          0.048307169825                
3257           0.0797271923146               
10765          0.114143126901                
10285          0.0236506757436               
3999           0.116343531027                
11152          0.0638868223564               
1960           0.0494073718877               
5162           0.0261896795033               
726            0.0237778951054               
10480          0.0418481132691               
2687           0.0247207675831               
8753           0.0326182309847               
11041          0.0173795558198               
7842           0.0512610771191               
6648           0.0204662957933               
2153           0.0351386654179               
1164           0.066840586692                
1369           0.103889443676                
873            0.155961368948                
11954          0.0418481132691               
4146           0.0205246993485               
11869          0.0303892950369               
1801           0.0681412941461               
4479           0.0306473518962               
2605           0.0378214737193               
7166           0.0292890929741               
1342           0.0392820587725               
6759           0.0686134158057               
8804           0.0248026083038               
9253           0.074600350702                
6722           0.0797271923146               
7184           0.0355161366495               
8743           0.0269447902426               
5508           0.0375936414793               
9278           0.00978899421593              
8066           0.0823221316738               
7722           0.0454856652822               
5713           0.0797271923146               
9032           0.136282588292                
2353           0.0123596760904               
119            0.047254730769                
825            0.18659521519                 
3180           0.0526674526692               
4945           0.0371499346472               
11930          0.0581717655134               
8064           0.0186258404292               
7559           0.0400809147416               
10431          0.112118951325                
2763           0.0228300364183               
8121           0.0444262332832               
9245           0.141925597378                
579            0.114150182091                
10075          0.0283855410216               
3802           0.072613331503                
3345           0.0658359570763               
4547           0.0330837196434               
11956          0.0395427761993               
3740           0.0207015462483               
2781           0.0400809147416               
12161          0.0526674526692               
7397           0.0621984050632               
9817           0.0797271923146               
1158           0.0282770051859               
10132          0.0267517430238               
2887           0.0294067156569               
1617           0.160302034313                
9846           0.0512610771191               
5567           0.0512610771191               
11138          0.0468178802255               
5293           0.0722087037597               
10545          0.0270424304747               
11029          0.0157139828819               
660            0.0644823542681               
8619           0.202450027579                
11598          0.039682109259                
9842           0.0797271923146               
10816          0.0292890929741               
6806           0.0421682404241               
8718           0.0709627986889               
4753           0.0633722091482               
3957           0.078564117545                
2618           0.0709627986889               
4029           0.0415699216783               
11995          0.074600350702                
1466           0.0392820587725               
3919           0.0824623869849               
9772           0.0306473518962               
74             0.0442805302752               
11992          0.0278519450866               
4461           0.136282588292                
4911           0.0263742717922               
12108          0.0295254427942               
9625           0.022280195564                
12035          0.0342415270324               
2340           0.048307169825                
3274           0.0271408305605               
4982           0.0507933831536               
5292           0.0243986011817               
9627           0.021309564689                
3994           0.0406429782621               
2477           0.0658359570763               
1190           0.0373698418808               
1618           0.0398089828154               
245            0.0581717655134               
2711           0.0581717655134               
230            0.0244783765076               
12223          0.0383849688104               
7974           0.0797271923146               
9640           0.0774851635826               
5999           0.0658449116388               
335            0.0421682404241               
4774           0.0638868223564               
4852           0.0210019011597               
11458          0.040547405815                
12224          0.0270424304747               
11890          0.0338622554357               
3661           0.0201214285829               
7198           0.0208809016983               
10292          0.0278519450866               
9744           0.0438966077592               
4969           0.0956357539092               
3169           0.048307169825                
11197          0.0326182309847               
9309           0.0155099417822               
9752           0.0499955871181               
10433          0.0542500589079               
7953           0.0367212716565               
6395           0.0174711819252               
6612           0.125266084464                
12157          0.151311075503                
367            0.0143139268724               
1686           0.038530688411                
3746           0.022759984454                
11862          0.0162035026164               
2787           0.0519447218381               
2738           0.0326182309847               
7237           0.0073768725375               
3045           0.0621984050632               
4353           0.074600350702                
3629           0.0945901640734               
10595          0.029645295324                
4327           0.144417407519                
7624           0.0231862387682               
1142           0.0400809147416               
8590           0.046358035105                
11778          0.0365122694234               
8784           0.0431803282124               
774            0.0421682404241               
3808           0.0355161366495               
2925           0.0600236476106               
3951           0.0442805302752               
665            0.0359052241862               
366            0.0271408305605               
1722           0.025651540961                
10235          0.0409336657129               
3161           0.0519447218381               
1678           0.0255640364788               
6139           0.0400809147416               
3070           0.038530688411                
3179           0.0357091838683               
2019           0.103889443676                
1102           0.0291725543868               
11292          0.0479866221715               
189            0.0392820587725               
9622           0.0450710593772               
3130           0.144921509475                
4108           0.0607091154637               
12064          0.0638868223564               
6063           0.0187269957465               
