43
1886           0.124085356771                
9955           0.1254505758                  
9633           0.0890406755976               
3348           0.218530183096                
7527           0.204467273611                
11821          0.140031620719                
12256          0.124085356771                
11835          0.103797589496                
1951           0.0836451135314               
2075           0.142449434381                
7802           0.101012136284                
10586          0.162034766017                
6790           0.232237667431                
11029          0.0721042871505               
10520          0.342306921737                
1875           0.0936437244962               
1448           0.144972402819                
1503           0.0734039700471               
12058          0.114185812422                
10441          0.147610090289                
2386           0.272453465007                
3711           0.232237667431                
956            0.138859477182                
1554           0.111954032208                
8218           0.069589132211                
2683           0.118107516484                
5867           0.137144501141                
8602           0.1254505758                  
1533           0.117703200341                
10473          0.174610061974                
4428           0.0658446632517               
7440           0.154782064684                
12255          0.155550541239                
8721           0.118107516484                
11906          0.133859522072                
663            0.132284245261                
6264           0.115334743664                
2880           0.0734039700471               
6775           0.121879040297                
1978           0.204968464953                
137            0.192021869856                
8291           0.0397408770652               
9248           0.204968464953                
