220
3384           0.0356238749871               
1186           0.069159315458                
4809           0.080099663349                
7454           0.0379900765833               
7004           0.0330048138806               
2084           0.0363162094313               
10081          0.0392599358298               
8958           0.0397785897633               
8294           0.0352224205691               
5787           0.0149094996538               
5200           0.0503436557409               
4006           0.0259561617783               
2021           0.148717390797                
6386           0.0666048695146               
6163           0.0309561026894               
2131           0.0640061223145               
8827           0.0648263240324               
6714           0.067420776771                
11014          0.0580646621107               
8134           0.0392599358298               
3914           0.135148566299                
9986           0.126451893439                
3859           0.0394309580777               
2430           0.168551941927                
1690           0.0475420674138               
6947           0.0550576264896               
4169           0.0529224024034               
6383           0.105272434102                
6214           0.0382705216572               
2227           0.0750898422255               
10972          0.0257356006573               
4746           0.0832581624553               
9625           0.0281762159188               
5503           0.0604379614792               
8997           0.0246080550836               
9664           0.0943418823663               
10385          0.0292309120373               
2548           0.0266429880913               
11186          0.0721744425443               
7936           0.0517659640896               
5827           0.0238116866489               
3033           0.0708945254103               
8911           0.0160631556527               
478            0.0555129911124               
8790           0.0350908113673               
8926           0.084899712069                
7128           0.0416400410839               
7344           0.0893486585029               
6145           0.0183299418612               
6264           0.0317869611407               
1326           0.0345749463809               
4686           0.11529369248                 
4973           0.068606281709                
4150           0.0750898422255               
9539           0.0300702525101               
2880           0.0202305833381               
10784          0.0709778677354               
11965          0.0582806289413               
7476           0.0232394035056               
2632           0.0385935715889               
7171           0.149711691026                
770            0.328454410139                
9405           0.0280070034641               
8350           0.11399647701                 
3099           0.0550576264896               
2323           0.0525275569658               
11591          0.0202824162125               
11930          0.0735657916815               
8956           0.0293220258323               
4921           0.0786849706813               
9829           0.0610907226332               
8173           0.11839409707                 
9310           0.0650548022893               
664            0.0444374296926               
6040           0.0289606448529               
6848           0.062732272247                
9012           0.147112767261                
184            0.0708945254103               
26             0.0749806921242               
10183          0.0570402186792               
10285          0.0199395780126               
3545           0.0456586662919               
1158           0.0715199291106               
8836           0.0428706810518               
7237           0.00932901835735              
2687           0.0312626378479               
11041          0.021978717195                
3813           0.0708945254103               
5407           0.0437273553005               
8218           0.0191791906857               
5020           0.0844870501435               
8244           0.0555211496036               
11119          0.0500070027222               
1164           0.0281762159188               
4986           0.0421615461608               
8842           0.0314703086597               
8191           0.0788619161555               
4146           0.0519123235565               
2059           0.0226868961455               
10611          0.0598108054992               
4574           0.0392599358298               
6759           0.0216926554024               
8984           0.100825442883                
11914          0.084899712069                
2249           0.0598108054992               
4041           0.0279230640181               
8743           0.034075204842                
9278           0.0108320284771               
29             0.0788619161555               
8291           0.0109528289121               
104            0.0390907233751               
2353           0.0156304239435               
119            0.0896396640802               
6200           0.0403146319484               
8064           0.0471096135665               
8897           0.204156005126                
2763           0.057743122919                
7918           0.0694047216439               
188            0.090317849506                
579            0.0288715614595               
8631           0.0525275569658               
624            0.0500070027222               
9313           0.071629669882                
4492           0.0640061223145               
8428           0.0675742831497               
5162           0.0331202687342               
441            0.0607202342875               
3704           0.102078002563                
11458          0.0170924960078               
2561           0.155799025804                
11862          0.0409828887766               
6646           0.0939618843993               
6197           0.0516175670414               
6235           0.024540155076                
659            0.068606281709                
660            0.0203865887487               
11598          0.100366415132                
5205           0.0210807730804               
1938           0.0223288865402               
8733           0.0525275569658               
12020          0.0599495739726               
3957           0.0496772914999               
11064          0.0259561617783               
1974           0.0550576264896               
7800           0.0437470881975               
2626           0.0302629105967               
4911           0.0333537097815               
3599           0.0541690407996               
12108          0.0373387768917               
3992           0.0500070027222               
8451           0.0345749463809               
5792           0.0360356684154               
3274           0.0343231234166               
9173           0.0469809421997               
8966           0.047259043605                
3661           0.0508923464982               
9627           0.0538974529275               
12129          0.0392427009992               
10465          0.0648263240324               
7949           0.0446743292514               
7430           0.0506875491616               
9595           0.0327763753134               
3946           0.0435234422057               
12223          0.0485428041298               
8804           0.0313661361235               
3642           0.0282614984023               
11617          0.106654489966                
335            0.0533272449828               
5748           0.0624820717704               
6242           0.0255902321311               
1689           0.0546071621168               
12218          0.0102168563244               
9890           0.0418386824924               
1625           0.0624820717704               
7198           0.0264066261511               
10512          0.0666048695146               
1951           0.0230531051527               
2274           0.0640061223145               
7349           0.0422435250718               
9744           0.249808460006                
3453           0.0697095072358               
3142           0.0361753236939               
8152           0.100825442883                
10866          0.0267141438545               
3441           0.0962472032007               
9546           0.0778904050473               
2812           0.0599495739726               
938            0.0623196103215               
367            0.0181018291803               
3042           0.0446743292514               
3965           0.107485208243                
7721           0.0506875491616               
2108           0.0376433656772               
11967          0.0169232835531               
10988          0.0735657916815               
10595          0.0374903460621               
4327           0.0456586662919               
2056           0.0624820717704               
6849           0.0478301910242               
627            0.0426588842104               
2828           0.057522561798                
8784           0.109214324234                
12179          0.0493542415682               
5290           0.0394309580777               
2837           0.0387575774138               
11968          0.045158924753                
1048           0.0467075948981               
4561           0.0598108054992               
3651           0.0356238749871               
4014           0.0371886309271               
697            0.0233019884299               
6329           0.0231149637511               
3179           0.045158924753                
2813           0.0592073215114               
10924          0.0251618914906               
1644           0.0338310714319               
11292          0.0151713370697               
2825           0.0752867313544               
10998          0.0127603688315               
6063           0.0236827308875               
