213
11772          0.0639487944436               
303            0.0440140640831               
7454           0.0108440420414               
1326           0.0296076401407               
650            0.0587497686289               
5787           0.0127674847436               
3309           0.0607092654077               
2919           0.067357381358                
4387           0.0211897060308               
2021           0.0363861404223               
11073          0.0449810387841               
6714           0.0866018738534               
1895           0.0449810387841               
7020           0.427779876029                
8252           0.0807879923378               
2762           0.0541424144929               
5996           0.026336464983                
3801           0.030505871489                
7453           0.0150809948968               
6947           0.0471476188032               
10882          0.031343266239                
3274           0.0881759880778               
10972          0.0440764474179               
3258           0.049295571197                
11105          0.0308585034643               
5503           0.0517549729392               
6192           0.0261663619473               
6798           0.025426013091                
3328           0.0976188547468               
10385          0.0500627428342               
2548           0.0114076243964               
3931           0.0807879923378               
1981           0.0319743972218               
1287           0.062686532478                
8379           0.0323675280977               
10253          0.0712966460048               
2146           0.0571237118167               
8294           0.0301620931413               
478            0.0237687810978               
832            0.0378532991541               
2275           0.067357381358                
8319           0.0306224093693               
132            0.0308585034643               
5376           0.0607092654077               
2739           0.0241282011622               
9539           0.103000502786                
7704           0.0363511789042               
9406           0.0342149942767               
7285           0.0468371087556               
8136           0.0428536444583               
2440           0.0412097899665               
2261           0.202072144074                
552            0.0502031498461               
8947           0.0523139533388               
7171           0.0213671571313               
2462           0.067357381358                
9405           0.0479665981749               
1293           0.123610599344                
11090          0.0927733885163               
668            0.0402312939201               
6715           0.103509945878                
8956           0.0251093950942               
549            0.067357381358                
9829           0.104627906678                
438            0.182127796223                
9310           0.0445668179355               
9121           0.0340636875628               
15             0.0906383152981               
1314           0.0390989864737               
8321           0.067357381358                
10285          0.00853745142295              
4124           0.0517549729392               
11824          0.0562532179856               
2151           0.0419924668882               
7237           0.00798873887895              
6042           0.0530498532918               
11041          0.0376421668046               
3426           0.09590665746                 
727            0.101402272599                
5515           0.057866035025                
4297           0.0641014713939               
9130           0.03671154492                 
9891           0.0354896924511               
10248          0.0274040015921               
6347           0.076848727691                
4971           0.0535054104162               
6620           0.0508520261821               
4146           0.0666812919013               
12212          0.0596944961791               
4968           0.14259329201                 
7166           0.0317184436335               
5834           0.182127796223                
8804           0.0537196651424               
11914          0.0363511789042               
11701          0.0712966460048               
8795           0.0310987397716               
9720           0.0737931966481               
6273           0.0386710416988               
367            0.0155011793324               
8057           0.0221638495285               
8291           0.0937926015503               
8064           0.0201707396778               
7520           0.0258323668945               
10812          0.0745410506392               
1938           0.114725668143                
1522           0.0267712036645               
3337           0.0368953479252               
11060          0.0475445485744               
7936           0.0443288622755               
6176           0.0562532179856               
9313           0.0204462644319               
8293           0.0219137399581               
8595           0.0587497686289               
9522           0.0629967567492               
1531           0.0460215227964               
3784           0.0310987397716               
214            0.0363511789042               
11292          0.0519668182231               
10132          0.028970636064                
2887           0.0318458223965               
10181          0.0730603529267               
7740           0.165862974219                
116            0.076848727691                
11991          0.0594334984605               
6235           0.021014525156                
660            0.034915385072                
1503           0.0173241000785               
4279           0.057866035025                
11598          0.0214867484442               
12020          0.102673501975                
5127           0.0298267347074               
10092          0.0414657435548               
1332           0.0407118035131               
5455           0.0370816517281               
3884           0.0370816517281               
11064          0.0222270973004               
1974           0.0471476188032               
4182           0.0372705253196               
4417           0.038461982397                
4911           0.0285618559084               
5454           0.0431108938283               
3321           0.0243484705492               
230            0.0795261232071               
9625           0.0241282011622               
5795           0.0570358949074               
129            0.132042192249                
12127          0.0678280690144               
4982           0.0183354609391               
4986           0.0722085797475               
12129          0.0672095775094               
6853           0.0382560669634               
7099           0.0716556226321               
6964           0.067357381358                
8859           0.0164653159833               
7430           0.0434053808402               
4952           0.0222270973004               
280            0.0431108938283               
8911           0.0275107950624               
576            0.0460215227964               
446            0.0390989864737               
12223          0.0207843832969               
511            0.057866035025                
4267           0.0342149942767               
9693           0.0807879923378               
9330           0.0460215227964               
11719          0.0807879923378               
3661           0.0217903776977               
262            0.0317184436335               
8883           0.0643018503151               
509            0.0374620405854               
11837          0.0437063406097               
12224          0.0292854342563               
2338           0.0443288622755               
10694          0.0562532179856               
7198           0.022612844451                
201            0.0306224093693               
11029          0.0170173614027               
6892           0.0523139533388               
11197          0.070647426455                
10564          0.0232126389443               
10866          0.0228761817646               
3427           0.0376421668046               
9889           0.0456658373885               
11155          0.0749240811707               
9278           0.00662558203706              
7436           0.0382560669634               
5801           0.0570358949074               
2812           0.0256683754939               
7207           0.0781979729475               
2888           0.0351597218269               
5350           0.0425402646672               
664            0.0761064044827               
11112          0.0431108938283               
1091           0.0587497686289               
8675           0.0256683754939               
9781           0.0431108938283               
2925           0.0325011205552               
1743           0.0523139533388               
6913           0.0456197422698               
7154           0.0163410205615               
7877           0.0995680854124               
2745           0.0345227177501               
3946           0.0745410506392               
7162           0.0629967567492               
11724          0.0681273751256               
9546           0.0166750156143               
6329           0.0197940879233               
1794           0.0469757735408               
10558          0.24187344346                 
2065           0.0884981807479               
10998          0.0109271148035               
10728          0.106382593845                
8399           0.101402272599                
