148
3384           0.051672616587                
1186           0.100315948009                
4809           0.0290462449304               
457            0.0966107108366               
7454           0.0183682681171               
6850           0.138755883405                
4802           0.0441793693501               
5787           0.0216263070594               
11728          0.0546018983726               
3504           0.058214499908                
2021           0.0924494363551               
10149          0.0693779417026               
3872           0.0634553797432               
4016           0.108918208036                
6216           0.0720571705826               
6200           0.0584765840401               
105            0.0579553441515               
2659           0.0426646699082               
10975          0.0612744535823               
10464          0.0740323377275               
1053           0.0587416634842               
4333           0.0595555785357               
5183           0.136843392735                
10416          0.095284967217                
1981           0.0541600907496               
4237           0.0685494893903               
5827           0.0690779515112               
4428           0.026322596888                
9524           0.124995201612                
7555           0.0512827889418               
2032           0.0819398567975               
11150          0.0628110550078               
973            0.0826762424212               
2632           0.0559801770066               
5241           0.0798613745646               
2246           0.0723858630557               
2626           0.0877930195206               
11588          0.104689405583                
3642           0.0409934509271               
7179           0.1302982785                  
9310           0.00943623302366              
2278           0.0631309800649               
3651           0.051672616587                
2644           0.0730237353918               
26             0.0543799426223               
10620          0.0947567723344               
2151           0.0711292788943               
7237           0.0135317898148               
2687           0.0453466193557               
10138          0.0917095656878               
5407           0.158566892683                
1430           0.0592810877711               
1164           0.122609244719                
873            0.0408697482397               
5598           0.249990403224                
4529           0.0403814312792               
11927          0.157417487443                
9517           0.0472156191911               
12223          0.105617386097                
4043           0.0917095656878               
5684           0.110104570637                
2130           0.111361960793                
9278           0.0112227955982               
29             0.0571948104789               
8291           0.015887135499                
2353           0.022672011504                
6396           0.11409384395                 
7520           0.043756363117                
2763           0.125635051726                
1602           0.0414949666582               
3614           0.0895995481694               
11936          0.0673597825178               
11918          0.0761661943472               
579            0.0837567011509               
7571           0.0595555785357               
9313           0.0346330699978               
11029          0.057649989865                
3012           0.0812261328258               
3465           0.0805337172606               
3784           0.105353702623                
11862          0.0297229470285               
10545          0.0496053691322               
2373           0.0940309213326               
8258           0.0693779417026               
9845           0.0940309213326               
11598          0.0727910044765               
155            0.146247831102                
5604           0.0971018115703               
2563           0.162324824678                
4504           0.11409384395                 
4029           0.0254179730822               
7919           0.0189842891795               
6138           0.0579553441515               
63             0.130170837526                
6163           0.0449019885085               
4743           0.0720571705826               
7166           0.0537265416986               
80             0.0503359554812               
8995           0.175331157093                
8190           0.035595623011                
5292           0.0447556523833               
12129          0.028460871302                
236            0.0425317514991               
8859           0.0557798166885               
7596           0.0735225545934               
8347           0.0557447008835               
8528           0.0618769341806               
9309           0.0142253557432               
8352           0.0555115913946               
11062          0.0546018983726               
2444           0.0510903048586               
11890          0.0310576684687               
3661           0.0369098070994               
7198           0.0383029490463               
5752           0.0773514471583               
3142           0.0524724958143               
2920           0.0641181162271               
10866          0.15499602032                 
5927           0.0579553441515               
367            0.0262567976981               
10987          0.0906305711921               
8865           0.0698035352746               
8463           0.0725354184312               
8299           0.0798613745646               
3581           0.0740323377275               
2156           0.0669763986006               
940            0.0919060763657               
3589           0.147745584793                
103            0.0485509057852               
1093           0.068960016902                
3319           0.0618769341806               
6904           0.0533009481266               
8066           0.0503359554812               
7986           0.111361960793                
7154           0.0276793695409               
1739           0.0402609416633               
1678           0.0468934723611               
10756          0.0785724763838               
10118          0.18568242892                 
6329           0.0335283755561               
9237           0.0397851465401               
5277           0.0877930195206               
11292          0.0440122071952               
7372           0.146247831102                
2825           0.0546018983726               
10998          0.0185089815855               
3130           0.0886124120073               
3767           0.146247831102                
