203
1186           0.0239916376281               
5683           0.019076186048                
8067           0.0799002310778               
4326           0.0642860861305               
8619           0.0666119241803               
7454           0.026357812966                
1326           0.0359825532868               
9934           0.0568303157744               
4387           0.0257521275847               
4006           0.0270128827972               
2021           0.0221102767803               
4327           0.095035021877                
10242          0.0457641616927               
11073          0.0546660462384               
2638           0.0274026295621               
4529           0.0289729604928               
3654           0.0572991193444               
12243          0.0846769798486               
6287           0.0503938618527               
11152          0.0840824615893               
6383           0.0365194200446               
2787           0.0683652734261               
3258           0.0299547770266               
12107          0.0480543776963               
8997           0.0256098923068               
8865           0.0500827981007               
2852           0.0314949669383               
1099           0.0572991193444               
2548           0.027727671018                
5290           0.0410362617645               
5964           0.131599972528                
4633           0.036383570913                
4014           0.0387026455299               
1102           0.0383944621632               
8790           0.0365194200446               
8265           0.0896818394837               
10786          0.0452953581226               
9757           0.053873447576                
2031           0.0642860861305               
10692          0.0299690571873               
9972           0.0276409356802               
5787           0.0155164916198               
1196           0.0503938618527               
1113           0.0542650286122               
9633           0.0255392279705               
7171           0.0519355724678               
9405           0.116588871427                
12161          0.0693164709518               
3688           0.0477837794382               
926            0.0572991193444               
2298           0.0577815133                  
4921           0.0818883742934               
236            0.061031554199                
8173           0.0308035322726               
11148          0.0995548845274               
2133           0.039016644019                
3480           0.0840824615893               
9310           0.0541626382097               
2697           0.0563743577674               
5093           0.0405079181446               
10285          0.0103756766598               
3999           0.0765607845086               
6052           0.0287149487168               
4862           0.05879039347                 
2146           0.0347115979966               
8441           0.0314949669383               
11041          0.0228735094462               
3883           0.0933952664252               
10051          0.0799002310778               
6066           0.0554982909617               
1438           0.0523932345517               
5452           0.0577815133                  
4134           0.0457641616927               
11927          0.0376480847763               
1342           0.05169974145                 
873            0.0586466384966               
960            0.0219959022668               
1801           0.0896818394837               
1466           0.05169974145                 
2881           0.0357204781665               
10614          0.0412161708271               
6759           0.0903032062984               
8804           0.0326431067175               
8795           0.0377947062199               
5508           0.0494775886341               
9278           0.00644172538092              
7624           0.0305157770995               
9032           0.0896818394837               
119            0.0621927016911               
825            0.24558092632                 
2019           0.0683652734261               
1888           0.0896818394837               
3034           0.0933952664252               
1602           0.0297719023709               
3404           0.0542650286122               
579            0.120187894118                
10613          0.0396629942388               
3345           0.0866477487515               
9313           0.19878890609                 
12082          0.04439560245                 
6309           0.0799002310778               
8461           0.0799002310778               
3740           0.0272456338109               
6151           0.0751127910998               
10236          0.0657999862639               
11292          0.0631559555902               
1158           0.0372158156363               
10717          0.0337604004709               
1617           0.0703253511217               
11862          0.042651374293                
5293           0.142552532816                
1164           0.0293233192483               
7453           0.0366562616886               
6235           0.0255392279705               
1678           0.067290468864                
660            0.0424331252985               
4078           0.0520428757963               
1503           0.0210542059839               
11162          0.0554982909617               
11598          0.0261131271246               
10545          0.0355909722506               
6806           0.0554982909617               
4753           0.0834051709727               
752            0.0725475039376               
7919           0.0136208906658               
5046           0.0563743577674               
3919           0.0542650286122               
5957           0.0503938618527               
1341           0.0413980461478               
4461           0.179363678967                
4911           0.0347115979966               
1730           0.252247384768                
12108          0.038858904201                
9625           0.0293233192483               
2340           0.063577833448                
12128          0.0650258268568               
4982           0.0222833260991               
5292           0.128445546109                
12129          0.0204201702045               
8213           0.0554982909617               
2477           0.0866477487515               
1190           0.049183042428                
7183           0.0299547770266               
2711           0.0765607845086               
230            0.0322163801009               
12223          0.0505190671028               
9748           0.0737807662871               
1886           0.0355909722506               
11890          0.0445666521982               
5232           0.0437513377526               
3809           0.0554982909617               
11458          0.0177883615965               
11075          0.078146881832                
12224          0.0355909722506               
4742           0.0448394001157               
3661           0.0264821317376               
10292          0.0366563872885               
9744           0.0866595339934               
4969           0.25173546932                 
1213           0.0503938618527               
11197          0.0429293718599               
9644           0.0546660462384               
10564          0.0282106244797               
7048           0.0765607845086               
9752           0.0657999862639               
7953           0.0483294488549               
6395           0.0229941000188               
6612           0.123648512481                
12157          0.0796571638708               
367            0.0188387864985               
4029           0.0182369447192               
4047           0.0799002310778               
4951           0.0818603087734               
2812           0.0311951133087               
9154           0.0616177557524               
3629           0.0622458086353               
5096           0.0981827064032               
5926           0.0896818394837               
3259           0.0586466384966               
4654           0.0314949669383               
2925           0.0394990379746               
3951           0.0582783091832               
6648           0.0269360169506               
11971          0.0725475039376               
10248          0.0666088849279               
9772           0.0403354665889               
5755           0.0475175109385               
6236           0.0469974240422               
12041          0.0353349452592               
373            0.0510339956264               
1909           0.0294120737317               
5999           0.0288865113311               
10157          0.0448394001157               
3702           0.0295013041128               
2065           0.0358509998254               
1515           0.0255392279705               
6610           0.0462465556483               
9622           0.0593187370899               
6063           0.0246468965345               
4108           0.0799002310778               
4367           0.29454811921                 
10728          0.0323220403047               
3130           0.063577833448                
