153
3384           0.0544389082628               
1186           0.105686358688                
4809           0.030601234611                
7454           0.019351612692                
7004           0.0504365691753               
6933           0.0341220657892               
5787           0.0683522118966               
5200           0.0769330584471               
10111          0.127231624007                
4006           0.0396651153311               
2021           0.0324662378716               
2805           0.0548566261186               
85             0.0518850464589               
1102           0.0563775729236               
4574           0.0599953835965               
8790           0.160872908541                
510            0.15708960144                 
2659           0.0449487214816               
4169           0.0808737906961               
3274           0.0524511543914               
9595           0.0500874789596               
1053           0.123772792664                
3661           0.0388857722988               
9087           0.0722192838463               
4333           0.0627438842968               
10385          0.0446694510189               
7154           0.0291611835966               
3068           0.0796815591473               
8294           0.0538254224969               
8919           0.0540282112086               
2971           0.0655131726626               
8926           0.0648700855612               
7128           0.0636325603952               
7555           0.0540282112086               
7430           0.0774585819167               
9539           0.0459520958468               
9406           0.0610579814221               
9972           0.0405873341932               
7171           0.0762610376384               
9405           0.0427991253858               
9365           0.0933562743061               
7828           0.0502614006867               
7949           0.0682694320229               
6715           0.0923587521501               
8956           0.0448086872903               
7179           0.068636896083                
4677           0.0494039127221               
8173           0.0904624411521               
9310           0.0894726127814               
7233           0.0705619776976               
2686           0.0538254224969               
10285          0.0457062374022               
10620          0.0499147863715               
5162           0.0506130024292               
6042           0.0315565054173               
8753           0.0630365332977               
8097           0.0978114655466               
5407           0.0334111531191               
8218           0.0293088329855               
11927          0.0552816089958               
864            0.0841367503878               
10330          0.0509697372248               
3474           0.07854480072                 
960            0.032298292884                
11869          0.058728991446                
6759           0.0994494123271               
8420           0.0774585819167               
9278           0.0283766581394               
29             0.0602567326066               
10948          0.0572911709003               
103            0.0511500767852               
119            0.136983566536                
10924          0.076902689731                
993            0.369435008601                
1938           0.0682441315784               
2763           0.0441203065716               
8121           0.0858561500456               
188            0.0690099704978               
7571           0.0627438842968               
9313           0.0364871501581               
11711          0.0726517889337               
3704           0.0779956562727               
11458          0.0522400677909               
8539           0.0697736545103               
532            0.173276231024                
10545          0.0522609907896               
10279          0.046998440995                
660            0.0623078559018               
11598          0.0383439341453               
5205           0.0322147512658               
6265           0.0516992212325               
10718          0.0524511543914               
2262           0.103264178943                
2687           0.0477742489966               
10407          0.154077203495                
7532           0.0814924541078               
4029           0.0267787233596               
7919           0.0400012248398               
2246           0.0381305188192               
7911           0.158213140554                
10865          0.115050018087                
11872          0.0863265040925               
7805           0.0871023120941               
1612           0.0456611888454               
2084           0.0554969046573               
10762          0.0682694320229               
8190           0.0375012334123               
11591          0.0309947358601               
236            0.0448086872903               
7183           0.0879698545613               
6153           0.0821271884833               
280            0.0769330584471               
6620           0.0453737043588               
12223          0.111271609074                
7710           0.0848450869259               
9309           0.0149869096527               
9505           0.0584834024491               
12218          0.0156129703572               
2628           0.103264178943                
2676           0.0735404650321               
4852           0.0811746683864               
509            0.066852461222                
10512          0.101782761776                
2174           0.0814924541078               
7198           0.0807069920995               
9744           0.169665238925                
10564          0.0414238525354               
10866          0.0816468633546               
5309           0.0879035609096               
9546           0.0595144213882               
7953           0.0709658860591               
6612           0.0605209070662               
11011          0.0713765831133               
10940          0.144169298858                
4203           0.0616071258695               
159            0.0627438842968               
7942           0.10484123576                 
11967          0.0258614505353               
8291           0.0334753054563               
10109          0.0682694320229               
6346           0.0796815591473               
8              0.0759147486255               
6105           0.0648700855612               
3427           0.0335869517156               
1966           0.0904781398827               
6542           0.0855745709335               
6655           0.0827788510891               
1909           0.0431880338523               
5927           0.122115962844                
11914          0.129740171122                
11292          0.115920997822                
2825           0.0575250090437               
9012           0.0749371822889               
