24
4753           0.115151027176                
8184           0.371450204412                
579            0.12445055235                 
11778          0.199034815978                
11062          0.162261319236                
9313           0.205839276456                
3740           0.112847777283                
4921           0.0847926780533               
2021           0.183155628317                
11148          0.206171519345                
7166           0.159660008056                
1466           0.2141334259                  
7344           0.192568211421                
11977          0.2141334259                  
5292           0.133001075337                
12157          0.329929336564                
4969           0.173775783509                
8859           0.0828808788009               
11598          0.108157085806                
1154           0.196811185552                
8836           0.18479360543                 
6759           0.0935059556978               
8952           0.434606977363                
29             0.169966716879                
