145
1186           0.0643694064768               
2207           0.0818481308557               
2660           0.0717578257065               
7454           0.0707178393968               
4633           0.0488084411219               
9634           0.120307893709                
1631           0.0943412280176               
9684           0.0826600173714               
4387           0.0345463947446               
2021           0.0889825914833               
4809           0.0279570135705               
11316          0.125289443779                
4529           0.0777342630673               
4148           0.090504770928                
2430           0.0470634580051               
2659           0.0410647489361               
10865          0.0525543324941               
4734           0.0852894551753               
2548           0.037196579785                
8379           0.0527700290388               
5827           0.033243767524                
4428           0.0253355020648               
8911           0.0224259549562               
8790           0.0489906822865               
8692           0.0768665807857               
10139          0.0667762756364               
6264           0.0887562785482               
1401           0.125289443779                
9539           0.0419814227599               
10692          0.0402033919842               
9130           0.0598522471546               
4177           0.0756260161613               
3577           0.15623765954                 
2634           0.240615787417                
7171           0.0348357001157               
8971           0.0810647375395               
2246           0.0348357001157               
5370           0.0360319372622               
2795           0.0750306630474               
3642           0.0394562005043               
8956           0.122810444864                
6973           0.263423557634                
10538          0.0543412394142               
2686           0.0491744233954               
9639           0.109815335898                
10285          0.0139189362298               
12109          0.0411934202935               
5162           0.046239585224                
10480          0.0738855700669               
2687           0.0436461255402               
77             0.0451349717083               
5407           0.0610482598517               
6058           0.0486276756103               
8218           0.0267762870331               
6940           0.131711778817                
11927          0.0505047823246               
3474           0.0717578257065               
9879           0.157734240274                
9              0.131711778817                
8165           0.0698153472948               
1164           0.0393371366557               
9517           0.0908900761272               
6759           0.0302853638135               
10923          0.0419814227599               
9278           0.0302454371935               
873            0.0393371366557               
133            0.0750306630474               
8291           0.0152913694629               
2353           0.0218218132777               
1722           0.045289466572                
2053           0.0768665807857               
960            0.0295074307929               
7520           0.0421155037558               
7429           0.100763563056                
8121           0.0392187044485               
1602           0.0399389094443               
11788          0.0436461255402               
9313           0.100002999724                
454            0.0570580527453               
1531           0.0750306630474               
10581          0.15623765954                 
441            0.0423861060835               
6848           0.0437906206641               
11055          0.146668643689                
11458          0.0238630287751               
2561           0.174010238608                
10146          0.0717578257065               
11862          0.0286083394058               
6646           0.0655906296589               
8524           0.0364453642385               
6197           0.0720638745243               
11029          0.027744060426                
6491           0.0570580527453               
11961          0.112796346617                
660            0.0284619492504               
11598          0.0350306744441               
3350           0.0727963580135               
10816          0.0517118016103               
1154           0.0637445851713               
8901           0.0818481308557               
7919           0.0182723801817               
5830           0.0435025596519               
4911           0.0465654949349               
644            0.140763551659                
11278          0.0882704658941               
9627           0.0376234246166               
12129          0.0273935913962               
6695           0.140763551659                
8859           0.0536880789877               
6048           0.0652090063712               
12223          0.203313488782                
2258           0.0400612353323               
9309           0.0136919062864               
1375           0.0989766561358               
2009           0.0663740229752               
6785           0.0750306630474               
11062          0.0525543324941               
506            0.120307893709                
3661           0.035525692923                
9744           0.155004641066                
3702           0.0395759027681               
5015           0.0592647285447               
2361           0.0641017834909               
10543          0.0548112445362               
938            0.0435025596519               
3913           0.112796346617                
2816           0.114644500266                
1603           0.0893596779475               
8463           0.0698153472948               
2888           0.171966750399                
3589           0.0474017132444               
10998          0.0178148965762               
2963           0.0756260161613               
12051          0.0454450380636               
9310           0.00908237520303              
8064           0.0657702692228               
10429          0.0781801607448               
10769          0.0722710533371               
3098           0.0368665921823               
3077           0.0550500106486               
11292          0.21180876853                 
2825           0.105108664988                
2811           0.0633930122565               
367            0.0252721703381               
9588           0.0482704772907               
