251
7520           0.0933258063798               
1186           0.017829914847                
4809           0.0154878287256               
3948           0.0779812111691               
1576           0.0515140647639               
7454           0.107736146408                
5268           0.0580765794408               
11113          0.0336622447709               
2812           0.0463666734684               
5787           0.0115314230981               
5021           0.0359170962417               
478            0.0214676482383               
4387           0.0382765236023               
5093           0.0301043531227               
7856           0.046744405995                
2021           0.0821587001161               
4911           0.0257966899166               
5415           0.0771182565988               
2805           0.027763913469                
8336           0.0363363717515               
6714           0.0260725551024               
3815           0.0643941862524               
3842           0.0593796196182               
6200           0.0311804613725               
2660           0.0397529196549               
2250           0.138817505773                
6453           0.05582172797                 
6287           0.0374513103096               
8369           0.0758540796944               
2659           0.0227493468348               
4169           0.040931662876                
9590           0.0367703616509               
11846          0.0425831047699               
3258           0.0222615534598               
280            0.0389371882444               
4480           0.0444895545242               
12218          0.00790200179381              
4094           0.118759239236                
11918          0.0203063937448               
9301           0.0369932044916               
10385          0.02260800309                 
4878           0.0568978362198               
7154           0.029517986625                
507            0.0357126710412               
3068           0.0403282532991               
9481           0.0694087528866               
3719           0.0522638363218               
8294           0.0544840059762               
170            0.0449088300339               
8919           0.0273446379593               
8019           0.0608362946042               
8790           0.21712170207                 
8926           0.0328319032665               
6603           0.0341885983785               
6145           0.0141768885524               
4686           0.148618931932                
9539           0.0465143448688               
9598           0.0367703616509               
2880           0.0312937954201               
9823           0.0624877364982               
10692          0.0222721660762               
9972           0.0410839424226               
7207           0.0353136866649               
6422           0.0311804613725               
6599           0.059447572773                
8306           0.0363363717515               
4245           0.0522638363218               
2632           0.0298493452624               
7171           0.0578955998535               
2246           0.0192985332845               
9365           0.0472492696875               
9534           0.0227493468348               
7949           0.0345523729288               
9505           0.0295994894302               
7821           0.0320538201135               
7179           0.0347383530207               
9583           0.0361249573204               
993            0.18697762398                 
8173           0.297600220417                
1003           0.02947642928                 
10495          0.0412447794244               
9310           0.0855358391763               
3589           0.0262599441881               
3651           0.0275524990379               
12288          0.101614322672                
7918           0.107359097067                
2686           0.0272420029881               
6266           0.128788372505                
10183          0.0220582484479               
10285          0.0154218260706               
6947           0.0425831047699               
10620          0.0252627605396               
6153           0.0415660297733               
6042           0.015971308259                
8753           0.0319039098774               
6029           0.0779812111691               
341            0.0990082423168               
1139           0.046744405995                
5407           0.101459870546                
9243           0.018022408119                
9904           0.0779812111691               
6648           0.0200180953044               
9891           0.0320538201135               
11714          0.0779812111691               
10537          0.0508071613358               
10087          0.0483253779374               
2897           0.0865536694515               
8694           0.0591989788603               
873            0.0217922716795               
960            0.0653869603201               
3669           0.0457925947015               
614            0.02127688698                 
10266          0.0501384880557               
115            0.033835218822                
8411           0.0307658713877               
4574           0.030364729962                
109            0.0347383530207               
7166           0.0286476781367               
6759           0.0335554100906               
8804           0.0727783349521               
11914          0.131327613066                
2249           0.0462593460586               
9278           0.0275270344836               
10265          0.0264502162957               
8291           0.00847122353122              
2353           0.0241780121237               
119            0.254209331537                
10924          0.0194609090487               
8064           0.0182179448886               
7559           0.0392031650128               
2687           0.0725381895884               
6394           0.021151328104                
10621          0.046744405995                
12036          0.0624877364982               
2763           0.0446601426501               
2579           0.0292339226267               
1653           0.0643941862524               
1456           0.0666490377233               
5320           0.0307658713877               
3802           0.0355115699753               
9313           0.0184667951968               
8950           0.0367703616509               
3784           0.0561759396349               
214            0.0328319032665               
3704           0.0789499757799               
11292          0.0938714836987               
1158           0.138288772539                
11664          0.0514121710659               
1529           0.0489007115815               
4557           0.0508071613358               
10455          0.0602087062453               
11862          0.0158486549259               
532            0.0219245450586               
3121           0.0392031650128               
8524           0.0403805333314               
10545          0.0264502162957               
6235           0.0189800407555               
660            0.0630702265925               
201            0.0829732635232               
1503           0.0312937954201               
1938           0.0172697839621               
527            0.0624877364982               
1874           0.0415660297733               
452            0.0457925947015               
4029           0.0271063756841               
8287           0.0844694061066               
1466           0.0384218035448               
4294           0.0328319032665               
12074          0.0729666445349               
10865          0.0291144294938               
6228           0.05582172797                 
7669           0.133298075447                
2089           0.230955000436                
4854           0.0406262783959               
2648           0.0319039098774               
4043           0.0489007115815               
80             0.0268397742668               
12075          0.0643941862524               
6242           0.0197921996534               
8422           0.0895480357872               
7998           0.173107338903                
4694           0.0568978362198               
3994           0.0397529196549               
11591          0.0784349335079               
8859           0.0148712552911               
7430           0.0392031650128               
11788          0.0725381895884               
6620           0.0459288764448               
12223          0.0375443593537               
8987           0.030364729962                
7710           0.0858832129629               
8121           0.0434533234964               
9309           0.00758514134404              
8212           0.046744405995                
941            0.0440840282577               
2009           0.0735407233017               
8956           0.0453569460834               
9890           0.064718409187                
4852           0.0205419712113               
11176          0.0624877364982               
3658           0.0800744824247               
3634           0.0489007115815               
11890          0.0165603454426               
3661           0.0393615609879               
9554           0.0260725551024               
9744           0.0429352964767               
3702           0.0219245450586               
2436           0.0289960798533               
3142           0.0559580097132               
10564          0.104826740061                
10866          0.0206614643443               
5309           0.0889791090483               
9546           0.13554587898                 
8131           0.0203063937448               
938            0.0240998628595               
12157          0.0295994894302               
2816           0.0317557950166               
3047           0.0462593460586               
9153           0.0361249573204               
159            0.0317557950166               
5383           0.0546892759186               
7237           0.0216459694019               
8299           0.0425831047699               
2133           0.0289960798533               
2162           0.0392031650128               
8044           0.0643941862524               
6058           0.0269391116928               
4743           0.0384218035448               
3259           0.0217922716795               
6346           0.0403282532991               
12051          0.0251759711094               
6904           0.0284207462091               
8594           0.0307658713877               
6028           0.0624877364982               
10140          0.0548318043411               
6019           0.0260725551024               
10416          0.0508071613358               
8721           0.0251759711094               
3098           0.0408472431417               
5405           0.0429416064814               
1909           0.0218582315322               
2019           0.0508071613358               
10943          0.0288788520272               
4428           0.0140355448076               
2065           0.026643461525                
2825           0.0291144294938               
9588           0.0267412283824               
6063           0.0183168849607               
7547           0.0261658947383               
9014           0.0522638363218               
5827           0.0184166229453               
