76
7520           0.0714528068233               
1895           0.124418389073                
1653           0.197207847618                
7454           0.0299948217804               
3404           0.123505684195                
9441           0.0929922930592               
1353           0.0850272662071               
1326           0.081895282771                
9313           0.0565547473321               
3740           0.06201029892                 
2021           0.0503223702508               
3704           0.120892550237                
11458          0.0809716248523               
4524           0.0891632352116               
8827           0.153549627501                
6714           0.0798474640781               
7945           0.186311768409                
6491           0.0968042088293               
10427          0.140240285086                
660            0.0965766038747               
11164          0.131509104786                
3274           0.0812988071426               
10972          0.0609581362728               
8997           0.0582873971029               
4029           0.124520325121                
2548           0.0315537010465               
7154           0.0451995665068               
1335           0.110633047687                
5827           0.0564010943035               
8370           0.130411189663                
478            0.065744890166                
11700          0.144701366985                
7344           0.10581699206                 
5292           0.0730846157266               
9539           0.0712253261418               
3910           0.265071489358                
8844           0.212565008725                
133            0.254592774368                
7171           0.0591019536499               
2009           0.112609604986                
11837          0.120892550237                
12224          0.0810040553079               
9744           0.065744890166                
8480           0.129344205877                
8173           0.070107976099                
10564          0.0642065906356               
10866          0.0632759438251               
2491           0.18185068651                 
9546           0.0922468060576               
8720           0.161423159144                
6395           0.0523339271701               
6612           0.0938068496062               
9278           0.00366529660499              
6639           0.0634602528                  
10285          0.0472294985418               
2812           0.0709992035621               
2687           0.0740496467737               
11041          0.0520594664067               
2438           0.125353632136                
5407           0.0517869801982               
4327           0.108148523088                
12051          0.0771016665185               
9310           0.0154090808136               
2059           0.0537368808779               
115            0.207241400688                
4479           0.0918023914442               
10769          0.122614456732                
7166           0.175467608906                
7170           0.265071489358                
8804           0.0742947959765               
4491           0.133805287776                
3702           0.0671441413058               
1794           0.0649679312371               
2065           0.0815958707801               
10930          0.174250199716                
119            0.070774422964                
