339
12043          0.0504728007618               
6055           0.0743944307199               
1186           0.054536413451                
7646           0.0743944307199               
1576           0.052522074252                
8569           0.0481738271335               
2298           0.0437818730565               
5699           0.0743944307199               
978            0.0637104750176               
3855           0.0427156513295               
4054           0.056914028329                
50             0.0408206761675               
6714           0.0797482016592               
2765           0.0437818730565               
3624           0.0344972947378               
8304           0.0411173826786               
1445           0.0303054112075               
1448           0.0315072196702               
10975          0.0333116418762               
6650           0.0743944307199               
6052           0.0652731730829               
12153          0.0471645330198               
3064           0.0621875164106               
7004           0.0260263445892               
9087           0.0745333791774               
10405          0.0707669194725               
4333           0.0323771814831               
10385          0.0461007774256               
8934           0.056914028329                
12152          0.0366199096183               
4428           0.0286203750347               
7440           0.0336391783413               
11222          0.0532865170816               
11177          0.0280916368555               
132            0.0284163615367               
6108           0.0294439434635               
4600           0.0445463158862               
6181           0.0305627557503               
771            0.0420518430717               
2081           0.0420518430717               
4271           0.0707669194725               
7209           0.0379484472373               
3280           0.0679532031528               
10781          0.0605415395763               
5829           0.0532865170816               
770            0.0518013383809               
4387           0.0195127527206               
9534           0.0231944982233               
2323           0.041421239428                
7821           0.0326810382325               
3718           0.0284163615367               
1951           0.0181788044837               
557            0.0531654677728               
1003           0.0300532139023               
9310           0.0307798500126               
9047           0.0391736281718               
7386           0.0384243318243               
11700          0.0481738271335               
2640           0.0712212310091               
10183          0.022489876661                
10285          0.0393089876373               
11824          0.0518013383809               
10066          0.124053436554                
5162           0.0261173879084               
3730           0.0350416718611               
3649           0.0399702790519               
341            0.0504728007618               
6059           0.0559047342152               
7394           0.0498575838741               
4549           0.0679532031528               
7079           0.036831838051                
1093           0.0374898714312               
3668           0.0437818730565               
5591           0.0596119239247               
6102           0.0283071881714               
3669           0.0466886484328               
9741           0.0743944307199               
8411           0.0313678873694               
4574           0.0309588965463               
864            0.0434163563069               
6759           0.0171060054027               
8804           0.123670727267                
7671           0.0476590844421               
9786           0.0559047342152               
4041           0.0220190693622               
247            0.0391736281718               
2079           0.0329923983709               
1417           0.0637104750176               
10474          0.0423793795368               
6396           0.0620267182771               
9864           0.0399702790519               
1895           0.041421239428                
8121           0.0664554047608               
9628           0.0481738271335               
8262           0.052522074252                
579            0.0227670184747               
5320           0.0313678873694               
1353           0.0283071881714               
326            0.0641609499442               
10585          0.0377170747839               
11226          0.0943290660396               
11292          0.119635410726                
9570           0.0518013383809               
10545          0.026967785024                
8461           0.0605415395763               
3122           0.0384243318243               
5361           0.0689945894756               
881            0.0408206761675               
2848           0.056914028329                
3932           0.0559047342152               
5455           0.0341470098543               
175            0.0637104750176               
8287           0.0430611371854               
5119           0.0462300726267               
8838           0.0296841306289               
10865          0.0296841306289               
11898          0.0656542295244               
11689          0.0541003120092               
7166           0.0584164920837               
1612           0.023562146567                
2874           0.0457875905623               
129            0.0810615822074               
4986           0.0332469964159               
9627           0.042501487433                
12129          0.0154726529062               
7099           0.0329923983709               
245            0.0580111934946               
12148          0.0462300726267               
5186           0.0637104750176               
6              0.0420518430717               
12223          0.0956975361368               
7421           0.0402474208656               
2258           0.0452553723479               
4184           0.0605415395763               
4190           0.056914028329                
3439           0.0476590844421               
5748           0.0492709922992               
8258           0.0377170747839               
69             0.027466246958                
3502           0.0504728007618               
4852           0.0209439294334               
5223           0.0620267182771               
2444           0.0833251953775               
11890          0.0168843925821               
509            0.0344972947378               
1774           0.0637104750176               
11730          0.051871907832                
10866          0.126394564601                
2837           0.0305627557503               
9546           0.0767767744915               
8131           0.0207037422681               
11155          0.0344972947378               
2063           0.0476590844421               
9278           0.0207441938405               
4316           0.0281989519281               
8173           0.0233402737766               
2109           0.041421239428                
4084           0.0372666895887               
7721           0.0399702790519               
9862           0.0511195807322               
7465           0.0394336259381               
3589           0.0267737897373               
3076           0.0743944307199               
4654           0.0238641836404               
2925           0.029928981913                
774            0.0420518430717               
2353           0.0123255595714               
2338           0.0408206761675               
11952          0.0338061932985               
697            0.0183750643977               
1794           0.0216290554392               
3604           0.0834651991328               
2065           0.0543296232189               
330            0.0265827338864               
7547           0.0266778999602               
6063           0.0186753034609               
4809           0.0157908892271               
5683           0.0433628910836               
5268           0.118426003915                
3289           0.0325281946045               
5787           0.0235141320322               
4786           0.0445463158862               
2021           0.0167532706562               
5443           0.105125015583                
2522           0.0284163615367               
4529           0.0658596706415               
10248          0.100940995754                
8134           0.0619177930926               
2579           0.0596119239247               
1349           0.0743944307199               
6192           0.0240955560938               
7453           0.0138874849785               
10202          0.038184144659                
11846          0.130249068921                
3274           0.0811977404858               
8686           0.033975450134                
12156          0.0394336259381               
8681           0.0399702790519               
8685           0.0605415395763               
11793          0.052522074252                
7154           0.0601911688544               
507            0.0728229685915               
4644           0.135906406306                
35             0.0707669194725               
2118           0.0453601108137               
12138          0.0378621638097               
8790           0.0276712831003               
6145           0.0144542970279               
2538           0.0316481087887               
8945           0.0434163563069               
8867           0.0466886484328               
588            0.0707669194725               
10692          0.0567699503898               
9819           0.0399702790519               
6599           0.0303054112075               
6654           0.0541003120092               
5348           0.0869306207654               
4375           0.0656542295244               
6056           0.170742084987                
2246           0.0196761603412               
4602           0.0707669194725               
5370           0.040703655883                
7949           0.0352284818693               
3688           0.0724128963068               
4677           0.0254934718516               
2278           0.03432093599                 
5273           0.0394336259381               
7518           0.0174229560732               
8892           0.0417325995664               
3708           0.0559047342152               
5984           0.0284163615367               
11458          0.0539139766215               
2112           0.0449466493489               
2687           0.0246525306382               
9406           0.0630144393404               
5317           0.027466246958                
150            0.0354181011556               
3090           0.0532865170816               
8244           0.087563746113                
4359           0.0284163615367               
10330          0.0263014706656               
873            0.0222186953508               
9672           0.0580111934946               
2764           0.0504728007618               
11554          0.0592130019573               
6008           0.0386691831084               
11217          0.0354181011556               
10466          0.03432093599                 
10923          0.0474245215589               
367            0.0142744160184               
8057           0.163278420024                
11310          0.0481738271335               
8291           0.00863698551747              
8324           0.0511195807322               
7520           0.0951519736362               
1602           0.0225585931522               
1240           0.0637104750176               
624            0.0394336259381               
11029          0.0156706074414               
11919          0.0377170747839               
7525           0.0453601108137               
7918           0.0273649657314               
2887           0.0293255440498               
5334           0.0338061932985               
11862          0.0161587759504               
533            0.0532865170816               
10586          0.0176077131503               
6235           0.0193514356601               
660            0.0321521815388               
10292          0.0277750651258               
7163           0.0391736281718               
8400           0.0637104750176               
2219           0.0592130019573               
11429          0.0605415395763               
11891          0.0216290554392               
11583          0.0620267182771               
4753           0.0210657607669               
4029           0.0829103517404               
10140          0.0559047342152               
6163           0.0244108086369               
3256           0.0637104750176               
4743           0.0391736281718               
9625           0.0222186953508               
8451           0.027264491535                
5792           0.0284163615367               
10762          0.0352284818693               
8190           0.0193514356601               
70             0.041421239428                
1063           0.0707669194725               
11591          0.0319878885158               
8372           0.0471645330198               
8741           0.0323771814831               
8550           0.038184144659                
6153           0.12713813861                 
9590           0.0374898714312               
10271          0.0707669194725               
3706           0.0289768735885               
9309           0.0154671295581               
8620           0.0420518430717               
1689           0.0861222743708               
10456          0.052522074252                
4971           0.147812976898                
9554           0.0265827338864               
10688          0.124053436554                
1762           0.0417325995664               
2920           0.0348575891038               
761            0.0679532031528               
3849           0.0391736281718               
1393           0.0234877543458               
8865           0.0379484472373               
2812           0.0236369802877               
949            0.0605415395763               
10595          0.0295634651634               
10273          0.0420518430717               
12084          0.0511195807322               
7346           0.0348575891038               
6849           0.0377170747839               
8313           0.0445463158862               
8675           0.0236369802877               
6486           0.0841036861434               
8064           0.0371488547271               
2206           0.0267737897373               
10018          0.0743944307199               
3328           0.0449466493489               
2792           0.0434163563069               
11204          0.140913927477                
8767           0.0466886484328               
3098           0.0208232639679               
3651           0.0280916368555               
5405           0.0437818730565               
1909           0.0222859458832               
3979           0.0592130019573               
3179           0.0356106155045               
9237           0.0216290554392               
5100           0.0985419845984               
8281           0.0743944307199               
7852           0.056914028329                
722            0.110495514153                
1515           0.0193514356601               
