314
184            0.168871162832                
1186           0.0366084184121               
303            0.0408103888413               
1401           0.142510196427                
11610          0.0749076334962               
5136           0.0444629241237               
85             0.0269584861331               
9546           0.0773064116356               
3704           0.0405250638011               
105            0.031724569174                
8457           0.119242954235                
9586           0.0349153652096               
9772           0.0307735899612               
1448           0.031724569174                
10882          0.0290618671421               
10865          0.059777807459                
10972          0.0204341157234               
6660           0.0661071388691               
9087           0.0375237702381               
10385          0.0232093995872               
4428           0.0144089049602               
2155           0.0624546035867               
478            0.0220387101053               
1102           0.146463588414                
4294           0.0337052661876               
11177          0.0282854242921               
7344           0.0354715021401               
7555           0.0280720338916               
12115          0.0596214771173               
1352           0.0343825696951               
3211           0.0573066442421               
11230          0.0182552826331               
2835           0.0373029571949               
9406           0.031724569174                
9972           0.0210884091025               
11965          0.0231374649475               
3889           0.0661071388691               
2414           0.0414010269614               
8296           0.0342098264868               
11930          0.0584113780954               
8956           0.0232817441132               
1951           0.018304209206                
3042           0.0354715021401               
178            0.0804920203028               
9310           0.0516536363789               
10383          0.0356624294967               
3651           0.0282854242921               
15             0.0420204878633               
10183          0.0226450208973               
10285          0.0237480941292               
10620          0.0518695527159               
5020           0.0335414390119               
5415           0.0263898942592               
77             0.0256693360985               
5738           0.0343825696951               
11652          0.0800555928408               
4297           0.019811894428                
8459           0.0573066442421               
11927          0.114893102444                
864            0.0437158598366               
5678           0.055349480933                
3946           0.0345576956434               
2055           0.0596214771173               
3198           0.0596214771173               
1164           0.0223719688691               
9517           0.0258456782382               
7166           0.0588194725976               
10856          0.0573066442421               
6759           0.034448019049                
8804           0.0249047715606               
5508           0.0377484916789               
9278           0.0196586312027               
5177           0.0370859189191               
2019           0.0521586848975               
7733           0.0456730231457               
8121           0.0223046136451               
9245           0.0712550982137               
9444           0.0332199932362               
7251           0.0373029571949               
5320           0.0315842757029               
8940           0.0624546035867               
2781           0.0402460101514               
11711          0.113245475037                
11238          0.024105990583                
1158           0.085180439002                
2561           0.0247409443849               
8086           0.0624546035867               
2789           0.0368725285187               
578            0.0292927176828               
10864          0.0496108834684               
11788          0.0248225937335               
7453           0.0139832864488               
6197           0.0204922230558               
11598          0.019922780984                
3350           0.0828020539227               
5127           0.0276557202029               
11282          0.0490465047785               
7919           0.0311758166971               
8838           0.0298889037295               
6138           0.031724569174                
5830           0.0247409443849               
4911           0.0264829088141               
10739          0.0712550982137               
6756           0.0426717295827               
11023          0.0641499755601               
6242           0.020318692838                
8966           0.0375237702381               
12129          0.031158779008                
236            0.0698452323396               
8859           0.0305336924309               
3917           0.0528843926952               
6620           0.0235753162664               
12223          0.0385430785292               
1886           0.0271538196775               
985            0.0562903876106               
1375           0.0562903876106               
8675           0.0476000754146               
5232           0.0333796988635               
2444           0.027966668723                
2094           0.0426717295827               
3661           0.101021549063                
509            0.034735270985                
5752           0.042341933639                
7436           0.0354715021401               
10564          0.0430460963368               
10866          0.0636332426328               
3070           0.0386893983566               
8720           0.0541115545203               
10543          0.0623449269924               
938            0.0494818887698               
6612           0.0314455155244               
12157          0.0303868667669               
8173           0.0705038531853               
12046          0.0661071388691               
10545          0.0271538196775               
3142           0.028723275611                
8136           0.0198672166504               
11967          0.0134371192322               
3629           0.0474898929836               
3878           0.0370859189191               
6677           0.0528843926952               
8291           0.00869656692569              
9781           0.0399729581232               
4654           0.0480576168006               
2925           0.0301354440965               
1551           0.047987856021                
3981           0.0408103888413               
3968           0.0426717295827               
665            0.0360531197056               
2911           0.0624546035867               
177            0.10576878539                 
10235          0.0411022736492               
10769          0.0411022736492               
5755           0.0362530676167               
1678           0.0256693360985               
697            0.0185018230001               
5456           0.0243403928707               
2065           0.0547044108636               
12169          0.0609591795245               
330            0.0267661123019               
10156          0.0375237702381               
8017           0.0394438636523               
3384           0.0282854242921               
4809           0.0158998211473               
5683           0.0145540085962               
2660           0.0816207776826               
12168          0.048506149615                
7454           0.0904925785393               
7004           0.0262058848071               
10081          0.0623449269924               
8958           0.0315842757029               
5787           0.04735268399                 
11728          0.059777807459                
11584          0.0800555928408               
3504           0.0318664302025               
2021           0.101213048829                
5970           0.047987856021                
5443           0.0352834034411               
4529           0.0442093314679               
4969           0.0640197884285               
2430           0.160596673812                
3251           0.0521586848975               
6287           0.0384475542833               
2525           0.0624546035867               
1053           0.128619991401                
8997           0.0195388423998               
9238           0.042341933639                
11778          0.0733253307884               
5290           0.0313082554853               
507            0.0366626653942               
3068           0.0828020539227               
5964           0.0502015215884               
10823          0.0596214771173               
10727          0.217894071091                
4014           0.0590556869513               
12138          0.0190616761401               
8790           0.0835865123015               
6145           0.0291080171924               
6264           0.0252389074223               
2032           0.0448536143326               
11150          0.0343825696951               
4080           0.0544735177727               
2028           0.0323017790221               
7476           0.0184521304515               
7171           0.039623788856                
3903           0.0596214771173               
11786          0.0430103211138               
2438           0.0420204878633               
4784           0.0358562718872               
12218          0.00811220329549              
4921           0.0468570119465               
2612           0.048506149615                
2245           0.0712550982137               
9941           0.0584113780954               
10532          0.0584113780954               
6848           0.0498095431212               
8444           0.0440838980681               
11458          0.0407144227263               
2146           0.0794487264422               
2687           0.0248225937335               
3942           0.0345576956434               
5407           0.0173598015137               
8218           0.0456849413198               
4106           0.093097972612                
873            0.0894878754766               
8842           0.0249874847519               
11882          0.0343825696951               
1574           0.034735270985                
1682           0.0324502769717               
11914          0.0674105323753               
9946           0.0470107255529               
8795           0.0288351391536               
5737           0.0414010269614               
11262          0.0227837810758               
29             0.0626165109706               
103            0.0265766098294               
119            0.166072814274                
8897           0.0405250638011               
6394           0.021713975525                
10621          0.047987856021                
6913           0.105747984176                
1602           0.0454284228451               
7672           0.0596214771173               
3963           0.0544735177727               
11918          0.0208465650293               
9441           0.0311724634962               
8631           0.0417069798371               
7468           0.0712550982137               
7571           0.0652010646687               
9313           0.11374818743                 
441            0.024105990583                
7518           0.0350862932971               
9896           0.047987856021                
532            0.0675232825748               
8524           0.0414546976972               
660            0.0647479604993               
2226           0.0456730231457               
10279          0.0244194986092               
8846           0.0596214771173               
10292          0.027966668723                
11056          0.0799459162464               
10288          0.0298889037295               
5517           0.0800555928408               
4029           0.027827433591                
8800           0.0448536143326               
7800           0.034735270985                
6169           0.0652010646687               
11992          0.027966668723                
10585          0.037977262372                
5292           0.073497300935                
11591          0.0644171077342               
6809           0.028723275611                
11054          0.0609591795245               
9309           0.00778691402678              
10427          0.0470107255529               
6887           0.048506149615                
2628           0.0536541089597               
2676           0.0382102309258               
12224          0.10861527871                 
9330           0.0426717295827               
9744           0.198348390948                
1420           0.0641499755601               
11197          0.0327525872051               
3863           0.0417069798371               
9067           0.0490465047785               
2920           0.0350980508068               
5927           0.126898276696                
2817           0.045256709457                
3965           0.0426717295827               
4734           0.048506149615                
2812           0.0238000377073               
940            0.0503090909021               
2995           0.0448536143326               
4327           0.10875920285                 
7412           0.0433581902704               
5670           0.0417069798371               
1315           0.048506149615                
8812           0.055349480933                
8912           0.046548986306                
4018           0.0661071388691               
6542           0.0444629241237               
2548           0.0105772915333               
10248          0.0254093318597               
11473          0.0584113780954               
10756          0.0430103211138               
5999           0.0220387101053               
6681           0.0448536143326               
3453           0.055349480933                
2750           0.0310381084863               
4686           0.0610289403042               
11292          0.132506774424                
10998          0.0101317570493               
9588           0.0274525729897               
3157           0.0624546035867               
