199
7519           0.0889301617209               
4809           0.0131767509831               
9790           0.022667751824                
7527           0.0185404514969               
2084           0.0238967120869               
10081          0.0258337364435               
3289           0.027143241528                
1326           0.0455018600247               
6233           0.0368480169513               
9671           0.0382075809842               
4006           0.0170796163644               
3248           0.220914661942                
2805           0.0236210110908               
2657           0.0497433340126               
10893          0.0235306930596               
402            0.0397692542037               
8134           0.0258337364435               
9208           0.106326762508                
578            0.0242759237949               
11086          0.0282096710562               
287            0.0547853525529               
7439           0.0239902414674               
956            0.0251826843104               
12156          0.0329054977129               
247            0.0326885418611               
8997           0.064770152674                
7568           0.043827189437                
3746           0.0189397075365               
7641           0.0547853525529               
2548           0.00876578015056              
7154           0.0125566716347               
912            0.0458700963075               
12078          0.0620786374996               
1533           0.0213459145653               
7237           0.0061386600978               
12138          0.0315941868141               
359            0.0663449357005               
3942           0.028639199512                
11177          0.0234411437019               
8938           0.0252884338038               
6145           0.0241228558864               
8141           0.0343105131599               
8190           0.0161478587552               
11230          0.0151288062397               
8918           0.0295547320047               
10692          0.00947436827466              
822            0.0401987826596               
4080           0.0451441542779               
1399           0.0620786374996               
11821          0.0253952569144               
8394           0.0474920676063               
10653          0.0350902762072               
6092           0.0736382206472               
2462           0.155275097421                
5089           0.0345640672608               
8943           0.0371717959138               
10425          0.019174845501                
12256          0.112516712237                
8970           0.0212007814226               
12218          0.0134457465601               
3558           0.0517583658071               
4921           0.0129440277454               
7971           0.0393565744081               
9310           0.0299650523325               
3796           0.0217937262334               
6040           0.0190566196951               
4391           0.0356441928352               
6734           0.0620786374996               
3633           0.034062925595                
8321           0.310550194843                
10285          0.00656029858794              
5162           0.0217937262334               
7412           0.0359324844587               
9243           0.0153331230677               
8218           0.0252404975658               
9278           0.00305471464459              
6680           0.0273998880569               
614            0.0181019719677               
8191           0.0259462721262               
6911           0.220914661942                
10957          0.199034807102                
7589           0.0637257292402               
2704           0.0663449357005               
1682           0.0268927062152               
3668           0.0365339044903               
1725           0.0375058552737               
6775           0.154722531057                
5985           0.0368480169513               
4491           0.0743435918275               
8059           0.0446829250928               
2161           0.0736382206472               
10923          0.0197867612801               
11097          0.066706618762                
8057           0.0170310158807               
5707           0.589105765178                
7208           0.027143241528                
8291           0.0144143126801               
2353           0.0308552913388               
9601           0.0331270213902               
8728           0.113407474851                
5795           0.0876543788739               
7559           0.033353309381                
3432           0.0474920676063               
8087           0.0663449357005               
3348           0.0132104213671               
6913           0.0175274280326               
12058          0.0207080231418               
579            0.018998001237                
8293           0.0168388281445               
6235           0.0322957175104               
3740           0.017226779407                
1852           0.034062925595                
3974           0.0736382206472               
8143           0.0597570219342               
11458          0.0112471665502               
8328           0.0348238825854               
2683           0.0214192388065               
6394           0.0179951488571               
6119           0.0382075809842               
10586          0.014692804707                
11788          0.020571372052                
11029          0.0130763815159               
1875           0.0169826388482               
6197           0.0679305553929               
10288          0.0247700045147               
10248          0.0421152458837               
11891          0.036096849699                
4753           0.0351567641192               
4986           0.0138715238391               
9079           0.0730678089806               
6538           0.029715376133                
9607           0.080308921945                
4798           0.0505190543521               
10140          0.0466498593548               
11906          0.0242759237949               
12127          0.0260600244343               
11220          0.0359324844587               
2086           0.0891461283991               
7828           0.0216423281391               
5610           0.0235306930596               
8966           0.0932918751337               
10055          0.0451441542779               
6008           0.0322676062894               
7843           0.0736382206472               
3772           0.0280703049654               
8859           0.0253043639944               
9606           0.0324759692571               
3507           0.0318628646201               
7531           0.0474920676063               
230            0.0203696664626               
6058           0.0229192853804               
9955           0.0227509300123               
4358           0.0290870111801               
5102           0.111515387741                
2444           0.0231769795506               
9237           0.036096849699                
9067           0.0406465943277               
9159           0.0547853525529               
9309           0.00645329441804              
10564          0.0713476820865               
2648           0.027143241528                
11262          0.018881735015                
10543          0.0516674728871               
938            0.0205037063138               
7867           0.0736382206472               
6711           0.0362288980324               
11781          0.0397692542037               
31             0.0590516507538               
6639           0.0352591680782               
4029           0.0230615904123               
9153           0.0614688572971               
8744           0.0329054977129               
2738           0.0542864830561               
7919           0.0344486871483               
6910           0.0736382206472               
12038          0.0432257694054               
401            0.0620786374996               
2028           0.0267696406483               
8233           0.0385768113608               
8215           0.0421171675321               
3574           0.0458700963075               
3259           0.0185404514969               
5867           0.0994866680252               
4654           0.0199135337296               
1315           0.0401987826596               
8064           0.04649844613                 
8679           0.0736382206472               
7523           0.0406465943277               
2603           0.0371717959138               
8721           0.0428384776129               
10235          0.034062925595                
5957           0.0637257292402               
10927          0.0531633812542               
8847           0.0663449357005               
2813           0.0389594712045               
5456           0.0201717549346               
330            0.0221820354657               
7802           0.0183189278195               
1515           0.0322957175104               
