38
8184           0.255308287889                
2126           0.239367852326                
10600          0.210040753271                
9000           0.298717733837                
8997           0.145813640655                
9313           0.212218781796                
3642           0.0837309563559               
3740           0.0775634862171               
3661           0.0753899312561               
4921           0.0582804187538               
9744           0.0822347734336               
2021           0.0629440357382               
11055          0.155624536151                
11458          0.0506403098968               
9278           0.00458461235721              
11029          0.0588763409292               
6639           0.0793771120139               
10285          0.029537710856                
4327           0.135273924267                
3602           0.265879755648                
11778          0.136802288689                
873            0.0834782880861               
8842           0.186475536674                
12227          0.132357607496                
7166           0.109738863559                
11371          0.239367852326                
7344           0.132357607496                
6145           0.0543065176564               
11392          0.255308287889                
10786          0.1289478494                  
5292           0.0914154210401               
10157          0.127649817839                
4491           0.16736582108                 
4969           0.358323112255                
8859           0.0569663847645               
7285           0.081023065738                
8437           0.265879755648                
11965          0.0863346438467               
