30
8272           0.307917403214                
11967          0.0625881399716               
9309           0.0362703088834               
3589           0.125568693286                
303            0.190088834143                
4029           0.0648080618527               
90             0.1768925446                  
103            0.247579938412                
5320           0.147114945877                
2717           0.507459388607                
9313           0.0883037422107               
5787           0.0551404724924               
12224          0.126478528423                
9330           0.198758687617                
3661           0.09410872589                 
2436           0.13865223138                 
1102           0.136441203118                
71             0.208921588294                
9546           0.0720163962013               
697            0.0861787908292               
9324           0.372887265763                
15             0.19572529875                 
367            0.0669468082198               
1503           0.074819675372                
8269           0.22593456448                 
8291           0.0810146786095               
9790           0.127402580309                
119            0.11050613247                 
12223          0.089764016834                
5290           0.145829283994                
