90
7520           0.0485315280922               
632            0.17715341345                 
3348           0.0322984049392               
6105           0.0682933262515               
303            0.0826896658842               
7454           0.0203728110983               
7004           0.10619628582                 
263            0.138636022428                
9330           0.172922197611                
6914           0.0579741815328               
2021           0.034179504404                
11458          0.0549968134339               
11862          0.0329666347004               
10586          0.035922711542                
12243          0.261798369547                
4332           0.1017178999                  
11598          0.0403673709029               
5205           0.0339147466706               
10288          0.0605606448066               
1503           0.0325469614559               
7244           0.0893224226875               
4753           0.0859554265769               
6022           0.0845063310026               
214            0.0682933262515               
3664           0.0686296107703               
10140          0.114055108911                
4428           0.0583904035587               
2206           0.0546230573729               
3312           0.0851415583227               
4294           0.0682933262515               
10491          0.162207967435                
4986           0.0678294933412               
4686           0.0618281622192               
1380           0.123514975735                
103            0.0538493028252               
8422           0.0620893360295               
8550           0.155804220838                
3917           0.107153910722                
4177           0.0871471501117               
12223          0.0780956608406               
11054          0.123514975735                
8808           0.116114239532                
2065           0.0554208080973               
2676           0.0774212478322               
12224          0.165056521662                
1504           0.360078910939                
201            0.0575306291765               
2436           0.0603144668576               
10080          0.180039455469                
12089          0.138636022428                
9310           0.0313980487945               
2278           0.14004102326                 
4410           0.1443764794                  
9012           0.078891670855                
15             0.0851415583227               
10285          0.032078792103                
10243          0.162207967435                
1706           0.0769492089121               
2738           0.132726032254                
7237           0.0300170485274               
660            0.0327979429526               
5407           0.0703485670064               
11852          0.0676336644835               
2173           0.0586541876272               
4106           0.0943171636971               
10091          0.151777215602                
6772           0.0447882873924               
8188           0.0586541876272               
6680           0.0669904959997               
10866          0.0859554265769               
8380           0.0934144254809               
6913           0.0428531348399               
230            0.149406529346                
366            0.0552190392249               
3901           0.151777215602                
1466           0.0799208240645               
499            0.211366975399                
1682           0.0657504776805               
6759           0.0348991429194               
4041           0.13476787196                 
502            0.0718720586509               
9278           0.00248950955267              
11292          0.024407646314                
2079           0.134620140575                
8291           0.0176209106025               
2353           0.050292450507                
9588           0.0556241719972               
8399           0.0952527358672               
8892           0.170283116645                
6620           0.0477681071053               
