373
4326           0.0345662538405               
7527           0.173436756435                
2730           0.0239897749519               
6933           0.0124949021076               
8414           0.0572038844879               
2949           0.0626226494336               
8571           0.0487101001446               
4006           0.0145246696437               
3291           0.0403877100023               
6395           0.012363793566                
50             0.0289674387766               
8336           0.0262898139883               
83             0.0780167400924               
7352           0.0259864629758               
3321           0.0159109165842               
105            0.0223583620485               
3004           0.0396714880238               
1448           0.0223583620485               
1086           0.0262898139883               
5984           0.020165006814                
6214           0.0214155963779               
10972          0.028802494053                
7186           0.020165006814                
11818          0.0452106495475               
3870           0.0587872289159               
10385          0.0163571696136               
3796           0.037067187821                
4428           0.0812391208984               
8911           0.0359547811859               
9004           0.0310687829395               
9456           0.0269292286464               
7555           0.118705100847                
2880           0.0113207238495               
8403           0.0564203699323               
2031           0.069132507681                
2739           0.0157669778578               
11230          0.0257313639892               
10294          0.0767820439569               
2233           0.0567279486783               
9972           0.0148623700184               
9201           0.121931959557                
11591          0.0113497287303               
8306           0.0262898139883               
2129           0.0277986496615               
9835           0.0188638158077               
6876           0.052792269005                
9534           0.0493783006789               
2323           0.029393614458                
12256          0.019137058348                
8970           0.0721173918152               
1003           0.0213265608385               
2133           0.0209790220924               
9310           0.0436844023424               
10383          0.0251336276891               
481            0.0153940906588               
2505           0.0564203699323               
7804           0.0259864629758               
3736           0.0482214024071               
5914           0.0452106495475               
10285          0.0390525860795               
463            0.052792269005                
1424           0.0626718143808               
7237           0.0313222527039               
726            0.0168268516564               
480            0.0218745686673               
8441           0.0169346601639               
11041          0.0122989527179               
77             0.0180908464631               
8404           0.0313359071904               
4297           0.0139627273126               
2657           0.0211511042781               
12293          0.0358168434044               
117            0.0254089724255               
3012           0.0626718143808               
2059           0.0253904775728               
7589           0.0270964858129               
1218           0.052792269005                
5413           0.0669384170449               
441            0.0169890554553               
6759           0.024277753861                
6775           0.31954541798                 
8388           0.0362758156938               
9278           0.00692735638737              
11548          0.0564203699323               
2915           0.158376807015                
2683           0.0182151262092               
9248           0.0632225038538               
3348           0.0786398836381               
1522           0.0174940921855               
2663           0.0279831509996               
488            0.036759609075                
7251           0.0262898139883               
9955           0.0193476091889               
5407           0.0244691567096               
454            0.0228698154143               
11238          0.169890554553                
11086          0.0479795499039               
11458          0.0191293967128               
10132          0.0189313481877               
9864           0.0283639743391               
11455          0.0259864629758               
11991          0.0194189083541               
7424           0.0390083700462               
6491           0.0228698154143               
6197           0.0144421990334               
6962           0.018468987147                
7977           0.0378135314282               
10441          0.159356114927                
10950          0.0283639743391               
2344           0.0502180904309               
8528           0.0238712566911               
2797           0.0378135314282               
9079           0.0310687829395               
7919           0.0219716205774               
5031           0.0209790220924               
8415           0.0429618885764               
11906          0.0206444785347               
3919           0.0291779896176               
10705          0.0564203699323               
8742           0.0756270628565               
9283           0.0465899895036               
11105          0.0806600272559               
10376          0.0396714880238               
8141           0.0291779896176               
5429           0.0372710624408               
11806          0.0235248393182               
12129          0.0219596130125               
7099           0.0234122844017               
7183           0.0161065090249               
11837          0.0285606415498               
946            0.041166287619                
8804           0.0175520082316               
4246           0.0465899895036               
2746           0.0564203699323               
1709           0.0229757101162               
5229           0.0248665034381               
69             0.0194907802094               
1255           0.036759609075                
4772           0.0230828730483               
8142           0.0964428048142               
11890          0.0119816145719               
2436           0.0209790220924               
9744           0.0155321087865               
11946          0.0440158109296               
2805           0.0200875344869               
10564          0.0303373767313               
10866          0.0149488247768               
2362           0.0155321087865               
4716           0.0378135314282               
1134           0.0429618885764               
3349           0.0468245688034               
8131           0.161611194913                
10543          0.0219692573591               
11155          0.0244801989358               
5383           0.0197841834744               
7207           0.0510997773806               
2162           0.0283639743391               
8136           0.0140017164718               
9929           0.0564203699323               
11130          0.0626226494336               
8485           0.0734405968075               
664            0.0248665034381               
3259           0.0157669778578               
5867           0.169208834225                
10518          0.0334692085225               
10473          0.0807876859392               
3427           0.0122989527179               
8199           0.0396714880238               
6019           0.0188638158077               
2745           0.022559449115                
10458          0.0331315081477               
1678           0.0361816929262               
9601           0.0281715368604               
2343           0.0349640081177               
372            0.0626226494336               
5456           0.0171542539544               
1978           0.0316112519269               
2065           0.0192768736595               
10106          0.0389815604187               
6610           0.0994660137525               
11117          0.0676403107611               
7547           0.0378626963754               
11337          0.0465899895036               
355            0.0281715368604               
4809           0.0112056354735               
5203           0.0452106495475               
5585           0.041166287619                
7180           0.0420191229057               
7454           0.0283448848267               
11113          0.0243550500723               
5216           0.0291779896176               
11773          0.0313359071904               
5021           0.0259864629758               
5217           0.0321887424771               
3504           0.0224583407185               
4529           0.0155785919969               
6115           0.0331315081477               
578            0.0619334356042               
12062          0.0289674387766               
10202          0.0541929716259               
7159           0.0281715368604               
1876           0.0242316274551               
9555           0.0626226494336               
6383           0.0589088379469               
3018           0.0429618885764               
5873           0.0564203699323               
956            0.128493578267                
4275           0.0209790220924               
3258           0.0161065090249               
6468           0.0261368530348               
8261           0.0626226494336               
8681           0.0283639743391               
4237           0.0264454352652               
8379           0.0211511042781               
8294           0.0394198516089               
2971           0.0239897749519               
6145           0.0102571540583               
6603           0.0742076202356               
7622           0.0707605382378               
11730          0.0368096870366               
8945           0.030809402521                
4822           0.0440158109296               
7193           0.0321887424771               
5631           0.0303121636108               
11228          0.0358168434044               
9608           0.0243550500723               
11985          0.0172661053843               
11478          0.0465899895036               
11821          0.0215963701601               
9069           0.0151686883657               
5241           0.061618805042                
4690           0.022661713061                
9607           0.0682954778259               
2246           0.0139627273126               
1352           0.0242316274551               
5370           0.0144421990334               
3642           0.0158147006262               
1216           0.0452106495475               
4545           0.0353802691189               
895            0.052792269005                
2075           0.0659077720773               
10137          0.143372482275                
9110           0.0745421248816               
8143           0.0254089724255               
5842           0.0372710624408               
3589           0.0379987882538               
5273           0.0279831509996               
6790           0.0358168434044               
2239           0.0358168434044               
4768           0.0242316274551               
6492           0.0313359071904               
3154           0.0440158109296               
6042           0.0231108777811               
8778           0.0261368530348               
9811           0.0331315081477               
12290          0.0564203699323               
9243           0.0130394349857               
8218           0.0107323806625               
4247           0.0372710624408               
6441           0.0331315081477               
1369           0.036759609075                
873            0.0157669778578               
7410           0.0429618885764               
5918           0.187867948301                
41             0.0272669290211               
5900           0.0626226494336               
10962          0.0341854305009               
7378           0.100436180862                
2375           0.052792269005                
8795           0.040643986519                
11965          0.0163064726062               
11262          0.0321144172728               
8291           0.0183871047235               
5251           0.0328060905448               
2166           0.0349640081177               
9109           0.051677117634                
7520           0.016880593547                
10043          0.0904212990951               
6394           0.0153032472604               
6913           0.0149054929832               
5227           0.0216881453018               
7393           0.0180908464631               
8465           0.0465899895036               
11835          0.160081783884                
11035          0.0502180904309               
6538           0.0252702409973               
3704           0.0285606415498               
4359           0.0403300136279               
5334           0.0239897749519               
11862          0.0114666976884               
10586          0.0124949021076               
1298           0.0482214024071               
12289          0.0626226494336               
1875           0.0144421990334               
8846           0.0420191229057               
10292          0.0394198516089               
5205           0.0117964769769               
10288          0.0631939485593               
12255          0.0719693248558               
1503           0.0113207238495               
10397          0.0564203699323               
4180           0.0390083700462               
4753           0.0448464743303               
7532           0.0298411075952               
3532           0.0482197682188               
4029           0.00980589888701              
6974           0.0470496786364               
2282           0.0362758156938               
10444          0.0396714880238               
10718          0.0192066929242               
1392           0.0575234572327               
4771           0.0228698154143               
3057           0.0745421248816               
2672           0.0482214024071               
2342           0.0234122844017               
4113           0.0994660137525               
8190           0.0137322940321               
8874           0.0702368532051               
11209          0.0254089724255               
6777           0.0564203699323               
8705           0.0564203699323               
797            0.0353802691189               
8188           0.0204015315421               
9261           0.019137058348                
1123           0.0923314921932               
9309           0.0219517739826               
110            0.0397181251095               
6818           0.0626226494336               
8602           0.0386952183779               
9290           0.0699280162354               
319            0.0487101001446               
4921           0.011007725399                
5162           0.0185335939105               
9551           0.0221616948378               
1473           0.0440158109296               
3142           0.0202431557638               
7266           0.0840382458115               
10220          0.0345662538405               
11093          0.0313359071904               
2910           0.169261109797                
2222           0.0211511042781               
9203           0.0254089724255               
7922           0.0433762906037               
2816           0.0229757101162               
11148          0.0267650405925               
11839          0.0564203699323               
10944          0.0174365485925               
6431           0.0331315081477               
756            0.0626226494336               
5350           0.0277986496615               
3035           0.0334692085225               
7346           0.0494717468237               
2884           0.0564203699323               
7190           0.0383910219785               
2206           0.0189993941269               
1739           0.0155321087865               
10813          0.0666701436518               
210            0.0149054929832               
11586          0.0221616948378               
7737           0.052792269005                
1909           0.0632588025049               
4267           0.0223583620485               
6329           0.0129347788467               
9237           0.0153485536756               
3702           0.0158626792821               
2750           0.0437491373345               
11292          0.0084896473089               
2549           0.0324920934896               
1906           0.0341854305009               
8482           0.0499981375886               
11604          0.0298411075952               
1515           0.0137322940321               
11992          0.0394198516089               
