35
2351           0.132814871                   
2763           0.0696465313761               
1522           0.150828994187                
1592           0.325042283796                
10075          0.0865944511504               
5787           0.0359660123301               
7223           0.207875480083                
9310           0.0313861883443               
9734           0.16815943224                 
532            0.0683817124049               
7285           0.0659700820028               
3772           0.102905529436                
9830           0.489025968153                
5545           0.165498134154                
8836           0.103416444489                
6628           0.10776736403                 
4425           0.102401293202                
1834           0.267866044816                
4864           0.200842695394                
77             0.0779870183341               
2399           0.295765383502                
159            0.29713487366                 
2852           0.0730028666916               
4106           0.141422303816                
3259           0.0679691574286               
8066           0.167424201507                
6913           0.0642554209354               
12114          0.158465349465                
4430           0.101903563424                
10232          0.110141868806                
6273           0.108936348113                
9278           0.01119856119                 
9145           0.120631310122                
6853           0.10776736403                 
10106          0.08402192991                 
