217
5093           0.0245154707438               
5683           0.0115449448499               
7454           0.00797589980228              
1664           0.0259809392358               
6193           0.0524393858493               
4802           0.0191836389266               
6753           0.0625814875214               
5787           0.00939061086758              
10202          0.0304984630785               
7223           0.0542756234539               
10242          0.0830896786467               
8626           0.0816605247793               
1522           0.0984524207855               
9734           0.0878117805992               
10997          0.043211033875                
6585           0.127007950856                
5580           0.0308858732817               
3772           0.0268683048369               
5092           0.0389060641957               
7453           0.0221844407752               
12114          0.0413747962704               
1154           0.0287576899182               
1592           0.367759172837                
9444           0.0263517083484               
11956          0.0314964495202               
9584           0.0432362055399               
4864           0.0524393858493               
9625           0.0532395893004               
2399           0.231670188989                
2852           0.038121630334                
1561           0.0362300550987               
5039           0.13900420649                 
8017           0.0312887839473               
3951           0.0352701459177               
7154           0.0120189816831               
4772           0.103923756943                
1533           0.0204318599413               
2888           0.0258603219443               
8911           0.0101172304599               
8919           0.0445361950918               
11730          0.0207155807725               
10849          0.0871068445672               
6145           0.0115449448499               
8563           0.0483557750468               
2880           0.0127420463572               
2739           0.0532395893004               
7704           0.13368325184                 
8554           0.0239048945053               
9145           0.0629928990404               
7285           0.0344491551248               
8166           0.0247275085432               
7103           0.0565229966518               
11985          0.0194338734996               
9099           0.044652263069                
10286          0.0565229966518               
12184          0.0290826027228               
5948           0.0635039754282               
6353           0.0878117805992               
4996           0.0463347354966               
9520           0.0267366503679               
4784           0.0284429323183               
9534           0.0370518472526               
3642           0.0356004883051               
12218          0.0128699854805               
812            0.0274128387177               
3580           0.0257411321099               
9310           0.0532664175066               
10813          0.0187601533335               
2160           0.0225230839112               
8892           0.0666653742496               
8859           0.0242208043818               
4859           0.0408302623897               
2640           0.0284429323183               
10183          0.0179631278666               
11112          0.0317084873195               
10285          0.0313968983413               
5814           0.0542756234539               
5984           0.0226967334451               
8836           0.0270017031244               
4106           0.0369249115232               
7237           0.0176273885518               
7231           0.0262265958891               
4425           0.0802099511038               
8441           0.019060815167                
8753           0.0259809392358               
11041          0.0415292770393               
77             0.0203621612309               
9243           0.014676542531                
6628           0.0281377143104               
9493           0.044652263069                
9972           0.033456695927                
8191           0.0248352253289               
10725          0.0495420178755               
1081           0.0472946446775               
9546           0.0245292766726               
10923          0.0189394712478               
9278           0.0146195426736               
5742           0.0565229966518               
6273           0.227543458547                
1161           0.0384774282966               
6269           0.044652263069                
10106          0.0658135720651               
2351           0.0693550766506               
10812          0.0274128387177               
3348           0.0379342114829               
2763           0.0363689734868               
8121           0.0176931003393               
11344          0.0372911854679               
4931           0.0425610390991               
7251           0.0295905132052               
9654           0.0542756234539               
3001           0.0358998149078               
10075          0.0678286032865               
8293           0.016117771725                
3740           0.0164891105044               
11238          0.0191220398143               
11086          0.0270017031244               
9912           0.0439058902996               
12041          0.0427695550112               
6852           0.044652263069                
7322           0.0419504628606               
532            0.0535627396576               
6126           0.0408302623897               
6287           0.0304984630785               
1875           0.0325108486047               
6197           0.0162554243024               
10292          0.0221845167885               
1503           0.0127420463572               
3999           0.0463347354966               
3295           0.045458407073                
5604           0.0210818547173               
3868           0.0171738398054               
8860           0.0524393858493               
4907           0.0594203646257               
11160          0.162826870362                
3992           0.0629928990404               
7919           0.00824338948822              
11048          0.0328413007207               
11064          0.0163482491388               
9890           0.105406833394                
9845           0.0408302623897               
4417           0.0565783342826               
1341           0.0250541779404               
8033           0.0369249115232               
10100          0.0299439327468               
5792           0.0226967334451               
5127           0.021937857355                
4986           0.0265550610526               
6877           0.0439058902996               
11724          0.0250541779404               
11167          0.044652263069                
4430           0.372493725992                
6132           0.0864220677501               
605            0.0299439327468               
7183           0.0181286892408               
230            0.0194974158143               
10316          0.043211033875                
9439           0.089304526138                
5963           0.0328413007207               
9155           0.0483557750468               
5999           0.0349643455338               
7847           0.0403136659012               
197            0.0328413007207               
1059           0.0704849542046               
8602           0.0435534222836               
1709           0.0258603219443               
262            0.0233292279152               
8913           0.0276965595489               
4852           0.033456695927                
7377           0.0343938174941               
2403           0.050886869076                
2241           0.0323727779438               
3661           0.0160270375666               
8997           0.0154991565689               
5113           0.0542756234539               
2937           0.0384774282966               
12056          0.0358998149078               
3441           0.0303102066916               
11262          0.018073199164                
8131           0.0165365055258               
7057           0.0419504628606               
6395           0.0139160739952               
247            0.0625775678946               
6639           0.0168746666163               
3849           0.0312887839473               
9830           0.127683117297                
5545           0.1728441355                  
12168          0.0384774282966               
159            0.077580965833                
5559           0.0945892893551               
1834           0.0699389681685               
8136           0.0157596389362               
10843          0.0761325854065               
3878           0.029418347928                
4998           0.0295905132052               
1954           0.0355800603227               
7346           0.0278414746169               
3755           0.0483557750468               
3041           0.0398222794971               
3259           0.0177465297668               
8590           0.0369249115232               
8291           0.00689853828773              
8066           0.240426581478                
6913           0.016776885038                
12109          0.0743358893489               
6139           0.0319250854194               
2644           0.0317084873195               
6329           0.0727937338088               
10232          0.230061519345                
10943          0.0235174843021               
7951           0.0229629539705               
3391           0.0230532812437               
11292          0.00955552674939              
6853           0.112550857242                
5650           0.0287576899182               
5538           0.0299439327468               
9491           0.043211033875                
