254
7925           0.0563312725865               
2221           0.0583037899865               
4809           0.0135485694049               
5683           0.04960709778                 
7083           0.0519445889988               
6046           0.0479662139783               
7454           0.0342713842741               
8627           0.0563312725865               
6011           0.0607179561741               
4802           0.0618221653097               
10478          0.0479662139783               
3309           0.0479662139783               
4387           0.0167419250882               
11057          0.0457197859247               
10840          0.0995471084645               
5136           0.0378877855199               
2657           0.0255734897837               
11836          0.213877142789                
4529           0.0188358469628               
1522           0.190366651173                
4610           0.0546635328878               
9182           0.0378877855199               
5580           0.0331781259205               
10898          0.0546635328878               
1010           0.0240113010971               
8947           0.041333102337                
1445           0.20801613446                 
2097           0.0508047048618               
1122           0.0546635328878               
1592           0.151943501976                
2148           0.0464180212741               
9584           0.0232225305505               
3258           0.019474143694                
1355           0.0888910077481               
2463           0.0427777641754               
2399           0.0276515581959               
2852           0.0204754490828               
11872          0.0382207008                  
3624           0.0295986492789               
9301           0.0323612177952               
7154           0.012910992805                
824            0.0497735542323               
1533           0.0877929939996               
6999           0.0427777641754               
2146           0.0225666392587               
2206           0.0229718886169               
478            0.0187796447953               
7374           0.0363614712719               
8919           0.0478415317999               
4636           0.0422744691075               
4061           0.0352786790506               
4425           0.0287209606964               
6145           0.012401774445                
7555           0.0239207659                  
2880           0.0136877210713               
9757           0.0350241051188               
2739           0.0571908646277               
5703           0.047164447763                
11230          0.0155557072919               
7704           0.0287209606964               
8554           0.0256790407958               
7246           0.0682170412989               
10692          0.0194834274854               
7285           0.074011726731                
9972           0.0179698734795               
11985          0.0208761946348               
11338          0.0682170412989               
11965          0.0197159167257               
3425           0.0928360425483               
9633           0.0166035151886               
215            0.0336109393519               
7163           0.0336109393519               
2246           0.0337642573728               
8943           0.0382207008                  
2733           0.0682170412989               
9352           0.0519445889988               
7741           0.0682170412989               
12218          0.00691257771751              
2612           0.041333102337                
236            0.0198388600137               
2075           0.0796881200019               
3580           0.0553031163917               
5306           0.0682170412989               
9310           0.0352121131934               
11348          0.136434082598                
4393           0.0378877855199               
10384          0.136434082598                
2640           0.397200408037                
12113          0.0682170412989               
3850           0.0457197859247               
6628           0.0604520144204               
1975           0.0336109393519               
7237           0.00631187934678              
3649           0.0342944651234               
8441           0.0204754490828               
2556           0.0546635328878               
77             0.0218733769698               
7412           0.0369464187493               
9243           0.0157657894835               
5515           0.0457197859247               
5738           0.0292981051494               
8602           0.0701787310147               
4106           0.0396653626383               
9493           0.0479662139783               
10486          0.0378877855199               
11119          0.0338340172123               
8694           0.0258932833                  
2638           0.017814946351                
230            0.0209444528607               
8191           0.026678417855                
2059           0.0153496269101               
10246          0.0336109393519               
9632           0.0360804452659               
675            0.0457197859247               
1466           0.0336109393519               
5413           0.0404671288536               
441            0.0205412176314               
5985           0.0378877855199               
6130           0.0400588202864               
9201           0.0245710238186               
6273           0.0611077550826               
9278           0.00732879432853              
8066           0.0234791171124               
29             0.026678417855                
11852          0.0284435379854               
8291           0.0148210523232               
4297           0.0168821286864               
7523           0.0417935502482               
10924          0.0340483461692               
8241           0.0508047048618               
6394           0.0185029316827               
3348           0.0407495696753               
3868           0.0368968566572               
2924           0.0358065346124               
9444           0.0283074494876               
4062           0.0519445889988               
11918          0.0177637930977               
11724          0.0807408613276               
8293           0.051941946563                
1531           0.109084413816                
11238          0.102706088157                
8143           0.0921648470257               
7518           0.0298977627164               
10132          0.0228896152704               
4359           0.0243812138111               
11862          0.0415926476932               
1875           0.0174618509075               
10430          0.0389189361494               
10586          0.0151074027718               
11460          0.0305538775413               
8524           0.0883110325117               
6235           0.0166035151886               
6491           0.0276515581959               
7874           0.0638303577112               
10279          0.0416167287259               
5624           0.0350241051188               
1503           0.0273754421427               
3304           0.0457197859247               
6265           0.0228896152704               
8733           0.0355393878808               
4076           0.0959243630527               
6962           0.0446611626427               
115            0.0295986492789               
10816          0.0250606500369               
4029           0.0118561684397               
3702           0.0191793327303               
10252          0.0404671288536               
262            0.0250606500369               
11122          0.0345322525617               
74             0.0378877855199               
4417           0.395053105137                
1341           0.0269136204425               
3098           0.0178663426136               
4906           0.0221760230796               
7624           0.0198388600137               
7196           0.103889177998                
11105          0.0487624276222               
5102           0.0382207008                  
8307           0.0682170412989               
12127          0.0267953799987               
6242           0.0173139821877               
8190           0.0166035151886               
8279           0.0232225305505               
12041          0.0229718886169               
6853           0.0604520144204               
8747           0.0497735542323               
7099           0.0283074494876               
1618           0.034061791792                
11837          0.0345322525617               
7014           0.0214347131162               
6620           0.0803560758873               
446            0.030891995463                
9620           0.0363614712719               
7511           0.0519445889988               
9309           0.0132707838867               
3792           0.0438605563966               
11664          0.0674621388464               
3064           0.026678417855                
1231           0.0444455038741               
12068          0.0583037899865               
6785           0.0363614712719               
1913           0.0321662775136               
4852           0.0179698734795               
9331           0.0583037899865               
10610          0.0312410222768               
11890          0.014486794345                
10232          0.0617839909259               
8970           0.0217990200247               
11363          0.0532188710494               
3427           0.0148704832403               
2241           0.0347753839828               
2063           0.081782907099                
10534          0.0433056197371               
7448           0.0682170412989               
4316           0.0241946765535               
3241           0.0497735542323               
1706           0.0323612177952               
8805           0.0385641865674               
447            0.0331781259205               
3581           0.0345322525617               
6882           0.0583037899865               
10265          0.0231383364064               
11967          0.0343501491304               
532            0.0191793327303               
940            0.0214347131162               
7724           0.0389189361494               
5935           0.041333102337                
2173           0.0246671923889               
4940           0.0583037899865               
3812           0.028173051574                
12051          0.022023641787                
10518          0.0404671288536               
8059           0.0229718886169               
8812           0.047164447763                
2925           0.0256790407958               
8064           0.0796842136854               
6913           0.0901100641168               
8199           0.0959324279567               
8721           0.022023641787                
6077           0.0638303577112               
6886           0.0392857134068               
8225           0.0360804452659               
8001           0.0310651014427               
5999           0.0187796447953               
6329           0.0312785025633               
626            0.041333102337                
5277           0.0409508981656               
10728          0.0420262889502               
10998          0.0431674080808               
8379           0.0255734897837               
9588           0.0233929103382               
1526           0.0682170412989               
2549           0.0392857134068               
4228           0.127660715422                
