252
7925           0.0558187587005               
2221           0.0577733297182               
4809           0.013425301642                
5683           0.049155761865                
7083           0.0514719860921               
6046           0.0475298071728               
7454           0.0339595759388               
8627           0.0558187587005               
6011           0.0601655313089               
4802           0.0612596941152               
10478          0.0475298071728               
3309           0.0475298071728               
4387           0.0165896034968               
11057          0.0453038175989               
10840          0.0986414077223               
5136           0.0375430743977               
2657           0.0253408167404               
11836          0.211931243104                
4529           0.0186644744254               
1522           0.20959406104                 
4610           0.0541661924519               
9182           0.0375430743977               
5580           0.032876264282                
10898          0.0541661924519               
1010           0.0237928411783               
8947           0.0409570449905               
1445           0.206123559474                
2097           0.0503424728632               
1122           0.0541661924519               
1592           0.150561087713                
9584           0.0230112470338               
3258           0.0192969637973               
1355           0.0880822584741               
2463           0.0423885629885               
2399           0.0273999784446               
2852           0.0202891590969               
11872          0.0378729607438               
3624           0.0293293544793               
9301           0.0320667885604               
7154           0.0127935258494               
824            0.0493207038611               
1533           0.086994234688                
6999           0.0423885629885               
2146           0.0223613231803               
2206           0.0227628854937               
478            0.0186087835971               
7374           0.036030646881                
8919           0.0474062593794               
4636           0.0418898470061               
4061           0.0349577061334               
4425           0.0284596512941               
6145           0.0122889404663               
7555           0.0237031296897               
2880           0.013563187277                
9757           0.0347054483693               
2739           0.0566705299908               
5703           0.0467353355969               
11230          0.015414178162                
7704           0.0284596512941               
8554           0.0254454074269               
7246           0.067596388164                
10692          0.0193061631228               
7285           0.0733383523169               
9972           0.0178063797527               
11985          0.0206862585807               
11338          0.067596388164                
11965          0.0195365371265               
3425           0.0459957002548               
9633           0.0164524528799               
215            0.0333051398849               
7163           0.0333051398849               
2246           0.0334570629858               
8943           0.0378729607438               
2733           0.067596388164                
9352           0.0514719860921               
7741           0.067596388164                
12218          0.00684968561681              
2612           0.0409570449905               
236            0.0196583618504               
2075           0.0789631005558               
3580           0.0547999568893               
5306           0.067596388164                
9310           0.0348917459065               
11348          0.135192776328                
10384          0.135192776328                
2640           0.423862486209                
12113          0.067596388164                
3850           0.0453038175989               
6628           0.0599020091497               
1975           0.0333051398849               
7237           0.00625445252748              
3649           0.0339824467937               
8441           0.0202891590969               
2556           0.0541661924519               
77             0.021674368339                
7412           0.036610272382                
9243           0.0156223489812               
5515           0.0453038175989               
5738           0.0290315447642               
8602           0.06954023001                 
4106           0.0393044787419               
9493           0.0475298071728               
10486          0.0375430743977               
11119          0.0335261881354               
8694           0.0256577007074               
2638           0.0176528621842               
230            0.0207538957788               
8191           0.0264356919414               
2059           0.0152099727434               
10246          0.0333051398849               
9632           0.0357521777094               
675            0.0453038175989               
1466           0.0333051398849               
5413           0.0400989503178               
441            0.0203543292693               
5985           0.0375430743977               
6130           0.0396943566287               
9201           0.0243474714236               
6273           0.0605517837441               
9278           0.00933700551516              
8066           0.0232654991167               
29             0.0264356919414               
11852          0.0281847526338               
8291           0.0146862072403               
4297           0.0167285314929               
7523           0.0414133036487               
10924          0.033738567082                
8241           0.0503424728632               
6394           0.0183345880792               
3348           0.0403788214329               
3868           0.0365611612163               
2924           0.0354807591531               
9444           0.0280499022981               
4062           0.0514719860921               
11918          0.0176021743341               
11724          0.0800062638173               
8293           0.0514693676977               
1531           0.108091940643                
11238          0.101771646346                
8143           0.0913263116665               
7518           0.0296257465192               
10132          0.0226813606876               
4359           0.0241593883479               
11862          0.0412142289478               
1875           0.0173029792781               
10430          0.0385648433997               
10586          0.0149699524117               
11460          0.030275891872                
8524           0.0875075599756               
6235           0.0164524528799               
6491           0.0273999784446               
7874           0.0632496155555               
10279          0.0412380908862               
5624           0.0347054483693               
1503           0.027126374554                
3304           0.0453038175989               
6265           0.0226813606876               
8733           0.0352160429793               
4076           0.0633677485452               
6962           0.0442548258964               
115            0.0293293544793               
10816          0.0248326429186               
4029           0.0117482985003               
3702           0.0190048350863               
10252          0.0400989503178               
262            0.0248326429186               
11122          0.0342180707913               
74             0.0375430743977               
4417           0.391458828055                
1341           0.0266687546058               
3098           0.0177037908327               
4906           0.0219742609102               
7624           0.0196583618504               
7196           0.102943972184                
11105          0.0483187766958               
5102           0.0378729607438               
8307           0.067596388164                
12127          0.0265515899386               
6242           0.0171564558992               
8190           0.0164524528799               
8279           0.0230112470338               
12041          0.0455257709874               
6853           0.0599020091497               
8747           0.0493207038611               
7099           0.0280499022981               
1618           0.0337518903736               
11837          0.0342180707913               
6620           0.0796249792367               
446            0.030610933525                
9620           0.036030646881                
7511           0.0514719860921               
9309           0.0131500434754               
3792           0.0434615037361               
11664          0.0668483539743               
3064           0.0264356919414               
1231           0.0440411292371               
12068          0.0577733297182               
6785           0.036030646881                
1913           0.0318736218868               
4852           0.0178063797527               
9331           0.0577733297182               
10610          0.0309567848188               
11890          0.0143549904122               
10232          0.0612218670501               
8970           0.0216006879092               
11363          0.0527346744539               
3427           0.0147351884245               
2241           0.0344589901511               
2063           0.0810388288349               
10534          0.0429116160082               
7448           0.067596388164                
4316           0.0239745482459               
3241           0.0493207038611               
1706           0.0320667885604               
8805           0.0382133214048               
447            0.032876264282                
3581           0.0342180707913               
6882           0.0577733297182               
10265          0.0229278189059               
11967          0.0340376241757               
532            0.0190048350863               
940            0.0212396955423               
7724           0.0385648433997               
5935           0.0409570449905               
2173           0.0244427650318               
4940           0.0577733297182               
3812           0.0279167271652               
12051          0.021823266015                
10518          0.0400989503178               
8059           0.0227628854937               
8812           0.0467353355969               
2925           0.0254454074269               
8064           0.0631673838239               
6913           0.089290223609                
8199           0.0950596143456               
5538           0.0318736218868               
8721           0.021823266015                
6077           0.0632496155555               
6886           0.0389282836398               
8225           0.0357521777094               
8001           0.0307824645498               
5999           0.0186087835971               
6329           0.0309939241017               
626            0.0409570449905               
5277           0.0405783181938               
10728          0.0416439248445               
10998          0.0427746618309               
8379           0.0253408167404               
9588           0.02318007667                 
1526           0.067596388164                
2549           0.0389282836398               
4228           0.126499231111                
