110
3384           0.0599333774525               
1186           0.232706372297                
1886           0.0575356447619               
7454           0.127828519505                
7571           0.069076567117                
5787           0.125418230148                
3504           0.0675210938915               
11238          0.102155330432                
2021           0.0357430255476               
11458          0.0287563050121               
5443           0.0747612450288               
5415           0.0559169796159               
85             0.0571217567139               
11914          0.0714173639292               
6542           0.0942115340619               
660            0.13719306155                 
10624          0.0918707372497               
5205           0.0354661566288               
10288          0.0633309555609               
11598          0.042213952327                
5127           0.0585991109953               
10972          0.0432974085138               
4275           0.0630735163477               
1053           0.272530134708                
2750           0.0657659808144               
7324           0.110517916122                
3275           0.0890363083771               
4029           0.0589629508019               
9238           0.0897174129208               
10756          0.0911336447722               
12132          0.055142762372                
2548           0.0672359869182               
2923           0.0721253572233               
507            0.0776837335299               
10727          0.115422765737                
3338           0.102778637634                
2089           0.0717690315837               
1102           0.0620677097633               
3468           0.0751598033183               
4986           0.0709323132577               
2880           0.0680716057826               
9627           0.0453383635442               
9010           0.102778637634                
899            0.0710702340486               
236            0.0493311870906               
3434           0.0852764057012               
7183           0.0484242857371               
9406           0.134441015216                
8188           0.0613372886293               
2469           0.113686538019                
12223          0.122502150745                
11049          0.140072995379                
8272           0.140072995379                
9309           0.0164995247283               
2414           0.0877237459892               
2628           0.113686538019                
2246           0.0419789971874               
509            0.0735998189513               
11837          0.0858676864804               
12224          0.172606934286                
8956           0.0493311870906               
6169           0.069076567117                
5752           0.0897174129208               
2436           0.0630735163477               
8173           0.0995927325484               
2937           0.102778637634                
3142           0.121722262398                
178            0.170552811402                
9310           0.0547238898367               
9546           0.0982817362089               
6395           0.0743435925821               
2463           0.106370924861                
9278           0.0156203441379               
5093           0.0654842798898               
3884           0.0728524877705               
10285          0.0167731087046               
7919           0.0220192559273               
1503           0.0340358028913               
7237           0.0156950802987               
1208           0.117278825246                
8778           0.0785805563247               
5407           0.0735666204526               
682            0.0950393591465               
6849           0.0804692048048               
5375           0.113686538019                
6648           0.174176877401                
864            0.0926285956044               
10866          0.0898874065516               
960            0.0711162600521               
6913           0.13444027818                 
10264          0.144977844994                
2059           0.0381682877117               
2652           0.0707275263251               
3259           0.0474034838843               
11906          0.0620677097633               
9517           0.0547638519886               
663            0.0613372886293               
6759           0.0364955834998               
6547           0.175447491978                
5927           0.268882030433                
10157          0.0724864659                  
367            0.0304544006298               
2955           0.135926004118                
11292          0.0765724788265               
103            0.0563126072237               
2353           0.0525930488071               
119            0.0502697308475               
4753           0.0449437032758               
11155          0.0735998189513               
3808           0.0755643551897               
