187
3384           0.0403206969763               
1186           0.182647757239                
7454           0.114663653076                
5787           0.0843761968383               
3504           0.0454253987016               
2021           0.0721392868238               
5443           0.0502962728701               
5415           0.0376186306655               
85             0.0384291548569               
10968          0.0942353166348               
10624          0.0618068314367               
2648           0.0466886100152               
10972          0.0291287052849               
4275           0.0848665050423               
1053           0.183347000378                
7324           0.0743518819699               
12107          0.0522624022337               
8997           0.0278524987122               
9238           0.0603581639087               
11922          0.0434981880311               
2548           0.0452335905244               
579            0.0653562523035               
507            0.0522624022337               
5964           0.0715619578061               
10727          0.0776516618831               
3338           0.0691452155683               
8911           0.0181809988888               
478            0.0314160446288               
1102           0.0417565874602               
11659          0.0699154885039               
7571           0.0464718567396               
4923           0.1141187513                  
7344           0.0505644063994               
6297           0.1141187513                  
2880           0.0457957603278               
9010           0.0691452155683               
3434           0.0573704379706               
9406           0.226115883425                
9972           0.0601227928811               
2469           0.0764835996999               
8511           0.0645131587675               
2414           0.0590169072728               
2246           0.0282417326857               
9835           0.0381549271532               
6457           0.0724449954815               
8970           0.0364670894165               
9505           0.0433162901965               
8956           0.033187981901                
4921           0.0222647933485               
8173           0.0670018704237               
11148          0.0541363520758               
178            0.114740875941                
9310           0.0515423569064               
2463           0.0715619578061               
5093           0.0440551145018               
10285          0.0225685073052               
6052           0.0312294586238               
11458          0.0386921047948               
7237           0.0105590007378               
1208           0.0789003419377               
8753           0.0466886100152               
8778           0.0528657475096               
5407           0.0494925788755               
682            0.0639385491667               
11049          0.0942353166348               
6648           0.175768496433                
215            0.0562269831089               
864            0.062316687186                
873            0.0318911029307               
960            0.0956881555332               
8842           0.0356195046069               
3012           0.126763245392                
2059           0.025678044995                
9517           0.0368428541014               
7166           0.0419233967718               
1369           0.0743518819699               
6759           0.0491054375981               
5109           0.0645131587675               
10194          0.0789003419377               
367            0.0204884608808               
2955           0.182890784942                
10265          0.0387076016135               
7208           0.0466886100152               
103            0.0378847925534               
2353           0.0530736412868               
119            0.0338193953142               
3808           0.0508365721627               
10431          0.0802415985736               
1886           0.077415203227                
1602           0.0323789675689               
1241           0.0776516618831               
1353           0.040630083693                
9313           0.081073668007                
11238          0.137451760536                
1158           0.0809494584877               
8093           0.068406391263                
11914          0.0480466479988               
6542           0.0633816226959               
10545          0.077415203227                
6235           0.0277756464431               
9638           0.0633816226959               
660            0.161521178516                
11598          0.0283998007838               
5205           0.0238601629865               
10288          0.0426064469738               
562            0.0377512223369               
1503           0.0228978801639               
5127           0.039423057701                
11162          0.0603581639087               
8272           0.0942353166348               
4753           0.0302362642955               
3275           0.0598999449482               
4029           0.0396678340713               
7919           0.014813644477                
8838           0.0426064469738               
12132          0.0370977693323               
1466           0.0562269831089               
8066           0.0392776859781               
2923           0.0485229565982               
11906          0.0417565874602               
7800           0.049514913452                
6169           0.0464718567396               
11992          0.0398663128886               
2089           0.0482832354487               
5752           0.0603581639087               
4986           0.0477203259729               
5292           0.0698466312302               
9627           0.0305017753975               
899            0.0478131133755               
236            0.033187981901                
7183           0.0651557123757               
5447           0.0699154885039               
8188           0.0412651903379               
12223          0.137357298751                
6547           0.118033814546                
9748           0.0802415985736               
11617          0.0603581639087               
9309           0.0111001976712               
2628           0.0764835996999               
2444           0.0398663128886               
11837          0.0577682272183               
12224          0.154830406454                
3661           0.0576022367671               
509            0.198059653808                
9554           0.0381549271532               
2436           0.0424332525211               
1213           0.05480675028                 
2937           0.0691452155683               
3142           0.0818897026341               
9405           0.031699580697                
10866          0.0604725285911               
9546           0.0661198863209               
6395           0.0500152935818               
6612           0.0448253874374               
9278           0.0210174426812               
3884           0.0490121399498               
193            0.0513934986334               
7465           0.056600165035                
4327           0.103357046282                
10930          0.0832650573608               
6849           0.0541363520758               
5375           0.0764835996999               
3259           0.0318911029307               
5670           0.0594530412005               
2828           0.0651066113499               
11778          0.0522624022337               
3981           0.0581749562943               
6913           0.120594476697                
10264          0.097535096548                
11968          0.0511128932886               
2792           0.062316687186                
663            0.0412651903379               
1678           0.0365914794745               
10756          0.0613109461105               
5927           0.226115883425                
10157          0.0487658955772               
4969           0.045629905761                
2750           0.0442446312302               
11292          0.103029592081                
2775           0.101573700766                
8205           0.0558613407298               
3468           0.0505644063994               
9622           0.0645131587675               
2652           0.0475825537965               
8804           0.0710031949311               
11155          0.049514913452                
2241           0.0581749562943               
