79
8628           0.103433692151                
1186           0.0470424753403               
4809           0.0408631116384               
12157          0.156190678817                
9441           0.0801143512297               
7571           0.0837845394551               
9313           0.146168464367                
5787           0.0304245248159               
3784           0.148214687376                
2021           0.0867070573777               
11055          0.107188436737                
5415           0.0678229764502               
7916           0.228363337443                
10545          0.0697862922236               
11029          0.0405518506342               
6197           0.0526657495507               
11598          0.0512022629658               
11164          0.113297201995                
6228           0.147280134763                
5205           0.0430177080797               
1053           0.247918499468                
4753           0.0545132399818               
7452           0.0700402256544               
11778          0.0942243673738               
579            0.058915695261                
6169           0.16756907891                 
8911           0.0327786907089               
478            0.113280553668                
3321           0.0580216590293               
3992           0.102044959966                
6242           0.052219770656                
8190           0.0500769693439               
9406           0.0815332826593               
12223          0.0495285483475               
9858           0.102731938628                
12224          0.139572584447                
9640           0.0666533070913               
8184           0.175846925824                
7171           0.101834561065                
6773           0.139998897941                
3596           0.102731938628                
4921           0.0401414014339               
201            0.0729722629391               
9744           0.113280553668                
3042           0.0911630350114               
9309           0.0600379465114               
178            0.206867384303                
10866          0.0545132399818               
2788           0.156667281676                
6040           0.0590974800274               
9546           0.0397360511135               
3633           0.105634320107                
9278           0.0189462707014               
10620          0.0666533070913               
8744           0.102044959966                
385            0.19251530956                 
7237           0.0380738397815               
660            0.208005731143                
5407           0.178461254551                
4327           0.0931716863686               
3259           0.0574967638314               
1164           0.114993527663                
621            0.119632567338                
12238          0.162345446795                
9622           0.116311369404                
8842           0.064218733627                
12227          0.0911630350114               
115            0.0892708944896               
11240          0.228363337443                
7166           0.0755840789966               
5927           0.244599847978                
9237           0.0559709142615               
4969           0.0822665782646               
8743           0.0695343196883               
2750           0.0797690540268               
7453           0.107812645803                
11292          0.0309588337559               
10727          0.139998897941                
119            0.0609732999681               
