135
4809           0.0280891122971               
7527           0.158092028847                
11113          0.0610506863354               
8414           0.0477975669476               
4529           0.0390507812846               
3321           0.0398838177219               
105            0.0560455981138               
578            0.103498829182                
10202          0.13584526012                 
1876           0.0607413034573               
3018           0.107692358507                
5873           0.141428668692                
956            0.0536823719626               
3258           0.0403741083479               
6468           0.065517123212                
8681           0.0710998374243               
7622           0.0886875496468               
8379           0.0530193708942               
4428           0.127276069886                
8911           0.0225319190673               
6603           0.124010588721                
9456           0.0675033673289               
11730          0.0461353323172               
7555           0.247964585602                
8403           0.141428668692                
2739           0.0395230072117               
8441           0.0424500308064               
11230          0.0322503428903               
9608           0.0610506863354               
9201           0.10188208462                 
8306           0.0659005496949               
11821          0.0541355167291               
5241           0.0772297804318               
2246           0.0350003010882               
9534           0.0412587825738               
5842           0.0934271921307               
1216           0.113329316768                
4921           0.0275930120696               
10137          0.102683173874                
4822           0.110334220578                
9310           0.0365011600911               
10813          0.0835608634746               
6790           0.0897819082988               
10285          0.0279694082365               
4768           0.0607413034573               
3154           0.110334220578                
7237           0.0130858899179               
726            0.0421797877416               
6042           0.0289659628324               
2129           0.0696827407864               
8404           0.0785495671425               
4297           0.0350003010882               
1369           0.09214513445                 
7589           0.0679226300601               
2375           0.132334125628                
6775           0.235589104483                
11478          0.116786901571                
3349           0.0586874601842               
9278           0.004341192696                
7624           0.0411302440957               
8291           0.0307272443773               
9248           0.158479544926                
5251           0.0822348686533               
9601           0.0706174553263               
1123           0.0578617263363               
3348           0.0281608880481               
5227           0.0543655690334               
9955           0.0484985584684               
7878           0.0886875496468               
11835          0.0401276234163               
11238          0.170345532882                
6538           0.0633447910049               
3704           0.0715928221711               
10132          0.047455119028                
5334           0.0601350529561               
7378           0.125881444635                
11455          0.0651401411777               
10586          0.0313209107391               
7424           0.0977820927106               
6197           0.0362021905338               
10288          0.105605310338                
10441          0.228261259027                
10950          0.0710998374243               
2344           0.125881444635                
4180           0.0977820927106               
4753           0.0374721468369               
4029           0.024580399359                
7919           0.0367174367579               
10444          0.0994443273411               
11906          0.0517494145911               
10718          0.0481453243484               
4771           0.0573276557946               
10705          0.141428668692                
1255           0.09214513445                 
12255          0.0601350529561               
11105          0.0505475251455               
4113           0.0623327440161               
8141           0.0731403255895               
12129          0.027523027916                
10397          0.141428668692                
946            0.103191334264                
9309           0.0275132028869               
4246           0.116786901571                
8602           0.0484985584684               
1709           0.0575931015322               
9290           0.0876441102064               
11773          0.0785495671425               
11837          0.0715928221711               
2436           0.0525880133107               
9551           0.0555526133671               
7266           0.105329132356                
10564          0.0380232778328               
4716           0.0947869965203               
11262          0.0402505273022               
8131           0.0368281819455               
6610           0.0623327440161               
11148          0.0670917979275               
8136           0.0350980350252               
5350           0.0696827407864               
7346           0.124010588721                
5867           0.212077483577                
7190           0.0962345892922               
10473          0.0675033673289               
6019           0.0472858359373               
1739           0.0389342620457               
10458          0.0830505913861               
1909           0.0396426336449               
4267           0.0560455981138               
3702           0.0397629015097               
5456           0.0430004855001               
1978           0.079239772463                
2750           0.0548328755827               
11117          0.0847768200772               
7547           0.047455119028                
1515           0.0344226750974               
