107
355            0.0800678427047               
6394           0.0434941835296               
1186           0.0733285006841               
5683           0.0291524101722               
7454           0.0201401310747               
6850           0.076070363884                
3812           0.0662253904818               
10545          0.0543904645753               
9840           0.0835411752863               
6235           0.0390292927214               
1166           0.122104298174                
4387           0.0393546479503               
3504           0.0638300601408               
2021           0.101367410041                
6848           0.0997710164838               
11055          0.0835411752863               
6646           0.0747196967483               
11713          0.128495622886                
6200           0.0641174257617               
6197           0.0820939039458               
10746          0.117000923952                
2373           0.10310145021                 
2430           0.05361386723                 
1690           0.0756121246962               
11598          0.119718992711                
7725           0.177983205866                
1711           0.160355373136                
3694           0.119424813068                
10314          0.0932399574262               
10105          0.0627120081488               
2852           0.0481309100379               
6538           0.0718219134194               
4962           0.15004375202                 
2548           0.0423736923408               
1287           0.116424758952                
8855           0.160355373136                
828            0.128495622886                
6169           0.0653005035801               
8370           0.175130125637                
8911           0.0510945103693               
478            0.0441446432032               
6163           0.0492333805404               
1192           0.142727540406                
1612           0.0475217411082               
6145           0.0291524101722               
6108           0.0593845494721               
9627           0.0428599464985               
4986           0.0670548055462               
9313           0.0759477774203               
6132           0.109113191952                
11906          0.058674784703                
6115           0.0941648443279               
11150          0.068870013914                
8188           0.0579842919662               
12223          0.0772037220642               
844            0.09716025383                 
404            0.125099707676                
9309           0.0467927396464               
2634           0.274105291597                
434            0.117000923952                
8604           0.122104298174                
2438           0.0841691476082               
9082           0.0800678427047               
11062          0.0598689752971               
12224          0.163171393726                
8507           0.137052645798                
1951           0.0366642503421               
9744           0.176578572813                
6973           0.30008750404                 
8173           0.0470742529613               
3576           0.072216209486                
1644           0.0538058046457               
9310           0.0103464827896               
5738           0.068870013914                
2160           0.056873565795                
6395           0.0351398038161               
3275           0.0841691476082               
2816           0.0653005035801               
6047           0.137052645798                
11029          0.0632110956208               
5984           0.057312052293                
7237           0.0148371103257               
660            0.0972700625644               
2156           0.0734371601138               
940            0.050385817889                
5407           0.173862771514                
9086           0.128495622886                
6648           0.123491637045                
2963           0.086151833322                
11064          0.0412813461378               
11927          0.0575341636337               
1315           0.09716025383                 
8              0.0790080399064               
960            0.0336143484539               
8912           0.0932399574262               
12227          0.0710512002913               
4832           0.125099707676                
1164           0.0448121772446               
220            0.0770123822022               
697            0.0370600806964               
6532           0.0835411752863               
2813           0.0941648443279               
8743           0.0541940806893               
11262          0.0456370577773               
9278           0.00738322980475              
11292          0.0482577680241               
10998          0.0202944182226               
