106
10602          0.135484785152                
10621          0.0731702750838               
3348           0.0486109274493               
7524           0.0519021397944               
5683           0.0221914646925               
12058          0.11430023872                 
11918          0.0317861439168               
5222           0.0696406954713               
10075          0.0434595999818               
7235           0.097813733464                
3543           0.0593682148625               
9246           0.135484785152                
2638           0.0318776764326               
1522           0.0378486592729               
11862          0.0248083255302               
6804           0.0873792511482               
6235           0.0297099679335               
2              0.244132171589                
5205           0.0255218066182               
1592           0.108753755337                
10998          0.0154485636961               
11846          0.0666564784301               
5604           0.0405231242497               
9584           0.373985006872                
1355           0.159059630432                
6133           0.0406670586749               
4408           0.0646838909394               
2399           0.148437285354                
4640           0.0756450129579               
2852           0.0366383219917               
917            0.0508962464792               
7149           0.135484785152                
7641           0.100797950505                
11778          0.0559020038534               
6999           0.0765455981747               
9661           0.0806363501518               
8919           0.128409890272                
8690           0.0453883431408               
12020          0.0362895001036               
6242           0.0309812620853               
6145           0.0221914646925               
4986           0.0255218066182               
9757           0.0626713697766               
899            0.0511428624387               
2739           0.238784200095                
4430           0.204571449755                
6853           0.108171516064                
605            0.115115270786                
9195           0.084395034107                
8859           0.046556751223                
8554           0.137848546516                
9695           0.0858296970851               
7285           0.0993262271377               
230            0.0374775471222               
8136           0.0302928663207               
8987           0.047530727942                
2258           0.138959784162                
1886           0.0414032344873               
1689           0.0661111158589               
9947           0.0909088307606               
812            0.0526924165019               
9520           0.205570642509                
1957           0.135484785152                
10694          0.0795298152159               
12218          0.0247384315902               
7198           0.127878575135                
1951           0.0279096449362               
7443           0.0909088307606               
1003           0.0461402470091               
4532           0.0806363501518               
8              0.120285363553                
3427           0.0798267550949               
2241           0.0622263136009               
4444           0.114216649862                
2463           0.0765455981747               
2640           0.0546724420511               
10987          0.0756450129579               
10285          0.0241401988507               
10717          0.0785474342897               
7237           0.0338830176976               
7954           0.0909088307606               
2667           0.122066085795                
940            0.0383548081301               
9243           0.0564219196572               
2713           0.0731702750838               
1954           0.0683912883665               
6628           0.0540857580319               
6261           0.0508962464792               
11119          0.0605418524342               
4654           0.0366383219917               
8059           0.0411053964432               
8066           0.0840260400997               
12238          0.096317290795                
8483           0.0683912883665               
3973           0.0631268988177               
6130           0.143360758567                
11262          0.0347399460405               
9278           0.0112405583319               
11292          0.0183674445598               
4416           0.097813733464                
8010           0.111804007707                
6063           0.0286719123438               
2053           0.0666564784301               
5165           0.0655806966238               
1716           0.0930548834725               
5598           0.208655060235                
