119
10252          0.0597471556063               
3297           0.0496244255628               
1522           0.218605579845                
9790           0.0344118794851               
9907           0.0785742962216               
11918          0.0262271166854               
10041          0.0896462209799               
2181           0.0443901399492               
8293           0.0255629993339               
11510          0.111790070497                
11029          0.0397024696865               
8950           0.0474914737547               
4316           0.0357219092592               
10877          0.0385525008045               
11664          0.033201193342                
2805           0.0358590209246               
2638           0.0526052824555               
10893          0.0357219092592               
11862          0.0204696376557               
11460          0.0451108672039               
8524           0.0521542610084               
9845           0.064757336689                
6192           0.0305238035274               
10279          0.0307222335442               
1445           0.230341996818                
8136           0.0249949959897               
1592           0.134600980792                
2148           0.068533271783                
8660           0.0785742962216               
3868           0.0272379372905               
2342           0.0417941583025               
4887           0.0355859645157               
4062           0.0766928993911               
10232          0.0912201538484               
11048          0.156260213156                
10385          0.0291998048753               
2372           0.0443901399492               
1533           0.0324052003579               
5827           0.0237863465571               
5162           0.0330850225685               
3284           0.0585633985131               
4636           0.1248311583                  
4061           0.0520867377186               
11508          0.100718145738                
11062          0.225619836538                
2593           0.0942414849438               
12127          0.0395616833629               
9747           0.223580140993                
8279           0.0342865971884               
10067          0.0831695601855               
2739           0.0281462311508               
4430           0.210992850268                
8741           0.0410148129603               
10534          0.0639380078191               
2487           0.111790070497                
10692          0.0143830240332               
230            0.0309231596016               
4763           0.0480723890801               
11041          0.0219553277258               
11740          0.0461253929338               
9309           0.0391869456696               
110            0.035451166999                
6242           0.0511259986679               
8602           0.0345381521659               
4690           0.080908569777                
262            0.0370004643218               
3994           0.0513436543919               
7828           0.0328551853523               
7452           0.0342865971884               
8296           0.0430394700421               
3642           0.0846942686334               
7179           0.0897339871949               
2797           0.0675023714633               
5737           0.0520867377186               
3580           0.0408257763051               
1887           0.166339120371                
12111          0.0524716578127               
4852           0.0265313813314               
9310           0.00649855718022              
6942           0.129514673378                
7932           0.117126797026                
8840           0.0720976354272               
7804           0.0463894222664               
2780           0.0708190803646               
2640           0.225554336019                
10285          0.0199183585692               
159            0.0820296259207               
7237           0.00931909053554              
8343           0.0456100769242               
9444           0.0417941583025               
7659           0.100718145738                
2156           0.0461253929338               
940            0.0316469978526               
3436           0.111790070497                
9243           0.0232771907523               
3064           0.0393889961573               
6853           0.0892535748053               
11119          0.0499537859106               
11105          0.0719946394375               
6904           0.0367073659894               
6102           0.0717180418492               
11591          0.020260831925                
6620           0.059320331167                
3989           0.100718145738                
8191           0.0393889961573               
10455          0.0388818611523               
2059           0.0226627530413               
2610           0.139973667822                
3098           0.0263785245578               
11724          0.0397362578978               
4494           0.33537021149                 
3779           0.0696353232714               
252            0.0942414849438               
6273           0.0902217344077               
9278           0.0185494305791               
11852          0.0419950843599               
8291           0.0109411730519               
10474          0.0536854119307               
4417           0.35893594878                 
