260
1696           0.0497852684388               
4009           0.0621292392524               
6933           0.0137591930611               
6193           0.102608352555                
6753           0.0612267213946               
6447           0.0389602054638               
1512           0.0689590935677               
3873           0.0318984958171               
1798           0.0544775228936               
10242          0.027096983505                
5415           0.0409611370323               
9734           0.0429554141236               
3772           0.0262866588787               
12114          0.0404791133023               
1086           0.0289499367895               
5441           0.0621292392524               
7457           0.0689590935677               
3992           0.0616292266633               
4887           0.0219516442367               
2852           0.0372963720105               
3664           0.0262866588787               
12078          0.0581340305926               
7237           0.0114971935048               
8911           0.0296946369536               
478            0.0171037181084               
132            0.0222053938033               
9757           0.0318984958171               
2739           0.0347247045983               
9539           0.0185294689432               
7704           0.10463141788                 
8554           0.0233874005527               
9145           0.123258453327                
7000           0.0444743219621               
9972           0.0163662121295               
10854          0.0621292392524               
2923           0.0264171693555               
9520           0.02615785447                 
8649           0.041042317843                
9583           0.028781498552                
9198           0.0484695306219               
9310           0.0601307357606               
6554           0.02615785447                 
6144           0.0552993849372               
4695           0.0385018252836               
10285          0.012286886896                
12109          0.0181816658849               
5162           0.0204089071315               
682            0.0348098219915               
6628           0.0275285881336               
4297           0.015375539488                
6648           0.0318976587796               
1093           0.0292957054931               
11954          0.0326111000034               
6809           0.0222914502188               
1466           0.03061144331                 
5109           0.0351226545186               
8327           0.0422755999741               
247            0.03061144331                 
5742           0.0552993849372               
2351           0.0678536756406               
11344          0.0364839046425               
3348           0.0247420069393               
1522           0.0385284478001               
2579           0.0232912690882               
12058          0.0193921918929               
579            0.0355816567371               
11277          0.0859108282472               
12082          0.0262866588787               
11786          0.0333792860184               
10586          0.0137591930611               
11238          0.0748323410372               
1960           0.0385018252836               
2789           0.0286158913436               
6646           0.0289499367895               
8805           0.0351226545186               
1802           0.137918187135                
3896           0.0348098219915               
3957           0.03061144331                 
5031           0.0231017748452               
12132          0.0201969979546               
9517           0.0401164308432               
11906          0.0227333806507               
719            0.0581340305926               
1591           0.0552993849372               
8288           0.0284530215701               
8033           0.289004478467                
10100          0.0292957054931               
71             0.0348098219915               
12127          0.0244041157913               
9584           0.0423002267219               
9627           0.0166059659759               
12129          0.0120907932045               
4430           0.208245696801                
605            0.0292957054931               
8859           0.0236964716016               
3523           0.0310220609296               
446            0.0281351424887               
3415           0.0608247560307               
4772           0.0254185029976               
3661           0.0156800837234               
201            0.0220355034403               
2937           0.0376444676469               
9015           0.0404791133023               
9278           0.0190707444357               
1561           0.0354457456588               
12168          0.0376444676469               
4865           0.0689590935677               
1834           0.0342124635277               
2888           0.0253004968333               
805            0.0354457456588               
3366           0.0497852684388               
3041           0.0389602054638               
8590           0.0722511196167               
6904           0.022643394665                
8066           0.32075702568                 
871            0.137918187135                
6019           0.0415450847606               
9772           0.0238826503622               
6886           0.0357797911047               
10232          0.0844054274662               
1644           0.0208469079933               
7951           0.0224658511779               
9781           0.0310220609296               
7811           0.0323677938898               
6063           0.0145934400226               
5093           0.0239847590164               
5683           0.0338850584976               
7454           0.0390161862882               
8563           0.0473089676176               
5787           0.00918732261066              
6278           0.0304123780153               
2638           0.0162251109553               
5338           0.135995038797                
7453           0.0108520956311               
1154           0.0281351424887               
1592           0.332121147702                
4598           0.0689590935677               
4864           0.0513041762774               
2399           0.251838872244                
159            0.0506009936666               
8681           0.0312339701066               
7154           0.0235175887343               
8294           0.02170426563                 
384            0.0531006629491               
8919           0.0435720740567               
10849          0.0213052881735               
8938           0.0236815536487               
6145           0.0112950194992               
2881           0.021150113361                
5559           0.0925416172678               
10692          0.00887234703127              
6261           0.0259051894224               
8166           0.0241922066144               
7103           0.110598769874                
6422           0.0248421166531               
2998           0.0621292392524               
3295           0.0444743219621               
4690           0.0249547281297               
4784           0.0278271987719               
668            0.0289499367895               
3642           0.0174149038741               
941            0.0351226545186               
12218          0.012591375606                
5703           0.0429554141236               
7558           0.0513041762774               
11148          0.0294732489803               
3980           0.0484695306219               
9303           0.0321303511485               
3796           0.0408178142631               
2835           0.0289499367895               
9121           0.0245118042616               
9003           0.0429554141236               
2578           0.0581340305926               
2146           0.0616582646917               
4425           0.02615785447                 
10480          0.0326111000034               
8778           0.0575629971039               
5407           0.0404175857055               
959            0.041042317843                
9295           0.0473089676176               
1438           0.0310220609296               
2292           0.116268061185                
1595           0.0513041762774               
1571           0.0389602054638               
10181          0.0262866588787               
11503          0.0581340305926               
2764           0.0394409543186               
6273           0.0834815963156               
8057           0.0159488293898               
193            0.0279799676762               
7624           0.0180684072017               
4846           0.137918187135                
2175           0.0321303511485               
10924          0.0155049076083               
10106          0.0214629458881               
2763           0.0355816567371               
1602           0.0176279585951               
10075          0.088480329897                
11956          0.092443839995                
8317           0.0422755999741               
8328           0.0326111000034               
9694           0.0621292392524               
532            0.0349354744566               
6126           0.0399463675091               
7285           0.0842584966674               
1875           0.031807052671                
8846           0.0462708086339               
11120          0.0422755999741               
6353           0.0429554141236               
11513          0.0453316795988               
5604           0.0412509480479               
7349           0.0260307121001               
2360           0.0581340305926               
5664           0.0286158913436               
7790           0.0308146133317               
11064          0.0159943416968               
1471           0.0348098219915               
4771           0.0251838872244               
5792           0.0222053938033               
8872           0.0416396763067               
8930           0.0222914502188               
11209          0.0279799676762               
10185          0.0722511196167               
8741           0.0253004968333               
5184           0.0552993849372               
11550          0.0715595822095               
10998          0.01572603076                 
8347           0.0710446609462               
9858           0.0310220609296               
8034           0.0462708086339               
8602           0.0213052881735               
6443           0.0422755999741               
4742           0.0265494317031               
1951           0.0284109217791               
9416           0.0234844791404               
8343           0.0281351424887               
3441           0.118616201309                
1483           0.0581340305926               
9155           0.0473089676176               
3849           0.03061144331                 
9830           0.0416396763067               
5545           0.126826799922                
10717          0.0399791007132               
8865           0.0296540503273               
5977           0.0581340305926               
5818           0.0593081006546               
1911           0.0552993849372               
4599           0.116268061185                
12051          0.0200582154216               
6913           0.0656547938869               
210            0.0164136984717               
3138           0.0357797911047               
3650           0.0484695306219               
12041          0.0209218391297               
4597           0.124258478505                
4267           0.0246206826838               
6329           0.0569743141073               
11292          0.00934866838797              
6853           0.0550571762671               
3706           0.022643394665                
