245
1186           0.0166394508774               
4809           0.0144537406649               
5860           0.0363374383252               
7527           0.04067449982                 
1664           0.0297737563951               
3086           0.0363374383252               
3226           0.0807746724229               
8414           0.0245950683585               
11129          0.0807746724229               
11781          0.0436233854183               
12138          0.103968159521                
11575          0.0680948231016               
3348           0.0434720223732               
6395           0.0159476065646               
10578          0.0647744840077               
2638           0.0190051515273               
10163          0.0621990289206               
3772           0.123162654853                
3859           0.0284607858958               
6115           0.0427351244592               
5996           0.0221985578827               
578            0.0266285602105               
8369           0.0353947353017               
1086           0.0339102725957               
4899           0.0807746724229               
9590           0.0343152859496               
2086           0.032595162566                
9410           0.063479661725                
6172           0.0807746724229               
956            0.0552463940063               
11753          0.0647744840077               
6568           0.0384909567471               
11922          0.0277391949267               
2548           0.0192305847145               
8913           0.0317398308625               
7154           0.04132070394                 
8803           0.0327741071775               
8438           0.136189646203                
12152          0.0335189911842               
7237           0.033667859853                
170            0.0419103668033               
8992           0.0487742955926               
471            0.0319059012994               
1100           0.0727745782153               
11730          0.0237397366549               
6264           0.0229434418895               
2880           0.0146021889652               
5695           0.0807746724229               
2881           0.0247740129699               
2739           0.02033724991                 
6262           0.0583155685723               
11230          0.0165949741509               
8918           0.0324189500403               
10692          0.0311776542293               
11228          0.0461988405054               
7285           0.0197391007191               
8136           0.0180603036058               
2434           0.0467908521284               
3137           0.0727745782153               
1289           0.0680948231016               
11821          0.0278563705142               
9633           0.0177127854234               
7476           0.0167739187623               
6654           0.0495191795994               
10653          0.0384909567471               
90             0.0345232500668               
9607           0.0880918469475               
9811           0.0427351244592               
2538           0.0289681949121               
7828           0.0712192099647               
11090          0.0390985547279               
10425          0.0210331245173               
12256          0.0740525816065               
12218          0.0294976104618               
8143           0.0327741071775               
4921           0.0141984636752               
812            0.0628293823154               
3346           0.0621990289206               
9310           0.018782305982                
10813          0.0429976938262               
6040           0.0209034411727               
10118          0.0461988405054               
10561          0.0440945404789               
5914           0.0583155685723               
10285          0.0215882172918               
3545           0.0329558699299               
4065           0.0680948231016               
6042           0.0447148180186               
11041          0.0158639707186               
4724           0.0450987993616               
8218           0.0415299196142               
6772           0.0401885157125               
5452           0.0801489808308               
5628           0.0807746724229               
6145           0.0264606581338               
873            0.02033724991                 
960            0.0305106088168               
614            0.0198562763067               
11043          0.0520946346865               
2059           0.0163751256706               
11638          0.0456357192511               
7589           0.0349507691729               
4479           0.0279747479237               
11165          0.403873362114                
2336           0.0347350302516               
2267           0.0504678046855               
6775           0.412169984742                
8795           0.0262125982111               
8706           0.0807746724229               
10923          0.0217043424823               
9278           0.0189876069524               
2843           0.0727745782153               
8057           0.0186815313665               
4058           0.0621990289206               
12109          0.0212969462035               
10528          0.0384909567471               
7439           0.0263151917421               
9601           0.0363374383252               
10924          0.0181615472045               
3059           0.161549344846                
6394           0.0197391007191               
9780           0.0727745782153               
7524           0.0309435360971               
3801           0.0257128796309               
7251           0.0339102725957               
9955           0.0249557757223               
5320           0.0287117022178               
11878          0.0319059012994               
6678           0.074197410308                
3740           0.0566888003787               
2737           0.0600947288941               
11835          0.0412967313616               
970            0.0647744840077               
5722           0.161549344846                
11458          0.0246743114049               
10274          0.0583155685723               
9966           0.0431707118608               
10181          0.0307906637133               
6261           0.121375330294                
10586          0.0483501560773               
9608           0.0314146911577               
6235           0.0177127854234               
3564           0.0600947288941               
10279          0.0221985578827               
12136          0.0680948231016               
697            0.0168190917994               
12255          0.0309435360971               
7159           0.0726748766503               
12020          0.0216354366284               
2549           0.0419103668033               
10816          0.0267349360441               
4187           0.0680948231016               
4986           0.0152158455794               
7919           0.0377871897956               
10460          0.0567743898002               
7790           0.0360944462714               
1335           0.0337129738385               
9757           0.0373640431901               
4222           0.0312554928235               
1796           0.0363374383252               
5830           0.022490768332                
663            0.0263151917421               
8690           0.0541201514976               
11220          0.0394147853653               
2648           0.0297737563951               
6006           0.0600947288941               
2342           0.0301986520903               
1856           0.0440945404789               
4500           0.0467908521284               
9005           0.0567743898002               
12041          0.0245066258089               
11756          0.0807746724229               
11591          0.0585584052139               
12153          0.0431707118608               
8988           0.0807746724229               
3507           0.0349507691729               
6048           0.0337129738385               
230            0.022343738366                
9954           0.204284469305                
276            0.0474148795729               
9309           0.0495508876585               
8212           0.0436233854183               
4810           0.0727745782153               
1356           0.0807746724229               
12270          0.0600947288941               
8341           0.0368393302781               
6133           0.0484905864403               
69             0.0251404468019               
3809           0.0384909567471               
709            0.0727745782153               
10160          0.0583155685723               
8648           0.0680948231016               
7198           0.0190599815412               
10292          0.0254231147154               
9416           0.027508353307                
7046           0.0647744840077               
5120           0.0423153801572               
10866          0.0192819440789               
3688           0.0331405410094               
10026          0.0647744840077               
11262          0.0621348240307               
6610           0.0320743962078               
11021          0.0600947288941               
137            0.0381987462979               
8903           0.0680948231016               
6639           0.0193381081617               
10717          0.0234145969502               
6532           0.037913751664                
7915           0.0680948231016               
9862           0.0467908521284               
8688           0.0474148795729               
11967          0.012215020211                
7780           0.0807746724229               
5015           0.0306397897186               
2683           0.0234950272146               
5867           0.0545640765729               
8291           0.00790561867672              
10728          0.0224170192233               
12179          0.0712465824214               
3808           0.0324189500403               
3389           0.0461988405054               
5062           0.0727745782153               
876            0.0807746724229               
6019           0.0729952448336               
12227          0.0644907748554               
6421           0.0190599815412               
1048           0.0337129738385               
3091           0.0752712500871               
1986           0.0680948231016               
7478           0.0554149737804               
2146           0.0240743020002               
3070           0.0351706176532               
5976           0.0807746724229               
2632           0.0278563705142               
3702           0.0409213833764               
186            0.0423153801572               
6283           0.0487742955926               
7662           0.0436233854183               
7416           0.0807746724229               
4466           0.0680948231016               
10998          0.0184205580067               
3528           0.0294989411207               
10156          0.0341110028072               
3706           0.0265231558593               
149            0.054198934713                
