326
1696           0.0963834151432               
3603           0.02963161133                 
6933           0.0399563382432               
719            0.0562732368455               
6753           0.0790225795847               
6447           0.0754262812079               
10877          0.0230203716553               
7258           0.0535293244638               
11272          0.0270843657652               
3772           0.0254452575518               
5510           0.0311019009293               
1445           0.0458470766179               
12114          0.0391834302032               
1086           0.0280232874447               
2148           0.0409224137029               
9590           0.0283579885476               
246            0.0481917075716               
5441           0.0601405641385               
9595           0.0195505186529               
3992           0.0596565562937               
2852           0.018051282134                
3664           0.0254452575518               
6999           0.037713140604                
4428           0.0108244738709               
8911           0.0287441507375               
10517          0.0535293244638               
9850           0.0562732368455               
840            0.0287048632356               
132            0.0214946283958               
6108           0.0222719091759               
2880           0.0120671792755               
2882           0.0328408844289               
2739           0.0672264250846               
6853           0.106589737149                
8554           0.0679164019982               
9145           0.119313112587                
3698           0.0667518038131               
9972           0.0158423512362               
9099           0.0422873099349               
11965          0.0173816737257               
5049           0.0513992387286               
7000           0.0430507574962               
4834           0.0667518038131               
4996           0.0438806722442               
2629           0.0422873099349               
7821           0.0247205037665               
9583           0.0557204813866               
8979           0.0481917075716               
9627           0.0482232926335               
9041           0.0562732368455               
9310           0.0504452260962               
6144           0.0535293244638               
4695           0.0372694325696               
2640           0.0269364867922               
10183          0.0340234650289               
10285          0.0594679991517               
12109          0.0351993894164               
9808           0.0562732368455               
2198           0.0353161029103               
2680           0.0368454515385               
7231           0.0248375359427               
8441           0.0541538464019               
11041          0.0393297290849               
5738           0.0258293901103               
6628           0.0532948685743               
4297           0.0148833887212               
1164           0.0168066062712               
237            0.0353161029103               
2522           0.0214946283958               
3030           0.0963834151432               
157            0.0430507574962               
2059           0.0405969771239               
5109           0.0339984246098               
9278           0.0119992047667               
6273           0.188555407546                
2353           0.00932326689383              
1932           0.0372694325696               
2053           0.0656817688579               
4945           0.0280232874447               
2351           0.0328408844289               
3415           0.0294389178532               
2613           0.0562732368455               
3348           0.0598751197162               
1522           0.0745904058688               
8121           0.0167560066687               
3327           0.0356760702602               
3001           0.0339984246098               
1353           0.0214120477701               
11277          0.0415804678969               
8293           0.0152641134301               
3625           0.0667518038131               
3740           0.0156157846999               
11786          0.032310859039                
11238          0.0362185281836               
8143           0.0270843657652               
4993           0.0415804678969               
8805           0.0339984246098               
6287           0.0288831488506               
1845           0.0667518038131               
6197           0.0153944754051               
7656           0.0422873099349               
881            0.0308774669816               
10718          0.0204731260905               
5127           0.0207759452605               
8860           0.0496619971709               
3896           0.0336956054398               
3957           0.05926322266                 
3628           0.0372694325696               
7919           0.00780678832926              
11124          0.0281891699335               
4454           0.0601405641385               
1799           0.0469180847892               
5830           0.0371725272358               
3312           0.0947017849395               
3321           0.0169600358963               
8033           0.139876912889                
10100          0.0283579885476               
71             0.0336956054398               
8141           0.0311019009293               
12128          0.0372694325696               
4986           0.012574302173                
8905           0.0306581928949               
10403          0.0360501575279               
12129          0.0234075656792               
5650           0.0272345736363               
4430           0.201580026341                
605            0.0850739656427               
7183           0.0171685251306               
7430           0.0302342118638               
2601           0.0667518038131               
3523           0.0300290856205               
230            0.0184647587557               
4275           0.0223623174613               
6475           0.0356760702602               
6877           0.0415804678969               
2258           0.0171159740186               
9640           0.0194831119929               
11664          0.0198250124942               
10619          0.0562732368455               
6217           0.0386677369012               
9890           0.0249560219718               
4772           0.0492097803941               
2403           0.0481917075716               
11890          0.0127716471996               
3661           0.0151781848967               
5417           0.0430507574962               
11643          0.0496619971709               
2788           0.0457946698779               
11262          0.0342319480373               
8720           0.0406504942351               
7802           0.0166057987975               
6612           0.0236229721891               
247            0.02963161133                 
4316           0.0426603519992               
6639           0.0159809202985               
9152           0.0562732368455               
1644           0.0201796259273               
4084           0.0281891699335               
5559           0.0447897409958               
1834           0.0331173676337               
8136           0.0149249487115               
8233           0.0349692282222               
4998           0.112093149779                
11852          0.0250759984304               
664            0.026506127959                
3041           0.037713140604                
8590           0.0349692282222               
2925           0.0226388006661               
8066           0.124196006311                
6026           0.0562732368455               
8199           0.0422873099349               
6019           0.0402152813192               
628            0.0211685110668               
1722           0.0193497111792               
8721           0.0194161783659               
9772           0.0231181981815               
5814           0.0514009806705               
697            0.0138992171981               
10232          0.190642015454                
5456           0.0365707105938               
7951           0.0217467488729               
9781           0.060058171241                
5538           0.0283579885476               
10728          0.0185253177064               
5093           0.0232170384722               
4809           0.0119445023086               
3610           0.0514009806705               
8563           0.0457946698779               
5787           0.00889324851512              
5200           0.0300290856205               
2551           0.0386677369012               
2638           0.0157057665247               
1503           0.0120671792755               
9912           0.0415804678969               
5338           0.0877613444884               
7453           0.0315142030319               
10202          0.0288831488506               
1154           0.0272345736363               
1592           0.455444715233                
2648           0.0246048901971               
9584           0.0614193782715               
4864           0.0496619971709               
3258           0.0171685251306               
5503           0.0360501575279               
2399           0.121888920829                
5039           0.0877613444884               
7154           0.0341472325432               
5320           0.0237272136933               
7374           0.0320564972265               
8919           0.0210886946789               
832            0.0263668845708               
10849          0.103116669808                
6145           0.0109334808024               
2896           0.0469180847892               
6421           0.0315021555733               
7285           0.0489368959029               
11985          0.018404581883                
2028           0.024266227307                
7718           0.0318087429672               
3425           0.0409224137029               
12184          0.110169111308                
3419           0.0336956054398               
7476           0.0415856592475               
6353           0.0415804678969               
4596           0.0562732368455               
4621           0.0438806722442               
5963           0.0311019009293               
9833           0.0360501575279               
12218          0.0304708556445               
9829           0.0364395178215               
7558           0.0496619971709               
11148          0.0285298491016               
3366           0.0481917075716               
11086          0.0255715905602               
9303           0.0311019009293               
3796           0.0197556448962               
3999           0.0438806722442               
6706           0.0562732368455               
4425           0.151923456016                
8753           0.0492097803941               
2889           0.037713140604                
9295           0.0457946698779               
2292           0.112546473691                
7554           0.0422873099349               
8191           0.0235198576422               
7811           0.0313317434411               
5605           0.0496619971709               
3973           0.0311019009293               
10923          0.0179363650487               
29             0.0235198576422               
4955           0.0514009806705               
8291           0.0130663310937               
2175           0.0311019009293               
10106          0.0623278357815               
7520           0.0179936505224               
10621          0.0360501575279               
1938           0.0266375588288               
4931           0.0403068451145               
8503           0.0481917075716               
10075          0.0642361433102               
11956          0.0298282781469               
11835          0.0170637108594               
6852           0.0422873099349               
11862          0.0122227782025               
6126           0.0386677369012               
6235           0.014637761344                
1875           0.0307889508101               
9845           0.0386677369012               
10292          0.0210095406753               
10288          0.0224535909109               
11048          0.0311019009293               
4078           0.0298282781469               
5604           0.0199652797676               
1080           0.0381785013212               
6265           0.0201796259273               
11064          0.0154823838863               
4781           0.0346345271194               
2626           0.018051282134                
9625           0.0840330313558               
5792           0.0214946283958               
11724          0.0237272136933               
7057           0.0397286073084               
11591          0.0120980966533               
6132           0.0409224137029               
10185          0.0349692282222               
965            0.0514009806705               
8347           0.022923538309                
10316          0.0409224137029               
4267           0.0238326070606               
6715           0.0360501575279               
8602           0.0412466679233               
262            0.0220936235609               
8997           0.0146782624778               
7377           0.0325721905286               
9918           0.0280232874447               
9069           0.0161688673195               
2108           0.0224535909109               
1951           0.0137507627974               
2671           0.0915893397558               
9551           0.0236229721891               
11160          0.0514009806705               
10943          0.0668157275278               
12056          0.0679968492197               
3441           0.0287048632356               
1483           0.0562732368455               
812            0.0259609508539               
9203           0.0270843657652               
7922           0.0462363963631               
9155           0.0457946698779               
10987          0.0372694325696               
9830           0.120920535343                
5545           0.122767241109                
8865           0.0574097264712               
7237           0.0111291834844               
5977           0.0562732368455               
8308           0.0339984246098               
4599           0.0562732368455               
6913           0.0317766352064               
10248          0.0190883796897               
490            0.026506127959                
12041          0.06075647585                 
4597           0.0601405641385               
5999           0.0331125012403               
10558          0.0336956054398               
10998          0.0304453224584               
4417           0.0535817312039               
