110
1186           0.0938012454498               
12157          0.0778598495015               
7454           0.0257630983957               
11918          0.0534148659765               
9309           0.0199523023831               
1353           0.0730314666195               
4802           0.0619654195143               
9840           0.10686521905                 
5787           0.0303327822283               
1938           0.136281686552                
3784           0.147767758491                
2021           0.129668399343                
4911           0.0678567918977               
5443           0.0904061778695               
8336           0.0955808525912               
6714           0.0685824402877               
4529           0.0566384800555               
10893          0.0727522212369               
11862          0.0416890260978               
11914          0.0863625385568               
6719           0.191934795886                
8524           0.0531094000016               
2430           0.0685824402877               
1794           0.0558021386919               
660            0.0829514029643               
10292          0.0716586094424               
11598          0.0510478668618               
8288           0.0939402417438               
6962           0.0671469771065               
3274           0.0698290252633               
10816          0.0753561615835               
9595           0.0666822279551               
4275           0.0762726133786               
394            0.156194864707                
3992           0.101737251999                
10235          0.105315788727                
9301           0.0973086154438               
10385          0.059469124367                
11064          0.105613551223                
7154           0.0388227303994               
3068           0.106081280217                
74             0.113926737075                
4014           0.0756587859733               
12138          0.0488414698002               
9661           0.135504949813                
1102           0.0750563263982               
8019           0.16002656915                 
8790           0.071390855772                
1192           0.182575955122                
471            0.0899312513718               
6756           0.109337184013                
7344           0.0908881405708               
4686           0.078186805895                
9627           0.164478326597                
12129          0.0399188547938               
4547           0.0851191303683               
9539           0.0611767290732               
9729           0.169385409914                
7014           0.0644531447787               
6620           0.0604067076258               
12223          0.148137597566                
1113           0.106081280217                
4267           0.0812874259245               
2009           0.0967224394531               
3661           0.0517692242952               
11837          0.103836811896                
12224          0.0695758575473               
8956           0.119308983496                
236            0.0596544917478               
8305           0.128630666189                
9310           0.0132351399883               
2837           0.0788507450071               
11292          0.0617309600095               
6040           0.0589192765625               
697            0.0474069658231               
5016           0.205125341094                
2816           0.0835318942453               
6639           0.109014332479                
4124           0.122958621445                
1706           0.0973086154438               
1975           0.101066467671                
2812           0.0609825082736               
9313           0.0971518037967               
2687           0.0636025894725               
11967          0.034429745231                
5407           0.133442339771                
3589           0.0690753571012               
2435           0.083921502343                
4297           0.0507637437692               
5913           0.16002656915                 
2925           0.0772156326617               
6680           0.0847150023475               
10866          0.054348859906                
366            0.0698290252633               
12227          0.0908881405708               
7877           0.0788507450071               
12051          0.0662240247844               
7166           0.0753561615835               
5611           0.115960642283                
5684           0.154431265323                
4123           0.10766851634                 
6547           0.106081280217                
6646           0.191161705182                
6273           0.0918740307857               
9278           0.00629637994019              
8057           0.0526565125856               
10265          0.0695758575473               
2825           0.0765839256807               
8291           0.0445661869128               
119            0.0607894401264               
