41
9309           0.0487704658276               
8163           0.564513566135                
5348           0.0913689652517               
9640           0.0812164562084               
6933           0.0555200865988               
319            0.108219694519                
4802           0.0757326727736               
2795           0.133629324933                
6027           0.324659083558                
1532           0.126906899991                
11862          0.0509513434503               
11179          0.103048820555                
7804           0.115468745764                
7453           0.0437895802857               
1668           0.307184704625                
2854           0.214267900181                
9538           0.101620174481                
4768           0.107671276106                
3307           0.15027712417                 
11077          0.112902713227                
6421           0.0656592601717               
77             0.0803852125953               
9278           0.0115429303652               
6974           0.104530720203                
6648           0.0643555465016               
3535           0.138051623331                
1392           0.127800414102                
3428           0.214267900181                
9846           0.161188652093                
11177          0.0885776646634               
7166           0.0920985215853               
8874           0.104030591538                
8795           0.0902991328714               
2821           0.18670857302                 
5277           0.0752477923176               
2750           0.0971978760826               
11292          0.0377230609511               
9991           0.1487177202                  
1451           0.119657848746                
9261           0.0850339704609               
1196           0.120401042433                
