107
3874           0.163977697864                
1186           0.0438672258384               
1602           0.108872164976                
7454           0.0240968155636               
1664           0.0784937018335               
9441           0.0747068327691               
4688           0.212949382964                
10545          0.0650758919307               
4469           0.126740880831                
4547           0.0796138707354               
5787           0.0283709454375               
6678           0.0978047466407               
11728          0.0716306984479               
3504           0.0763699690393               
2021           0.161709095461                
6639           0.0509818000767               
6714           0.0641467260316               
10893          0.0680468175863               
6646           0.0893989589656               
9182           0.106558284601                
8524           0.0496744373241               
12243          0.0774133107525               
11029          0.151258808306                
2721           0.103910718192                
6197           0.0491109430951               
11598          0.0477462381966               
1154           0.0868828304231               
1938           0.12746738048                 
12108          0.142102206847                
3274           0.0653126854896               
10972          0.0489716851002               
2432           0.163977697864                
3661           0.0484209403136               
2852           0.0575865995006               
4029           0.0333451257058               
7919           0.024904956311                
9301           0.0910149751045               
10385          0.0556228330766               
11778          0.0878644580917               
7154           0.0726235765389               
6655           0.103077027171                
9845           0.123356527365                
6999           0.120311206027                
8911           0.030566211017                
12138          0.0456825445276               
471            0.0841147576439               
9625           0.053615875987                
6263           0.0873696859097               
7344           0.0850097580119               
9627           0.102560228829                
10067          0.158430050578                
9313           0.045434152791                
1735           0.134903568794                
5958           0.158430050578                
6759           0.0825569143305               
7014           0.0602845014358               
2359           0.139986660205                
9309           0.0186618450626               
3740           0.049816956642                
7171           0.0474804913655               
1709           0.0781292924629               
8240           0.121795784299                
2246           0.0474804913655               
7760           0.212949382964                
12224          0.0650758919307               
4006           0.0493913858061               
8305           0.120311206027                
8173           0.0563223539704               
7434           0.146092631756                
5065           0.1707674694                  
3427           0.0418227975991               
8131           0.0499601466416               
451            0.158430050578                
6395           0.0420432900042               
7452           0.0653126854896               
367            0.0688911123669               
557            0.0641467260316               
1686           0.0927216552299               
660            0.116379518523                
10265          0.0650758919307               
8233           0.111557668067                
5407           0.041603891484                
6058           0.0662787291277               
6278           0.0939150559813               
4929           0.17952100736                 
5610           0.0680468175863               
6648           0.0985016827176               
1164           0.053615875987                
6904           0.139848036645                
614            0.104695733468                
366            0.0653126854896               
7877           0.073750906444                
938            0.0592932796261               
10235          0.0985042675345               
5684           0.0722215484449               
4123           0.201409655035                
1909           0.0537781580718               
11914          0.0807768588718               
8059           0.0646077624086               
8743           0.0648409269117               
10050          0.073750906444                
9278           0.00588914826186              
29             0.0750322670879               
8291           0.0625256618934               
119            0.113715509248                
3731           0.112664256152                
4945           0.0893989589656               
