68
3874           0.21438159138                 
1938           0.111099091451                
1602           0.0711687878551               
1664           0.102621301138                
10545          0.0850790897441               
4802           0.07577285676                 
9313           0.118799642942                
8293           0.0636630835726               
11029          0.0494382840736               
3740           0.0651298230294               
4387           0.123119287579                
6278           0.122782911445                
2021           0.15856174503                 
6879           0.278406321091                
10181          0.106126278835                
11862          0.050978378388                
6646           0.116878644721                
9182           0.139312448736                
12243          0.101208816622                
9586           0.109397776276                
6197           0.0642067931924               
10292          0.0876259305829               
11598          0.062422601734                
10865          0.187297459654                
1800           0.170677914279                
6678           0.25573645078                 
7452           0.0853886695263               
8463           0.124406843096                
10385          0.0727203249428               
11778          0.114872464956                
4407           0.21438159138                 
7154           0.0474734006909               
4503           0.186807641156                
8379           0.0940330883848               
4469           0.165698824166                
478            0.0690522886711               
8919           0.0879560636083               
2538           0.0998447698046               
6263           0.228451216814                
7344           0.111140279702                
6145           0.0456010173964               
9627           0.0670427300639               
10069          0.155442175613                
1445           0.0956087716349               
7014           0.0788149091111               
11965          0.072494937364                
9309           0.048796343585                
7171           0.062075168947                
1709           0.204289757324                
8240           0.159233690933                
1003           0.0948131290878               
2852           0.0752877190249               
4316           0.0889632262957               
7919           0.0325603069                  
2812           0.0745709284387               
660            0.152152559221                
3348           0.0499450527262               
8291           0.05449664222                 
7166           0.0921473893408               
4123           0.131659740709                
8089           0.110550923719                
10050          0.0964206529009               
9278           0.0153987401055               
11852          0.104586184521                
103            0.0832705600768               
2078           0.0998447698046               
3731           0.147295289788                
4945           0.116878644721                
