51
2070           0.107975342908                
9309           0.0511020673811               
4267           0.104097147213                
1938           0.116348743373                
4809           0.0521717415155               
303            0.133910252074                
1602           0.0745316539152               
7454           0.0329923726316               
6850           0.124613975062                
11360          0.181617062576                
9313           0.0622065805802               
5787           0.0776886722908               
11728          0.0980738176303               
8956           0.0763938867393               
1186           0.0600612083931               
2021           0.0553513670853               
8305           0.329450348369                
9310           0.0169489967247               
8545           0.13297402115                 
6040           0.0754523659259               
2160           0.093166914785                
14             0.176054074945                
10545          0.0890992450951               
6235           0.0639354810669               
660            0.212456091646                
10292          0.0917664292035               
11598          0.0653721931923               
2627           0.252314267612                
5127           0.0907461205054               
11041          0.0572620610074               
5407           0.113924687446                
3589           0.0884583013326               
7014           0.0825390695312               
7919           0.0340988458337               
9301           0.124613975062                
8291           0.0856075746102               
8379           0.0984763378904               
8064           0.061368312403                
5162           0.0862896060772               
1102           0.0961175651646               
6646           0.122401391972                
7344           0.11639187785                 
7166           0.096501535835                
5684           0.197765570479                
9627           0.0702106317284               
9325           0.583123141386                
4686           0.100126475292                
9278           0.00403159026191              
10998          0.0332451167202               
12223          0.126470575461                
11965          0.0759204666127               
