101
1186           0.07538806394                 
1522           0.153352209523                
12058          0.0514569648153               
5227           0.0633723462606               
11918          0.0429295294778               
11363          0.128613358697                
1326           0.0565333444502               
9313           0.0390404538948               
8293           0.0418424772577               
6678           0.168082443156                
4387           0.121379982749                
1938           0.0730197305334               
11238          0.0496416954962               
2021           0.0347381655534               
7518           0.0361267686127               
10132          0.0553170377565               
7721           0.0828789911783               
11836          0.0738391614534               
11862          0.0670109431914               
8089           0.0726594480182               
10636          0.30851600307                 
8380           0.094941276476                
9586           0.0719015433904               
1445           0.2513549535                  
8369           0.0801811486367               
11598          0.0410271722142               
10975          0.0690722041147               
10865          0.123101006992                
1503           0.066157877654                
1800           0.112177832832                
5417           0.118012117095                
2852           0.0494827534939               
11057          0.110490416477                
8463           0.0817662326551               
7323           0.113981712093                
11922          0.0628387383751               
11186          0.118012117095                
262            0.0605637494522               
10441          0.0665193605167               
1533           0.0530420488337               
10069          0.102164163798                
9082           0.0823166925417               
4428           0.0593447898359               
8911           0.0262647959441               
6163           0.0506161888698               
8919           0.115618012345                
2538           0.065622842555                
5610           0.0584709625132               
6145           0.0899136246438               
1121           0.146736300917                
2880           0.033078938827                
9096           0.0858875799362               
2739           0.0921416162035               
4430           0.138144408229                
103            0.0547294651896               
4417           0.146879959953                
7285           0.0447157961551               
9309           0.0320713321149               
11812          0.153636668512                
8956           0.0958886338156               
12217          0.115919330156                
203            0.067447714092                
11837          0.083453649011                
12218          0.0167055373398               
8143           0.0742445320365               
4677           0.0528611077734               
9744           0.0453845251623               
1003           0.0623158033661               
9310           0.010637082428                
3427           0.0359373048933               
10813          0.0487022215355               
11093          0.0915629221965               
8545           0.083453649011                
11781          0.0988218479513               
2640           0.0738391614534               
10285          0.0163015586425               
5232           0.0687391310898               
7237           0.0305076746826               
6705           0.107410875494                
11967          0.0276711873331               
12073          0.336533498497                
10385          0.0955906742759               
7014           0.155402983502                
10866          0.0873603608569               
960            0.0345584680841               
7523           0.101001933398                
3796           0.0541548073569               
7503           0.0812271232696               
11122          0.083453649011                
11604          0.0871951463346               
5914           0.132104654313                
2610           0.152742770544                
8379           0.0618031226484               
9278           0.00759060113615              
11852          0.0687391310898               
8291           0.0358178458339               
4316           0.0584709625132               
2078           0.065622842555                
2532           0.125533817714                
7475           0.182982185356                
6000           0.0759319483925               
