219
1186           0.107264690858                
303            0.0478306786551               
7454           0.0589218356686               
3995           0.0474962713951               
6933           0.0207789891737               
11617          0.0496256830435               
4802           0.0283437668069               
7765           0.0568502805512               
5787           0.0138745983295               
4327           0.0424893973488               
3504           0.0373481612446               
2021           0.0790826217161               
786            0.0835125516312               
6639           0.04986453481                 
4574           0.0365348169107               
3842           0.0714455071294               
10114          0.0731981772166               
2660           0.0478306786551               
10285          0.0185555278319               
2430           0.0627409516405               
5092           0.0574835887581               
6287           0.0450613842752               
10882          0.0340611512867               
1876           0.0402971323997               
7439           0.0339276930215               
4275           0.0697761165599               
8686           0.0400946735376               
7344           0.0415733853179               
7324           0.12226226543                 
5227           0.0360673283027               
8997           0.068699866773                
2852           0.0281622950844               
9301           0.0445101917499               
11922          0.0357636341533               
2548           0.024793639401                
11186          0.0671646549657               
507            0.128908365019                
6999           0.0588372940142               
4428           0.0168875554115               
4014           0.0346072858593               
478            0.0516597117033               
1102           0.0686634264559               
10856          0.0671646549657               
471            0.246814152556                
10341          0.0938269260457               
744            0.187653852091                
7555           0.0329010448169               
132            0.0335343530239               
4686           0.0357636341533               
4986           0.0196175100277               
11230          0.0427911902912               
10786          0.0405023838858               
9406           0.0371818969806               
5958           0.232437088141                
5292           0.0287134876098               
9972           0.123580410254                
2880           0.0188263338345               
11965          0.108470483347                
1431           0.0659735797089               
7476           0.021626305144                
7171           0.0232199786093               
2246           0.0232199786093               
2626           0.0281622950844               
11523          0.0774790293803               
9505           0.0356140801626               
12218          0.00950768174545              
4921           0.0183058182388               
8173           0.0275440252788               
9310           0.0847548865476               
2278           0.0405023838858               
10813          0.0277180681613               
6040           0.0269504224842               
2686           0.0327775545081               
15             0.0492489414824               
26             0.03488805828                 
8859           0.0178930815447               
5093           0.0362215317222               
10183          0.0265404655146               
3544           0.0611311327148               
4124           0.112485657983                
10620          0.0303961317005               
11458          0.0318121361634               
7237           0.00868147057397              
2561           0.0289969342145               
3211           0.0671646549657               
11041          0.06135937757                 
77             0.0300850298435               
5407           0.142422500227                
5020           0.039311308629                
6648           0.0722572650338               
11927          0.0336643145208               
8166           0.0365348169107               
5591           0.0351742304999               
11954          0.0492489414824               
2987           0.0698776903114               
4177           0.0504090479521               
10834          0.17558680759                 
2438           0.0492489414824               
1164           0.0786613274886               
9517           0.0605834134657               
12209          0.0581450530696               
864            0.0512359549454               
5684           0.0353194072302               
6759           0.0403738404906               
6547           0.0485229195997               
6646           0.0874397823266               
10610          0.0429694550064               
8743           0.0317099695601               
1175           0.102471909891                
9278           0.0158402411189               
29             0.0366939681264               
7208           0.0383867568579               
8291           0.0203851376983               
12224          0.318248774425                
119            0.0278058589576               
960            0.0393367671413               
1938           0.0207789891737               
5533           0.0877934037948               
1602           0.026621558341                
8524           0.0242929114448               
7251           0.0437198911633               
579            0.026867522566                
9313           0.066657696178                
1140           0.0684594274841               
11711          0.0884841348721               
7209           0.0447832360494               
3784           0.0337954210678               
6848           0.145944716445                
1158           0.16638893189                 
9896           0.0562428289917               
8966           0.0439786889354               
10181          0.0396978367717               
11914          0.0395033177036               
67             0.0938269260457               
10545          0.0636497548849               
660            0.0758860422589               
10292          0.0327775545081               
11598          0.0233499401063               
11162          0.0496256830435               
12020          0.0278941707707               
915            0.0595633158969               
4753           0.0248598560854               
4029           0.0163071839264               
655            0.0659735797089               
4051           0.0835125516312               
11064          0.0241544872204               
11906          0.0343317132279               
4368           0.0595633158969               
1796           0.0468491913253               
2155           0.0731981772166               
4911           0.0310385550665               
8451           0.0321750229343               
8190           0.022836768673                
8422           0.0359147064846               
1566           0.0715272683066               
9627           0.0501563115945               
12129          0.0182593891939               
236            0.0272867192111               
1190           0.0439786889354               
6554           0.0395033177036               
7183           0.0535701638592               
8911           0.0149481765157               
3946           0.0405023838858               
446            0.0424893973488               
12223          0.112933352012                
7710           0.0516673038956               
1886           0.0318248774425               
335            0.0496256830435               
8956           0.0272867192111               
2628           0.0628838028021               
262            0.103406584905                
203            0.0383867568579               
8887           0.0671646549657               
9330           0.200048844745                
3661           0.0710396943666               
509            0.040710506115                
9554           0.0313704758202               
1330           0.0877934037948               
8305           0.0588372940142               
10564          0.0252254886525               
10866          0.0248598560854               
6273           0.0420243439747               
8131           0.0977305417847               
10543          0.0365348169107               
6395           0.0205609560156               
367            0.0336906824157               
9216           0.111318410589                
9398           0.0648708162651               
9153           0.0434655175021               
12168          0.0568502805512               
5383           0.0658020896339               
2812           0.0278941707707               
10265          0.0318248774425               
6431           0.055097610464                
3878           0.0434655175021               
4307           0.0801920647259               
2825           0.0350304564653               
11109          0.0659735797089               
7790           0.0465359061367               
5375           0.0628838028021               
3259           0.0262204424962               
2828           0.053529793646                
7722           0.053529793646                
8017           0.0462290808991               
2925           0.0353194072302               
6904           0.0341958173353               
3981           0.0478306786551               
6913           0.0247877954273               
11238          0.0282527543102               
1722           0.0301880094713               
6421           0.0737210515963               
3091           0.0485229195997               
2146           0.0310385550665               
697            0.0650536377312               
4969           0.0375163042406               
5277           0.0281622950844               
11292          0.112946088253                
330            0.0313704758202               
9588           0.0321750229343               
