160
1186           0.0595134259563               
5683           0.0236601019801               
4802           0.0393147701657               
7421           0.0658806222316               
5787           0.019245030069                
11728          0.0485896724354               
3504           0.0518044896941               
2020           0.131761244463                
10538          0.0502417764162               
1686           0.0628964250373               
11836          0.116581358856                
4574           0.0506763246987               
6873           0.0772031776391               
2870           0.0704863678407               
1010           0.045808753832                
10902          0.104287073471                
9590           0.0613668156655               
1777           0.441436469116                
3064           0.0508970784718               
4480           0.0742495360107               
1037           0.0550636525974               
2548           0.0171952486284               
1533           0.0418728626371               
5162           0.0427513050392               
12138          0.0619762175356               
10980          0.0949579734955               
8919           0.0456360308071               
2971           0.0553370377998               
9456           0.124234908123                
7344           0.0576651684978               
4713           0.111231954994                
2880           0.026113430611                
9836           0.0716661335656               
7111           0.144451205806                
2739           0.0363695720969               
9539           0.0776287504178               
771            0.0688342638599               
10692          0.0371704777627               
8595           0.0885562886125               
11761          0.115837700603                
11965          0.0376140206733               
11644          0.130144453204                
11967          0.0218444017846               
7476           0.0299971849917               
5196           0.111231954994                
7171           0.0322077206074               
2923           0.0553370377998               
12218          0.0263756278534               
2222           0.0487890969919               
557            0.0435130254656               
1003           0.049193821352                
3576           0.0586106901954               
729            0.0847931204425               
2021           0.0548465403002               
5738           0.0558949171937               
11448          0.0788552816198               
10285          0.0257378039053               
7237           0.0240836034703               
2687           0.08070698808                 
11041          0.0283699039617               
9838           0.104287073471                
5317           0.0449592396491               
9278           0.00998705133303              
6648           0.0334086125174               
538            0.0658806222316               
5591           0.0975781939839               
2638           0.0339873498994               
2034           0.0710678226581               
960            0.0272814119901               
11724          0.102691595811                
11638          0.0816114070899               
4479           0.0500278855796               
5189           0.0990998730443               
6759           0.0840019749532               
8804           0.0404870885583               
6904           0.047431970081                
6130           0.0764242066634               
6422           0.0520377156901               
247            0.0641229411355               
873            0.0363695720969               
8057           0.0334086125174               
29             0.0508970784718               
10232          0.058935740709                
8291           0.0424133995067               
5177           0.0602896870543               
8708           0.0806512208937               
1938           0.0288218989806               
1522           0.04035349404                 
2579           0.0487890969919               
3284           0.0756735682673               
3235           0.152848413327                
9313           0.030819615742                
8293           0.033031610602                
6951           0.0693704051992               
11458          0.0220628194951               
10132          0.0436688019109               
10181          0.0550636525974               
6646           0.0606425209628               
10586          0.0288218989806               
1445           0.0496066407336               
11175          0.0859728861674               
9845           0.083677157801                
5624           0.0668189784088               
11598          0.0647759724328               
5127           0.0449592396491               
11891          0.106213188321                
6133           0.043358415896                
4029           0.0452383899772               
7919           0.0168939253056               
4182           0.0561796152389               
12053          0.115837700603                
4417           0.115951109025                
12108          0.0481965123381               
5483           0.0722823071146               
7099           0.0540049445862               
7183           0.037152766148                
3946           0.0561796152389               
12223          0.0313292782053               
8987           0.0506763246987               
11617          0.0688342638599               
1639           0.104287073471                
8683           0.0606425209628               
8602           0.0892579762143               
262            0.0478107014597               
3079           0.0668189784088               
7198           0.136341614701                
7184           0.0579755545127               
4669           0.115837700603                
10943          0.0481965123381               
12013          0.144451205806                
9158           0.104287073471                
8218           0.0247563037                  
8052           0.121775539425                
10148          0.0592659922509               
4560           0.0722823071146               
2812           0.0386911492845               
8158           0.0764242066634               
664            0.114718761928                
8010           0.0596016139714               
12179          0.0637059515789               
9310           0.0671776601635               
8064           0.0304043043253               
10473          0.0621174540615               
9126           0.130144453204                
1824           0.0847931204425               
7877           0.0500278855796               
10769          0.0668189784088               
3098           0.0340854036754               
7478           0.0990998730443               
1909           0.0364796538566               
5999           0.0716556026683               
9329           0.0899803208691               
3453           0.0899803208691               
5456           0.0395695916866               
1794           0.0708087922142               
6388           0.064548529018                
2065           0.088931645961                
10998          0.0164709539258               
1515           0.0316761818506               
6939           0.144451205806                
