204
1696           0.0645478566748               
5093           0.0310968452299               
1556           0.046837699784                
5683           0.029288555536                
7454           0.0101170939898               
6717           0.0517914733718               
8958           0.0317801726883               
6933           0.0178391409652               
8563           0.0613372701799               
6753           0.026460663038                
5787           0.0119115955722               
7943           0.0753722374568               
6447           0.0505128893979               
3348           0.0320786362682               
10242          0.0351319228047               
4016           0.0599912708635               
8919           0.0282461466959               
7258           0.0716970478429               
8089           0.035502243741                
3772           0.0340813164811               
8592           0.0628419693975               
5510           0.0416578109525               
6287           0.0386860197796               
1154           0.0364779221211               
1592           0.538254309779                
9584           0.027421655616                
10972          0.0205608554248               
4864           0.0665171590114               
3992           0.0799038473505               
2399           0.0653030904141               
3771           0.0447386990973               
2852           0.0241778436726               
5948           0.0805521262883               
8017           0.039688508616                
7154           0.0457367207578               
11117          0.0965709877682               
4428           0.0144982741473               
7374           0.0429363949264               
10517          0.0716970478429               
726            0.0240239240063               
10849          0.0276228436757               
4425           0.101742954946                
6145           0.014644277768                
6264           0.0253954481619               
2880           0.0161627507635               
2739           0.0225107278294               
11230          0.0367370168632               
7704           0.101742954946                
8554           0.0303223549095               
9145           0.239711542052                
7285           0.0218486533751               
11104          0.101025778796                
8511           0.0455374077714               
11965          0.0698429153655               
6599           0.0307037318204               
12184          0.147560241482                
2816           0.0328027325072               
6353           0.0556927782294               
4996           0.0587736663742               
6406           0.0566395207471               
2629           0.0566395207471               
4430           0.134997900099                
9833           0.0482854938841               
7821           0.0331105830122               
9583           0.0373159390654               
236            0.0468522916506               
812            0.0347720348438               
11148          0.0382128109494               
10185          0.046837699784                
9310           0.0207896042897               
9303           0.0416578109525               
722            0.0373159390654               
7183           0.0229954810753               
10661          0.0511361924181               
10285          0.039825647185                
3999           0.0587736663742               
2146           0.0266471652957               
7231           0.0332673356262               
3649           0.0404956303148               
8441           0.0241778436726               
11041          0.0526781441031               
5407           0.0524024196529               
6628           0.107074527286                
4297           0.0199347748901               
237            0.047302302903                
6043           0.0443573221864               
8842           0.0251424660781               
7839           0.0532124006318               
1595           0.0665171590114               
4146           0.0207370675669               
4479           0.0309644587834               
5605           0.0665171590114               
5109           0.0910748155427               
532            0.0226473620491               
11262          0.0229250942429               
247            0.119065525848                
8057           0.0206780597125               
4955           0.0688463493089               
8291           0.00875050614722              
6273           0.108235995967                
1722           0.0259169563984               
2053           0.0879740025001               
7384           0.0688463493089               
10106          0.0278272508806               
2825           0.030074285411                
1938           0.0178391409652               
1522           0.0249765523466               
10075          0.0573584900897               
11277          0.0556927782294               
8595           0.054811382032                
3740           0.0209157442943               
7554           0.0566395207471               
11835          0.0228550930937               
592            0.0716970478429               
9896           0.0482854938841               
1617           0.0539868909521               
2084           0.0290139850099               
11991          0.0831739153781               
11788          0.0249765523466               
1875           0.0412386463192               
6197           0.0206193231596               
1503           0.0161627507635               
8905           0.0410635094834               
5604           0.0267414474783               
4753           0.064027918785                
352            0.0805521262883               
6022           0.0419656614575               
4000           0.0716970478429               
7790           0.0399519236753               
11064          0.0414741351338               
4182           0.0347720348438               
11792          0.0716970478429               
2389           0.0517914733718               
3603           0.039688508616                
1591           0.0716970478429               
8033           0.140513099352                
9625           0.0450214556589               
4982           0.0171063133987               
8190           0.0196057821746               
9627           0.0215300538768               
5650           0.0364779221211               
11209          0.0725534681227               
6132           0.054811382032                
605            0.0379826213387               
8741           0.0328027325072               
8859           0.0153615366614               
11550          0.0463894019356               
9521           0.0753722374568               
230            0.0247316532607               
6809           0.0867042829487               
6877           0.0556927782294               
3642           0.0225788622723               
2258           0.0917003769715               
7377           0.0436271132891               
4742           0.0688440161561               
201            0.0285695861934               
10097          0.0394304154387               
3957           0.039688508616                
6129           0.0628419693975               
12056          0.182149631085                
3441           0.0768944489153               
11591          0.0162041614246               
1483           0.0753722374568               
8720           0.027223586877                
10996          0.0665171590114               
6395           0.0176519555247               
6612           0.0316405518695               
7180           0.0599912708635               
9278           0.0123628506697               
1686           0.0389293638563               
9830           0.107973781904                
5545           0.109622764064                
12168          0.0488070021206               
7919           0.0104563934245               
7237           0.00745320073367              
10669          0.0463894019356               
1834           0.0443573221864               
8358           0.0517914733718               
4998           0.150137293961                
7624           0.0234261458253               
664            0.0710044874821               
11112          0.0402208847202               
3259           0.0225107278294               
8590           0.046837699784                
1314           0.0364779221211               
8066           0.138623192297                
6913           0.0212807742065               
3427           0.0175593813677               
628            0.028353052573                
10248          0.0255669296327               
490            0.035502243741                
6646           0.0375343234902               
1909           0.0225788622723               
5999           0.0443508041509               
6329           0.0554014768293               
9237           0.0219133379576               
10232          0.109433766363                
1644           0.0270285422066               
1794           0.0219133379576               
2232           0.0429363949264               
10990          0.0805521262883               
1906           0.0488070021206               
6853           0.107074527286                
899            0.0337494750249               
