223
10557          0.0640836750215               
1186           0.0717482927427               
4809           0.0207745480724               
2660           0.0533224479057               
7454           0.0394122341722               
8345           0.117210572187                
6850           0.0496207130568               
4802           0.0315981096549               
5787           0.0309352728183               
3504           0.0416363605605               
2021           0.132243962304                
10242          0.0456200686971               
5136           0.0580948141549               
6714           0.0349723359512               
3565           0.102403632791                
326            0.0422051829956               
4294           0.0440389653582               
6287           0.0502351917877               
7159           0.104456538527                
129            0.0533224479057               
7439           0.0378231648509               
10972          0.106796048957                
2342           0.0434049125495               
7004           0.034240348282                
4887           0.036957453877                
579            0.0299523676575               
5611           0.0591319661713               
12152          0.0481772787986               
2812           0.0621937848098               
478            0.0287955592893               
7879           0.0838177196315               
8790           0.0364044350337               
11702          0.0978735684281               
6145           0.019016122787                
6603           0.0458587638803               
7128           0.0431988350047               
1228           0.0701039247887               
4686           0.0398699030137               
8066           0.0360014428516               
6181           0.0402084663775               
9539           0.0311959316783               
9823           0.0838177196315               
11204          0.0926934233513               
10784          0.0368174612401               
9972           0.0275539054566               
9477           0.0816025634838               
11965          0.090693544293                
9641           0.0701039247887               
9633           0.0254588151819               
7476           0.0241093700081               
7508           0.0723190809363               
7171           0.155316144523                
8971           0.0602383113184               
4709           0.0723190809363               
2538           0.0416363605605               
4784           0.046849447998                
9505           0.0397031777005               
12218          0.0105993240914               
2456           0.149752582076                
8178           0.0838177196315               
236            0.0608393903061               
8173           0.0921196329014               
9625           0.0292309918735               
9310           0.0337450636119               
8218           0.0198971632205               
6848           0.0650806533261               
184            0.0735484602372               
8859           0.0598425279779               
5093           0.0403803749524               
10285          0.0103430078142               
1158           0.0370986379549               
2146           0.0346023050925               
3649           0.0525850363263               
2687           0.0648659078642               
9406           0.0414510063526               
10138          0.0655928084903               
4291           0.15580165727                 
5407           0.068046431667                
6058           0.072269377562                
5317           0.036134688781                
5020           0.0438249104009               
4297           0.0258860240871               
8244           0.0575995824828               
10266          0.067253095889                
1164           0.175385951241                
3668           0.115199164966                
9267           0.0978735684281               
2522           0.0373846627822               
960            0.0438532919802               
11724          0.0412677002994               
8842           0.0326483988956               
8191           0.0409070550302               
446            0.0473678973492               
115            0.0453847593756               
3198           0.0779008286349               
12051          0.0675394119278               
8411           0.0412677002994               
1682           0.0423992089387               
7166           0.0384264687555               
1575           0.0512018163957               
6759           0.0450094388549               
4041           0.0289683632375               
8743           0.212104855817                
9278           0.0144482466838               
873            0.0292309918735               
133            0.0557544571939               
29             0.0818141100603               
11852          0.0436135823326               
5177           0.0484560925721               
7791           0.0978735684281               
7520           0.0312955657858               
8897           0.0529496450478               
6394           0.0283712643186               
7918           0.0720028857032               
1602           0.0593563251754               
501            0.0748762910378               
3963           0.0711745561889               
9441           0.0407296305686               
624            0.0518790136475               
9313           0.0743111248243               
2781           0.0525850363263               
11711          0.0493218035461               
3784           0.0376757058442               
441            0.0314966473874               
7518           0.0229217008176               
11292          0.0786963785114               
11458          0.0177323531783               
2561           0.0323262717058               
8328           0.0549035512446               
1632           0.093101202179                
11862          0.0212585411084               
6646           0.0487396726233               
11788          0.0324329539321               
1552           0.0711745561889               
2226           0.0596759174938               
660            0.0845990408018               
11598          0.0260309073576               
5205           0.0218699313057               
562            0.103806915277                
10718          0.0356080087032               
11056          0.156684807791                
3868           0.0282876922072               
4753           0.0277141871771               
6887           0.0633776523427               
3957           0.0515369596937               
4029           0.0908976194626               
9517           0.0337697059639               
1974           0.0571187073923               
7800           0.0453847593756               
3603           0.0515369596937               
5830           0.0323262717058               
4911           0.0346023050925               
10314          0.0608204422412               
12035          0.0449239233804               
4986           0.0218699313057               
5292           0.0320102806466               
8279           0.0356080087032               
11473          0.076319725296                
7099           0.0434049125495               
10185          0.0608204422412               
5227           0.080416932755                
7183           0.0298604614444               
2711           0.076319725296                
9595           0.0340033581226               
3917           0.0690982211779               
10132          0.0350975367646               
12223          0.0251800014083               
9627           0.0279575513806               
8987           0.162918522274                
3802           0.0952666549523               
9309           0.0101743043702               
1375           0.0735484602372               
2009           0.0493218035461               
7695           0.079648657287                
8675           0.0310968924049               
9082           0.104456538527                
11278          0.0655928084903               
2638           0.0273163496689               
12224          0.0354789105496               
4921           0.0204076351592               
509            0.0453847593756               
9744           0.115182237157                
5762           0.086374929733                
10866          0.0554283743543               
8057           0.0268512062335               
9546           0.0606046728432               
6395           0.0229217008176               
11097          0.0525850363263               
6639           0.0277949125385               
9705           0.0978735684281               
4852           0.0551078109132               
2109           0.0544939247777               
4734           0.0633776523427               
2065           0.178690597009                
8299           0.0571187073923               
908            0.0690982211779               
11738          0.0496207130568               
11967          0.0175568062595               
7025           0.17879893466                 
2848           0.0748762910378               
5818           0.0499251074507               
5670           0.0544939247777               
2828           0.0596759174938               
9166           0.0735484602372               
1551           0.0627004550908               
3981           0.0533224479057               
8064           0.0244365803998               
11238          0.0944899421623               
11968          0.046849447998                
119            0.154992204526                
1867           0.0586052860935               
5957           0.0502351917877               
3068           0.0540941697952               
5999           0.0287955592893               
8925           0.0493218035461               
1794           0.113821038327                
6138           0.0414510063526               
11217          0.0465961754597               
12169          0.079648657287                
10998          0.0264761058541               
367            0.0375589414269               
9588           0.0358692586541               
3130           0.0633776523427               
