172
5093           0.0491737619981               
2207           0.0740649376068               
2660           0.0649341509474               
7454           0.0799913252118               
7004           0.0416966593088               
9840           0.0663607331661               
5577           0.0798765528377               
5787           0.037671857795                
11728          0.047556777613                
4006           0.0327917387611               
2021           0.107361280254                
5415           0.0839788801804               
9216           0.0755620313118               
2522           0.0455256919283               
6216           0.0627598478982               
10893          0.0451773812254               
2430           0.0425880474515               
1154           0.0576829143698               
10865          0.047556777613                
3274           0.0433621467672               
9584           0.0867242935344               
1053           0.0511624011288               
1612           0.113246344828                
2912           0.113375281014                
8997           0.0621772140745               
6568           0.0673710196933               
3746           0.0363629913281               
2548           0.01682972068                 
579            0.0364749113946               
2812           0.075737344579                
1102           0.139824525496                
8790           0.0886640119678               
6145           0.02315714743                 
5037           0.0763543493453               
6181           0.0489644179453               
3981           0.0649341509474               
12288          0.0829906309278               
10784          0.0448349743788               
9633           0.0310028255058               
10393          0.0479490524689               
7163           0.0627598478982               
2923           0.108321421755                
9534           0.0371597742794               
8956           0.0370440059379               
4921           0.0248516809327               
8173           0.037393320468                
178            0.192108473288                
12072          0.0841453177862               
3589           0.0857882738969               
2160           0.0451773812254               
4124           0.0763543493453               
5984           0.0455256919283               
3875           0.0895646581612               
1975           0.0627598478982               
8370           0.208671295865                
10869          0.0763543493453               
11041          0.0277668308096               
5407           0.110485982017                
2713           0.0763543493453               
5317           0.0880070374823               
4297           0.0315230650789               
1164           0.106789338067                
873            0.0355964460223               
960            0.0267014774529               
614            0.0347545941994               
4529           0.0351711351487               
2059           0.0286615092808               
2438           0.0668595614809               
2925           0.0479490524689               
9517           0.0411235280944               
4043           0.0798765528377               
6008           0.0619516793183               
8804           0.0396264343894               
8743           0.129146815884                
6273           0.0570515654773               
9278           0.0156396025887               
1603           0.0808621883303               
8057           0.0326984290326               
10265          0.0432049356989               
2079           0.0528569346315               
8291           0.0276745311922               
3258           0.0363629913281               
5177           0.0590080792046               
1722           0.0409827503796               
10924          0.0317882967267               
10906          0.0733560395967               
7520           0.0762212191124               
9864           0.0640361577628               
8121           0.0354892759019               
3963           0.0866738035612               
9441           0.0991981457434               
7571           0.0518712991389               
11884          0.210368538791                
8906           0.141380534713                
3784           0.0917602273123               
7918           0.0438412566614               
11055          0.0663607331661               
2561           0.0393657659945               
196            0.141380534713                
2789           0.0586685498624               
11914          0.0536290612388               
7945           0.0993726541648               
10586          0.0282092175457               
10746          0.0929394046462               
11029          0.0502115829141               
660            0.103021656004                
11598          0.0633989973845               
2659           0.0371597742794               
452            0.0747996193093               
9138           0.254755815727                
4029           0.022138367516                
7919           0.0165348027369               
9310           0.00821870390564              
8411           0.0502543147538               
1629           0.0911816425463               
7393           0.0816858938258               
4911           0.042137437238                
3321           0.0359214104609               
2141           0.07200877244                 
9625           0.0355964460223               
6714           0.0425880474515               
5792           0.0455256919283               
5610           0.0451773812254               
6242           0.0323294412343               
8422           0.0487572210488               
9627           0.0340456961893               
11591          0.02562380754                 
236            0.0370440059379               
1190           0.059704752391                
8859           0.0242913563137               
12223          0.245306369309                
8987           0.0495990728717               
1886           0.0432049356989               
9309           0.136288903807                
110            0.0448349743788               
9345           0.0895646581612               
262            0.0467943656105               
4408           0.0337493360531               
6985           0.0818983908589               
12224          0.0432049356989               
9330           0.0678957640095               
3695           0.141380534713                
9744           0.03506619195                 
2837           0.146893253836                
5927           0.050477538244                
6395           0.055826438557                
367            0.0686068832498               
557            0.0425880474515               
6639           0.0338476404822               
5366           0.0789367777968               
11292          0.076666885666                
11561          0.0829906309278               
940            0.0400238541633               
8838           0.047556777613                
2173           0.046059683908                
6186           0.0911816425463               
10193          0.0707457661783               
10416          0.0829906309278               
6486           0.0673710196933               
8066           0.0438412566614               
6532           0.0663607331661               
1981           0.0471719751153               
11968          0.0570515654773               
119            0.0377487816093               
9772           0.0489644179453               
6681           0.071367400466                
3356           0.0798765528377               
2065           0.043520590876                
10998          0.0161208226699               
9588           0.0436802875204               
7714           0.141380534713                
3130           0.0771790156969               
