41
9309           0.0311656161768               
3428           0.273845698323                
9345           0.225291380987                
6850           0.151996641861                
2676           0.152929053405                
9313           0.0758758505632               
5787           0.0473799880511               
9505           0.243235105259                
3661           0.0808638393295               
3042           0.141967821541                
2561           0.099020841106                
8743           0.108285511636                
2657           0.120115521993                
10490          0.192062105316                
3651           0.113206935874                
7386           0.1548468283                  
9486           0.243977316942                
11055          0.166924114101                
7942           0.218019711129                
682            0.179517909614                
579            0.0917491712486               
1164           0.0895394751371               
5899           0.303993283722                
2944           0.135563061879                
10498          0.145095886084                
9262           0.0993476268201               
3321           0.0903568922818               
4472           0.198557958525                
71             0.179517909614                
9441           0.12476175148                 
850            0.173532764256                
5370           0.0820161563579               
9261           0.108677907435                
1644           0.107509694988                
9278           0.00491749164463              
133            0.170785338223                
29             0.125305232633                
2825           0.119624551957                
10784          0.112778114735                
11394          0.200921873278                
9379           0.173532764256                
