21
9955           0.172686833075                
7527           0.140727954903                
2181           0.221945651602                
104            0.195241176889                
8064           0.117646024445                
906            0.290007755992                
12138          0.119904989852                
9283           0.415838342703                
8141           0.260427765175                
697            0.116383306628                
12255          0.214120422952                
6775           0.167770497289                
6790           0.319682767925                
1978           0.282145816131                
9278           0.0077287536178               
10624          0.272739045935                
578            0.18426202348                 
8291           0.0547046210053               
10441          0.203190131727                
7237           0.0465943928903               
6182           0.292810332607                
