80
1186           0.0395352140917               
5683           0.0314351655003               
11140          0.0875299804225               
7004           0.0566020227724               
188            0.0774458688509               
8958           0.0682187953485               
3054           0.109768108553                
2021           0.0364349670366               
7918           0.0595132523578               
11292          0.0520365525715               
1010           0.0608621957456               
4574           0.134658646458                
532            0.0486144544263               
9828           0.252325168752                
8790           0.240717722124                
711            0.0881462532385               
11598          0.0430311630859               
2659           0.050443331069                
10851          0.117657210056                
9584           0.0588628743756               
10972          0.0441355936662               
452            0.101538344455                
4408           0.0458137586919               
7532           0.182908465766                
3746           0.0493617209951               
11064          0.0445138477488               
1981           0.0640346074231               
4771           0.0700892692479               
2944           0.0731583927198               
4428           0.0311217565324               
478            0.0476013529189               
1984           0.131665574089                
4294           0.0727999172073               
9627           0.0924321182059               
11591          0.0695671721398               
12288          0.5632870426                  
12148          0.100541035051                
9406           0.0685218148538               
12223          0.0832490955632               
8987           0.0673293232291               
11967          0.0290227990535               
7171           0.0855833190012               
12218          0.017521526903                
4956           0.123776472585                
11504          0.153903702219                
7949           0.0766148056698               
12224          0.117298929691                
7821           0.0710746322411               
509            0.0750246219033               
9744           0.0952027058378               
557            0.0578120566886               
1003           0.065359647101                
729            0.11265740852                 
10866          0.137441276076                
3704           0.0875299804225               
9203           0.0778710399443               
9278           0.00530757833213              
8173           0.101520726684                
11824          0.11265740852                 
2146           0.057200366208                
11041          0.0376926788825               
341            0.109768108553                
2079           0.0717517774155               
3259           0.0483211576604               
6680           0.071411114821                
9310           0.055783277766                
8956           0.0502861788555               
119            0.102485783355                
1373           0.131665574089                
1682           0.0700892692479               
6759           0.0372020935952               
8804           0.107583503277                
2249           0.205146593897                
1794           0.0470388103991               
2065           0.177233873169                
10948          0.0642945428878               
10998          0.0218835558291               
367            0.0310439607747               
2652           0.0720967251864               
6063           0.0406149987046               
