253
3384           0.0300807577795               
1186           0.0778640585748               
303            0.0434007073377               
3633           0.0437111186688               
7454           0.0855434016011               
7004           0.0278692256881               
9684           0.0499945920483               
6753           0.0559334312591               
5787           0.012589563821                
5093           0.0657335476644               
2021           0.143516329565                
3873           0.0437111186688               
39             0.0944959643085               
5443           0.0375229129176               
50             0.0437111186688               
7350           0.0634057736983               
4529           0.0235076938876               
4574           0.0331510432418               
2660           0.0434007073377               
1424           0.0472850764735               
3274           0.0289824046965               
7821           0.0349951268455               
10972          0.0869244426625               
2525           0.0664187244748               
1053           0.0683918821049               
12107          0.038989719436                
8997           0.0207790125208               
4480           0.0485719829449               
11023          0.0682217051602               
3734           0.0485719829449               
3871           0.0385541236534               
9301           0.0403877565613               
11922          0.0324512857201               
2548           0.0112486537692               
5290           0.0332954542251               
507            0.038989719436                
2799           0.0703030936105               
8911           0.0135637095779               
1102           0.0311519861333               
3468           0.0377229506241               
4636           0.0527597872823               
7571           0.0346697545176               
3073           0.130202122013                
6145           0.0154777811633               
10412          0.0703030936105               
4686           0.0649025714401               
9757           0.0437111186688               
6181           0.0327268523912               
12231          0.0634057736983               
9598           0.0802889306529               
2835           0.0396706518613               
12082          0.0360211112223               
9406           0.101214576575                
9972           0.044853866756                
2880           0.0341653611434               
10844          0.0450294624029               
11965          0.0246060469707               
11123          0.119726506313                
784            0.13283744895                 
5483           0.0472850764735               
7476           0.0196233247519               
4245           0.0570596445302               
2260           0.0796621735551               
7171           0.0842775828693               
2923           0.0361999522239               
120            0.0682217051602               
8970           0.0272058214745               
941            0.0481292449785               
12218          0.00862710136041              
4921           0.0166103739754               
3042           0.0377229506241               
12111          0.0443542067901               
2837           0.0327268523912               
178            0.0856010127659               
12072          0.0562410728068               
4849           0.0403877565613               
10813          0.0251508821966               
6040           0.0489086683172               
10118          0.0540466937538               
15             0.0446876138092               
2463           0.0533879144068               
4124           0.357236200841                
5984           0.0304284756619               
10066          0.0664187244748               
7237           0.00787741203421              
11077          0.038341484641                
2561           0.131556512569                
498            0.0838948920237               
6042           0.0174368595205               
11041          0.0371176054535               
5407           0.0923083173582               
6058           0.0588221701786               
5317           0.0294110850893               
3181           0.0515849337214               
4297           0.0210693957173               
6648           0.0218549858301               
2153           0.0375229129176               
10087          0.0527597872823               
1164           0.0475839265945               
873            0.0237919632972               
960            0.0178467415299               
2469           0.0570596445302               
41             0.0411450932672               
2925           0.0320482021088               
9517           0.0549723121494               
6008           0.0828145641067               
8804           0.0794565844019               
3661           0.0644601555165               
8743           0.0287730625461               
1175           0.139471783484                
9278           0.00783990171113              
5351           0.0490297318059               
8057           0.0218549858301               
29             0.0332954542251               
8291           0.0184971114807               
3258           0.0243043070793               
119            0.0504610840083               
7559           0.0856010127659               
1602           0.0241559286826               
11788          0.0527962686257               
188            0.0381321424907               
9441           0.0331510432418               
5320           0.033588994008                
10545          0.0288773279154               
3802           0.0387701650339               
11928          0.085136884364                
9313           0.0806453443682               
6052           0.0232983517373               
3740           0.0221061986247               
4275           0.0633136074823               
5162           0.0279667156295               
3784           0.0613307283259               
441            0.0256360469009               
6848           0.026485528134                
5792           0.0304284756619               
1158           0.120782686598                
9896           0.0510337429773               
2789           0.117638709001                
532            0.0478727485609               
6126           0.0547392711114               
8805           0.0481292449785               
10746          0.0621188672269               
10146          0.0434007073377               
1875           0.0217929061887               
6197           0.0217929061887               
6962           0.0278692256881               
562            0.028163832973                
9744           0.0703126557628               
11056          0.0425101231864               
6421           0.0445954475931               
11891          0.0231605719885               
10391          0.0377229506241               
915            0.0540466937538               
4986           0.0712023191263               
3275           0.0446876138092               
4029           0.014796848738                
2140           0.0425101231864               
11064          0.0219173522145               
4368           0.0540466937538               
1629           0.060944013666                
6169           0.0346697545176               
2229           0.0540466937538               
10790          0.0579310628895               
4911           0.028163832973                
8005           0.0510337429773               
12035          0.036564901419                
582            0.0634057736983               
10620          0.0551618188671               
6242           0.0216083616546               
11918          0.0221697389689               
8190           0.0414433556699               
8422           0.0325883660672               
1566           0.0973538571602               
8279           0.0289824046965               
12129          0.0331364901713               
3006           0.0490297318059               
11591          0.0342528963788               
71             0.0477005645856               
7708           0.0634057736983               
7183           0.0243043070793               
3925           0.0648283828017               
10998          0.0107748403041               
6681           0.0954011291713               
12223          0.0204947431112               
9858           0.0425101231864               
3658           0.0437111186688               
4406           0.0363811938475               
9640           0.0275809094335               
4267           0.0337381921915               
110            0.0299668136584               
1444           0.0547392711114               
8604           0.0648283828017               
4607           0.140606187221                
2676           0.0406355121037               
4408           0.0225573913806               
6985           0.0547392711114               
12224          0.317650607069                
4742           0.0363811938475               
1951           0.0194660146437               
509            0.0738799787563               
8006           0.0703030936105               
9330           0.136140573501                
9416           0.0321812307535               
659            0.0579310628895               
9309           0.0165623306386               
622            0.0547392711114               
6996           0.045740273792                
10866          0.0225573913806               
3441           0.0406355121037               
11890          0.0180799476417               
6273           0.0381321424907               
8131           0.0443394779378               
1213           0.0817757977161               
2852           0.0255539658079               
12157          0.0323155830881               
2816           0.0346697545176               
7436           0.0377229506241               
8173           0.0249929587796               
402            0.0510337429773               
9627           0.0227554726575               
2937           0.0515849337214               
5383           0.0298538230558               
2812           0.050621349146                
660            0.103286468132                
2028           0.0343520387242               
11967          0.0142900005566               
8233           0.049503545271                
805            0.0485719829449               
3589           0.0286695961531               
6677           0.112482145614                
6849           0.0807755131225               
3259           0.0237919632972               
8675           0.025310674573                
8784           0.0461102229125               
8059           0.0286695961531               
9310           0.0823982968207               
2839           0.0579310628895               
80             0.087907896935                
5309           0.0971439658898               
2014           0.0796621735551               
1739           0.0234375519209               
481            0.0232292861227               
10458          0.0499945920483               
11473          0.0621188672269               
5927           0.067476384383                
2372           0.0375229129176               
2813           0.0499945920483               
1644           0.0285669165843               
2389           0.0547392711114               
10543          0.0331510432418               
367            0.091710978517                
10115          0.0477005645856               
7547           0.0285669165843               
