245
3384           0.0572483229826               
5093           0.0312752706819               
4809           0.0160902323226               
5683           0.0294566055012               
3468           0.0358962975104               
7454           0.111926575117                
5268           0.120670969736                
11113          0.0349715475592               
557            0.0270866547065               
9632           0.0428490071006               
12138          0.0771598107203               
2021           0.0853542866221               
6386           0.0535177192763               
3872           0.0351512494863               
7930           0.0560123286229               
11714          0.081014313029                
2765           0.0446118327389               
2663           0.0401811572193               
4574           0.031545774954                
11280          0.0721084264916               
8121           0.0225717265679               
9828           0.0591108940869               
6192           0.0245523282391               
4294           0.0682178193616               
6453           0.0579929302941               
4124           0.0485625432442               
2659           0.0472683785761               
10975          0.0339431205632               
10865          0.0604936873718               
129            0.0412991210121               
6214           0.0615015403388               
10972          0.103394140805                
5923           0.0407279835034               
6468           0.0375300480287               
9087           0.113919428745                
6448           0.0899201995664               
2954           0.0579929302941               
7641           0.133797633663                
10385          0.0469746958745               
10416          0.052783320634                
1981           0.0600042067307               
507            0.0371017257549               
3789           0.0721084264916               
5827           0.0191329428443               
762            0.0721084264916               
2812           0.0240850593506               
478            0.0223026386523               
8919           0.0568164311912               
8790           0.140979196087                
8926           0.0682178193616               
6145           0.0147283027506               
132            0.0579100837595               
6108           0.0300021033654               
4686           0.0926397050759               
4600           0.0453907668794               
9598           0.0382005555481               
2880           0.032510976683                
8171           0.0899201995664               
9972           0.0213409571485               
11985          0.0247924937053               
2250           0.0721084264916               
6422           0.0323932344747               
5049           0.0346195124328               
11907          0.0668988168315               
5348           0.0295261793884               
90             0.0384320659258               
770            0.052783320634                
4709           0.0560123286229               
8350           0.045798689342                
3994           0.0825982420241               
7949           0.0358962975104               
2795           0.0431827525751               
8956           0.0706816765144               
9583           0.112590144086                
8173           0.309175467435                
10495          0.0856980142013               
9310           0.0574994461975               
9303           0.0837936648509               
481            0.0221044576794               
2092           0.045798689342                
9775           0.0721084264916               
7918           0.111534860333                
9012           0.118206669237                
1314           0.0366872227654               
2640           0.036285675137                
10183          0.0229162104286               
9588           0.0555626724559               
10285          0.00801083123761              
6947           0.0442393869992               
10620          0.0524907258979               
1158           0.114934043613                
2151           0.0394022230789               
2146           0.0268000596641               
2687           0.125599305905                
8753           0.0331448217193               
11041          0.0176601324418               
5415           0.0267059311967               
4291           0.0603354848679               
5407           0.0878384847356               
6058           0.0279869162672               
682            0.0453907668794               
2686           0.0283015886074               
4359           0.0579100837595               
10266          0.104177278225                
3668           0.0892236654779               
2258           0.0230566323546               
873            0.0226398884166               
3669           0.047573710974                
6216           0.0399162307542               
9302           0.081014313029                
7755           0.0542966534168               
12051          0.0261551978186               
1466           0.0399162307542               
1682           0.0328388911153               
6759           0.0174302787565               
8804           0.0252030231434               
2249           0.144175850282                
4041           0.0224364781786               
6273           0.036285675137                
367            0.10181508254                 
5327           0.0542966534168               
8057           0.020796704936                
2079           0.0672356505114               
12288          0.052783320634                
104            0.0314098109514               
119            0.240088070298                
7520           0.0242389351819               
9204           0.0514295983305               
2456           0.0579929302941               
5544           0.0721084264916               
10948          0.0903716724053               
8524           0.0629267188573               
5227           0.0311421246371               
11918          0.0210962168279               
7936           0.0415945013391               
624            0.0401811572193               
10585          0.0384320659258               
3465           0.0446118327389               
7525           0.0462199886704               
3784           0.0291804595623               
441            0.0487893524404               
3704           0.0410103790104               
11458          0.0137340018792               
11664          0.0267059311967               
2887           0.0298814594898               
11914          0.102326729042                
5979           0.108593306834                
11788          0.150719167086                
7171           0.0400983106846               
660            0.049142521032                
10292          0.0283015886074               
10646          0.0508027189628               
10441          0.0326886148017               
1503           0.0162554883415               
5604           0.0268948828129               
452            0.047573710974                
4753           0.0214650980016               
2797           0.0542966534168               
4029           0.01408034302                 
7919           0.0105163894373               
10618          0.081014313029                
11064          0.0208560513618               
3448           0.0692413714053               
4169           0.0850474235862               
3919           0.0418968324254               
6228           0.115985860588                
5830           0.0250372340258               
3976           0.0579929302941               
2089           0.137107464151                
395            0.0431827525751               
9499           0.0649182151603               
9625           0.0226398884166               
8422           0.0620206884337               
9584           0.0551579876091               
9627           0.0216535876168               
2073           0.0431827525751               
11591          0.065188546424                
8550           0.0389079899028               
579            0.0231986059356               
8443           0.047573710974                
12223          0.175520961524                
8987           0.031545774954                
7710           0.0446118327389               
3415           0.0396566567068               
9309           0.0078801676199               
4529           0.0223693841445               
3439           0.0485625432442               
5748           0.0502050075495               
262            0.0297619378992               
203            0.0331448217193               
4408           0.0214650980016               
12224          0.0824370154248               
11890          0.0172044648889               
3661           0.020446270168                
7198           0.0424360085287               
201            0.0574670218064               
9744           0.111513193262                
1213           0.0778159798055               
7436           0.0358962975104               
3142           0.0290672563777               
2920           0.0355183738433               
10866          0.0214650980016               
7833           0.0569645032981               
9546           0.109525091912                
10543          0.031545774954                
6395           0.0177532377647               
9278           0.0124337854286               
1762           0.0850474235862               
3047           0.0480586167607               
4011           0.0371017257549               
1706           0.0384320659258               
11292          0.0121903302905               
7207           0.0733744455308               
2675           0.0632025399542               
2065           0.0830393001008               
11967          0.0271960757533               
2438           0.0425237117931               
11852          0.0675588869329               
12132          0.105344661176                
627            0.0342768660377               
5818           0.0386678244366               
5701           0.0721084264916               
11778          0.0371017257549               
2925           0.0304963365415               
8064           0.0189265371469               
2206           0.0272813323451               
11379          0.0560123286229               
1722           0.0260656610218               
1739           0.0223026386523               
938            0.0250372340258               
210            0.0214028776459               
10429          0.0449953978894               
5957           0.0389079899028               
6040           0.0232701853872               
3068           0.0418968324254               
5405           0.0446118327389               
697            0.0187233949178               
10713          0.0603354848679               
5100           0.0502050075495               
2825           0.0302468436859               
10998          0.0410123669315               
4771           0.0328388911153               
264            0.0692413714053               
9121           0.031962518892                
1515           0.0197182749539               
