23
2713           0.326500246995                
4029           0.0946662832441               
7919           0.0707047761378               
579            0.155971043975                
1164           0.456643865795                
9313           0.257973678973                
3981           0.277666125172                
5787           0.16108932864                 
3661           0.137466281912                
4921           0.106268732984                
2021           0.114772389593                
2059           0.122560010526                
12227          0.241341355299                
10564          0.146438726914                
12157          0.206746463115                
11029          0.107355339702                
236            0.158404559689                
8743           0.184082363551                
9278           0.00835959927611              
873            0.152214621932                
11292          0.0819591723356               
3868           0.294605150128                
3130           0.33002661805                 
