40
10213          0.134613482153                
9309           0.0303325668236               
6027           0.134613482153                
1532           0.157858325076                
7171           0.0771737827813               
3070           0.301415620355                
120            0.249885052502                
11890          0.0662239188403               
85             0.105012085569                
2362           0.171695910518                
8163           0.421315938088                
2854           0.266525869298                
6612           0.122490526756                
9538           0.126404399908                
578            0.114104677861                
7453           0.0544694559569               
3307           0.186928331875                
8832           0.142813025054                
11077          0.140438646029                
480            0.120903543625                
5205           0.0652006396328               
4060           0.120903543625                
5348           0.113653015081                
8331           0.101024402507                
1392           0.158969759056                
3603           0.153646698281                
1451           0.297682593879                
9262           0.193384177755                
1739           0.0858479552588               
8641           0.14884129694                 
697            0.0720706277967               
11230          0.0711102727536               
11179          0.128181479612                
9278           0.00478604828697              
10265          0.105772973357                
330            0.104262726828                
502            0.138173056142                
367            0.0559870758334               
5277           0.0936000364184               
1196           0.149765748728                
