111
7520           0.197238638244                
7559           0.0662828787183               
5683           0.0239696204175               
2660           0.134424756334                
8696           0.146340898063                
11918          0.0343331012522               
9211           0.292681796126                
624            0.0653929446447               
9313           0.0624455880513               
5787           0.0194967910986               
478            0.108889488189                
2021           0.0833460536211               
11458          0.0223514424867               
9554           0.0881645146337               
10893          0.0467624383659               
11280          0.117353074633                
556            0.102859162917                
8121           0.0734688479943               
11029          0.0259866329963               
8352           0.0500454329997               
660            0.0533180953452               
6947           0.287990091412                
10587          0.0847718117105               
10975          0.0552408332081               
11598          0.0656233634452               
11846          0.071997522853                
1673           0.102859162917                
9595           0.042860871075                
9949           0.075220858974                
7186           0.0471229696171               
11064          0.0339422432451               
7154           0.0249538159335               
11384          0.0625463807812               
868            0.146340898063                
12138          0.0313934912557               
1102           0.0964868639746               
11220          0.214225384553                
8790           0.0917748059418               
6242           0.0334637259204               
1612           0.0390732048985               
4319           0.100396284948                
6145           0.0239696204175               
6264           0.0415670381575               
2880           0.0264550431808               
5550           0.117353074633                
4578           0.064539344715                
9972           0.104194213859                
12223          0.0317391238283               
11740          0.0603813146861               
9309           0.0256492047826               
4982           0.0279994579047               
7171           0.130516231608                
4186           0.0847718117105               
11062          0.049225316335                
1970           0.117353074633                
5277           0.0395740742238               
9604           0.146340898063                
9505           0.0500454329997               
3661           0.0332753436142               
4921           0.0257236069552               
4677           0.0422759295889               
7971           0.234639419297                
9744           0.145185984253                
4585           0.117353074633                
9026           0.123368591506                
8              0.129923578552                
9047           0.0649617892758               
9546           0.0254638484029               
4393           0.0732278950402               
7436           0.0584195368798               
2325           0.146340898063                
10285          0.0130372512872               
6546           0.085902373233                
1424           0.0732278950402               
1158           0.23381219183                 
7237           0.0243986621002               
498            0.0649617892758               
6338           0.0807767904335               
77             0.0422759295889               
6058           0.0455473906899               
6948           0.146340898063                
3259           0.0368453542019               
1430           0.0534437516862               
10623          0.185414102961                
289            0.0600413024051               
1164           0.0368453542019               
8188           0.0476756968085               
6102           0.0469419269749               
10906          0.0759297504054               
8842           0.0411529593878               
4654           0.0791481484476               
6421           0.0345313045803               
6969           0.131846986348                
1466           0.0649617892758               
109            0.11746796665                 
1782           0.123368591506                
9440           0.0943807680751               
7914           0.0774239783908               
1909           0.0369568760372               
4267           0.0522485524166               
3077           0.0515629075629               
8743           0.0445593189491               
10923          0.0393221399165               
9278           0.00202354013304              
6388           0.0653929446447               
8057           0.0338456597267               
10998          0.0500592745349               
1722           0.0424206380873               
6599           0.0502555884828               
3706           0.048052469066                
960            0.0829149118301               
