27
9309           0.0502597377915               
4887           0.182565006285                
4809           0.102623560379                
7171           0.383620757471                
8524           0.133782280716                
7454           0.0648971003549               
5290           0.202075521316                
7828           0.1685554179                  
3068           0.267218149863                
8594           0.203857061951                
3661           0.130406385629                
9744           0.284492621171                
2021           0.108877990214                
7237           0.047809293505                
7436           0.228946716311                
1158           0.183262437233                
7186           0.184675362608                
80             0.177842436396                
9310           0.0333392433954               
4982           0.109730139747                
9546           0.0997930621821               
26             0.192130285292                
660            0.208954118797                
11598          0.1285892903                  
10983          0.303425301929                
1722           0.332493761938                
12223          0.124385925791                
