317
9766           0.0314583426944               
8742           0.0439005647584               
5860           0.0327064500874               
4326           0.120391669955                
7527           0.164745604473                
4737           0.0511012562202               
9262           0.0609306111759               
6753           0.0215170392434               
8571           0.0565512086552               
4859           0.0421153152291               
56             0.065502639144                
11836          0.0586762362287               
12066          0.0264297808549               
3772           0.0277139323054               
3859           0.0256168655869               
9586           0.0285682547183               
6214           0.0248629720662               
7439           0.0236856681407               
4952           0.0168627783813               
10110          0.0421153152291               
7826           0.065502639144                
10425          0.0189314070808               
6798           0.038579326673                
3664           0.0277139323054               
10385          0.0379805300783               
1533           0.0210749128657               
4428           0.0353687207318               
8911           0.0104356505476               
8319           0.0232319540296               
9456           0.06252832261                 
9454           0.0540898131976               
7555           0.022968942466                
2880           0.0131430774036               
7921           0.048783151336                
2739           0.0183050671636               
11230          0.0298734703812               
8781           0.0583019476821               
6611           0.0865415436483               
6495           0.0975663026721               
11004          0.0727033306058               
12293          0.0415824598742               
8955           0.0320636635281               
8306           0.0305218168704               
10388          0.0540898131976               
11806          0.0273117503949               
2129           0.129094149482                
9835           0.0438008372229               
9534           0.0573269727723               
5842           0.0432707718241               
8970           0.0209316222924               
3718           0.0234110688437               
9248           0.110099619889                
11729          0.0452877425263               
9310           0.042263749279                
10813          0.0387011851087               
7804           0.0301696339278               
1314           0.0296627820955               
10835          0.0477930308866               
10285          0.0388620653449               
12109          0.0766754664197               
5162           0.0215170392434               
480            0.0507916548424               
8441           0.0196607171323               
77             0.0210030205244               
8296           0.0559819455462               
4717           0.0612905046595               
4134           0.0285682547183               
6102           0.0233211254086               
3012           0.0363802049403               
2059           0.0589554195459               
10783          0.0439005647584               
4479           0.025179394554                
2605           0.0310735430787               
2265           0.0853539745026               
6759           0.0140929326792               
6775           0.32733903755                 
4041           0.0181406035409               
2415           0.0415824598742               
9278           0.0080424876017               
685            0.0727033306058               
2683           0.042294612406                
4297           0.0324207547637               
2353           0.0507726021312               
1722           0.0210749128657               
7141           0.0377225083323               
4037           0.0727033306058               
6494           0.0955860617732               
3348           0.130427055903                
8832           0.08999376269                 
8121           0.0182499561492               
12058          0.0204451199315               
579            0.0187568079815               
2222           0.02455590335                 
1124           0.0445710168516               
7381           0.0612905046595               
3740           0.0170080730834               
1852           0.0336304723168               
6858           0.0366998732965               
12266          0.0727033306058               
10132          0.0219788220165               
11991          0.0225448671821               
11788          0.0203102037253               
2373           0.0421153152291               
6491           0.0265512840162               
1503           0.0131430774036               
5361           0.0284208990298               
3350           0.0338749165799               
10441          0.0264297808549               
10816          0.0240634698431               
10418          0.0831649197483               
7793           0.0305218168704               
9460           0.0540898131976               
7919           0.0595198386133               
2385           0.0366998732965               
11906          0.0239677235261               
11122          0.0331581909053               
11384          0.0310735430787               
2730           0.0557030580873               
3321           0.018472176427                
1612           0.0194118812387               
5102           0.0366998732965               
4982           0.013910355012                
2758           0.0460576059223               
10033          0.0703833284699               
12129          0.0509891235603               
8859           0.037474660409                
10534          0.0415824598742               
6620           0.0192896633365               
4324           0.0559838427979               
11665          0.065502639144                
2258           0.0186420178427               
4776           0.0336304723168               
1709           0.0533484502362               
2269           0.0384648527669               
1255           0.0853539745026               
1979           0.107306838541                
11837          0.0994745727158               
8997           0.0159869622794               
463            0.0612905046595               
5015           0.0275781342689               
10564          0.0880523400943               
3427           0.0285575533339               
8131           0.0170569597707               
10543          0.0255057586255               
1686           0.0316562229985               
1037           0.0277139323054               
8136           0.016255642821                
8485           0.0852626970893               
8730           0.0327064500874               
8291           0.0355782815985               
2920           0.0287177307053               
5867           0.2946708402                  
774            0.0346447799759               
10828          0.0460576059223               
10473          0.031264161305                
2362           0.036064780086                
7923           0.0468891217358               
10458          0.0384648527669               
6281           0.0388569144604               
1678           0.0210030205244               
9440           0.0468891217358               
10713          0.048783151336                
5686           0.0468891217358               
7951           0.0236856681407               
2065           0.0223799684521               
1123           0.0535972772069               
6610           0.0288693889004               
4483           0.0583019476821               
10728          0.0605310517852               
6063           0.0153858126571               
4809           0.026018925352                
7454           0.065815405486                
4440           0.0559838427979               
7765           0.0396884302739               
2522           0.0234110688437               
9955           0.0224620906336               
326            0.0528595617099               
5996           0.0199803854886               
7453           0.0343239791425               
9444           0.0271810769504               
9410           0.0285682547183               
956            0.174040804464                
6468           0.0303442330271               
4640           0.0405923394247               
7568           0.0432707718241               
1717           0.0559838427979               
6816           0.0498776787132               
2548           0.0173089845654               
1287           0.0237788382886               
11117          0.03926435499                 
8294           0.0228827311674               
12138          0.0155965379729               
9240           0.0370296915332               
11730          0.0213675632565               
7622           0.0821512160836               
7128           0.0270520268205               
6264           0.0413016751636               
2165           0.0346447799759               
9010           0.0396884302739               
3272           0.03926435499                 
8293           0.0166250471406               
10692          0.0187081687444               
11228          0.0415824598742               
9608           0.0282756043276               
8166           0.051011517251                
5522           0.0405923394247               
11985          0.0200455167481               
11478          0.0540898131976               
11821          0.0250728459086               
3456           0.0769297055337               
9607           0.0792893425648               
9405           0.0727805438374               
4092           0.0498776787132               
5370           0.0167670320642               
7465           0.032487738812                
4921           0.0127796940267               
3437           0.0377225083323               
2075           0.051011517251                
10698          0.065502639144                
3796           0.0645511177303               
2160           0.0232319540296               
2463           0.0410756080418               
6068           0.0290232939652               
7362           0.048783151336                
6042           0.0536623027965               
5631           0.0351916642349               
9811           0.0769297055337               
6261           0.0273117503949               
960            0.0411927924915               
614            0.0357443088934               
4146           0.0168627783813               
4763           0.031264161305                
1574           0.0284208990298               
9201           0.094373304731                
3349           0.0543621539009               
367            0.0235202058278               
3056           0.218109991817                
6799           0.0357689461802               
6483           0.0727033306058               
9601           0.0654129001747               
8357           0.0357689461802               
9109           0.0299979208967               
6394           0.0533000625962               
10812          0.0282756043276               
1938           0.0145062690102               
6913           0.0519147142769               
7429           0.0468891217358               
1881           0.0599958417933               
4931           0.0439005647584               
11918          0.0170569597707               
10075          0.0233211254086               
11471          0.0740593830664               
286            0.0727033306058               
11835          0.0743403798014               
214            0.0275781342689               
7518           0.0287081105415               
11055          0.0341252516297               
12163          0.065502639144                
10586          0.0145062690102               
6235           0.0159428501033               
3857           0.0275781342689               
10292          0.0457654623347               
1863           0.0421153152291               
11891          0.0534578614427               
7532           0.103934339928                
3532           0.0279909727731               
4029           0.0113844034885               
6974           0.0273117503949               
11064          0.0168627783813               
1335           0.0303442330271               
2996           0.0452877425263               
6169           0.0266742251181               
3057           0.0865415436483               
5247           0.0612905046595               
63             0.0583019476821               
395            0.0349146237673               
5473           0.0415824598742               
4113           0.0577387778008               
8190           0.0318857002067               
2682           0.0612905046595               
8705           0.065502639144                
9606           0.0320636635281               
797            0.0410756080418               
8528           0.0277139323054               
9858           0.0327064500874               
9261           0.0666529391115               
11195          0.0937782434715               
9309           0.0191140956469               
5101           0.0388569144604               
7977           0.0878011295167               
11062          0.0244555315367               
9554           0.0219004186115               
1478           0.0583019476821               
12056          0.0370296915332               
186            0.0380870510644               
812            0.0282756043276               
7452           0.0445969807455               
7922           0.025179394554                
9818           0.0511012562202               
7237           0.0242429016152               
7802           0.0361727117766               
940            0.0617454342055               
10595          0.0243561202339               
5670           0.0341252516297               
12121          0.065502639144                
6105           0.0275781342689               
8224           0.111967685596                
481            0.0357443088934               
11115          0.0341252516297               
6236           0.0586762362287               
12041          0.022057821651                
3179           0.0293381181143               
9237           0.0356385742951               
5258           0.0445710168516               
10998          0.00828994955061              
8482           0.0290232939652               
9588           0.0224620906336               
