103
10557          0.07582973664                 
1938           0.0274106977439               
4809           0.024582368421                
2763           0.0354424141632               
9790           0.0422886512257               
488            0.0806414107821               
7936           0.0635473332952               
5320           0.0488317632282               
10613          0.0467851534993               
9262           0.0383776734762               
1326           0.0424438273288               
9684           0.0726822625594               
5233           0.247205292275                
4006           0.0318635012908               
11238          0.0372697488968               
11458          0.0629476854004               
2638           0.0323232336577               
9955           0.0424438273288               
8771           0.376990658153                
5860           0.0618013230687               
8524           0.128184416935                
9586           0.0539818884239               
2435           0.0506380642873               
3348           0.098580733736                
1503           0.0248348436033               
5205           0.0258785272644               
6265           0.0415306545494               
11891          0.0336708972976               
956            0.0469804752583               
4754           0.12377221474                 
6133           0.0412354659067               
8901           0.0719683775304               
7452           0.0421346922026               
8424           0.0706140698983               
6974           0.154822884039                
11185          0.211842209695                
8911           0.0197189547995               
12255          0.105255161584                
2971           0.0526275807918               
11806          0.0516076280129               
132            0.0442369937773               
8945           0.0675881421801               
2444           0.0432386595852               
8293           0.0314142900444               
10692          0.0176752533141               
6611           0.0817634118589               
9608           0.0534289032697               
230            0.0380013742567               
11985          0.037877527317                
9261           0.125945793949                
11821          0.0473770478334               
1709           0.0504029755515               
9607           0.049941079539                
2269           0.0726822625594               
319            0.0534289032697               
5370           0.0316825813482               
8296           0.052891070316                
3642           0.0693870148071               
11890          0.0262846729559               
9554           0.0413825053569               
7198           0.032416486445                
4545           0.0776154830639               
9309           0.0240783575734               
10564          0.033276317684                
9310           0.0878466228508               
9303           0.0640092293077               
10183          0.0350109753714               
4029           0.0215116955847               
10285          0.0489552172753               
12109          0.0362210302478               
657            0.0921794718771               
7237           0.0114522012542               
1909           0.0346935074035               
8485           0.161110345955                
8218           0.0235441654429               
2153           0.0545509043465               
5867           0.278401473493                
4654           0.0743008383981               
10728          0.0381260075314               
3678           0.137486324123                
6904           0.0451095674217               
960            0.0259456373292               
6913           0.0653978653646               
614            0.0337707940772               
3012           0.0687431620617               
7996           0.0886005590047               
8008           0.0706140698983               
3098           0.032416486445                
5413           0.0734230929253               
5684           0.0465917561239               
6775           0.494825590881                
5069           0.102206812761                
8795           0.0891627657414               
3702           0.0695975212076               
5456           0.0376321531868               
11262          0.0704510189441               
9278           0.0132972800952               
4616           0.206229486185                
8291           0.0403367201777               
9248           0.069347199715                
2353           0.0191877380698               
9601           0.0618013230687               
3706           0.0451095674217               
