85
7520           0.103749514121                
7559           0.0871636577244               
1186           0.0396427327864               
958            0.32446562044                 
1602           0.0491937894581               
8524           0.0897813986418               
7454           0.0217762487172               
1113           0.0896651600972               
624            0.085993371966                
4547           0.071946911238                
2021           0.109602163198                
7918           0.119350205364                
1158           0.122987572384                
9986           0.217450039321                
10545          0.058808966041                
660            0.105171960762                
11598          0.0431481892509               
10624          0.0939039284158               
3896           0.0971426750796               
3661           0.0437579163358               
7186           0.0619678938828               
7452           0.0590229559527               
9744           0.0477308080249               
7237           0.0802121405014               
8911           0.0276226297078               
478            0.0954616160499               
6163           0.0532329375543               
1102           0.126882660334                
4797           0.0998495373678               
8790           0.181029277715                
8926           0.0729979015171               
8451           0.05945599742                 
291            0.258252979857                
4982           0.0368199935257               
4686           0.0660873667221               
71             0.0971426750796               
6554           0.0729979015171               
8859           0.0330644988919               
4492           0.110066630365                
11788          0.0537600635661               
9972           0.0456726732922               
8970           0.0554049265187               
9309           0.0505940270655               
11812          0.161579355609                
7171           0.214540171597                
10999          0.15432225377                 
2313           0.102852251983                
12224          0.058808966041                
10694          0.112963787979                
9014           0.116202534643                
557            0.0579692804957               
10295          0.112963787979                
10866          0.0918767046286               
6040           0.0996029903668               
9546           0.0334856030615               
613            0.0989173272514               
8173           0.101796819182                
10183          0.0490439385974               
2627           0.0832686134423               
6947           0.284035676798                
3655           0.121912111546                
7436           0.0768231648274               
2812           0.10309088194                 
498            0.0854263917785               
9875           0.0837923924192               
7005           0.0931505233456               
11967          0.0291017285229               
5407           0.0375973616169               
627            0.073357351928                
289            0.0789558274077               
9310           0.0111869968342               
8191           0.067806524294                
2436           0.0644693962556               
1867           0.0971426750796               
11393          0.132023647543                
11000          0.15432225377                 
2160           0.0614937861919               
6527           0.148186349492                
3580           0.0702798817668               
5456           0.0527157267286               
9278           0.00798301897678              
8594           0.205212962961                
2065           0.118477248467                
10998          0.0219430696427               
119            0.10276450039                 
