50
4406           0.121155099342                
10621          0.169950393221                
3603           0.139691594784                
1532           0.143520696679                
10213          0.122387088117                
5348           0.103330374855                
8905           0.14453118364                 
7428           0.129841899949                
6933           0.0627884024347               
4852           0.0746852165639               
7518           0.0621295660707               
2805           0.100942303383                
85             0.095474265759                
2362           0.234152205935                
8163           0.255366352192                
9546           0.0547565827913               
6612           0.111365211358                
7453           0.0495222172345               
9538           0.11492360336                 
10758          0.179983993332                
3307           0.169950393221                
5110           0.14453118364                 
10620          0.0918487677005               
11077          0.127683176096                
2687           0.0879099404634               
5205           0.0592787312265               
11546          0.283519219464                
9278           0.00435135102413              
6974           0.118215178126                
11141          0.177790154461                
6913           0.0749019147057               
2146           0.093789994798                
9262           0.175819880927                
4146           0.0729882311174               
8351           0.179983993332                
210            0.0749019147057               
8641           0.135322648464                
7166           0.104155439791                
12129          0.0551748628065               
8925           0.26737477088                 
5498           0.134497583529                
9261           0.0961660452098               
6984           0.206865600987                
11179          0.116539278156                
2750           0.219844734875                
10788          0.211151202005                
7014           0.0890855571631               
11965          0.0819420076661               
1196           0.136163136064                
9620           0.151123176222                
