18
1533           0.192140687537                
1938           0.132254141166                
2852           0.179247417597                
6628           0.264606344642                
10944          0.184559729972                
6853           0.264606344642                
8291           0.0648736773553               
8066           0.205542310347                
6913           0.157769397166                
2399           0.242068947016                
6646           0.278268428236                
9627           0.15961748328                 
4267           0.236655393147                
2739           0.333775822717                
4430           0.250208675571                
8293           0.151571112453                
1592           0.266030603184                
7000           0.42748969572                 
