34
4406           0.159908935054                
1532           0.189428607536                
10213          0.161534999612                
5348           0.136382622701                
7428           0.17137437928                 
6933           0.0828725049264               
4852           0.0985747484826               
2805           0.133230679712                
85             0.126013582965                
2362           0.103016794437                
8163           0.337050290491                
6612           0.146987559311                
7453           0.0653628700938               
9538           0.151684172814                
10620          0.121228398217                
3307           0.224312361094                
5110           0.190762318578                
2146           0.12379056489                 
11077          0.168525145245                
11546          0.374208404748                
9278           0.00574321602718              
6974           0.156028622354                
3603           0.184374692269                
9262           0.116029659804                
210            0.0988607617768               
8641           0.178608252745                
7166           0.137471600845                
8925           0.176449918757                
5498           0.177519274602                
2750           0.145083193452                
10788          0.27869205697                 
7014           0.117581320572                
9261           0.126926641647                
1196           0.179717586795                
