27
9309           0.0481703572216               
3348           0.0986086601788               
3734           0.282536295219                
7527           0.138394456195                
4297           0.122557669001                
5227           0.19036743135                 
4554           0.263970097806                
1981           0.183398641529                
5479           0.240860252292                
8293           0.125692756966                
8064           0.115695261739                
4428           0.0891344243325               
11835          0.140511590916                
9067           0.303404872267                
9237           0.13472174303                 
1739           0.136332895782                
10564          0.133142977462                
697            0.114453481841                
6759           0.213097688951                
9121           0.195382386136                
11376          0.342395493183                
3778           0.244002308976                
9278           0.00760059829435              
10202          0.237839074344                
9243           0.114453481841                
9240           0.279960951632                
8832           0.226797635451                
