180
1186           0.0247927196328               
11772          0.0401564049952               
7454           0.013618950843                
500            0.0649986812713               
11283          0.0601769800448               
7440           0.0229389869406               
8414           0.0183232799764               
5787           0.00801729403337              
1910           0.0926763206805               
5200           0.054142647327                
4006           0.0139574221661               
2021           0.0456970801005               
10242          0.0236461146935               
5415           0.0357446334961               
2239           0.0688360997278               
85             0.0182573904422               
83             0.037484934398                
8134           0.0844450737013               
2183           0.0601769800448               
10285          0.0696937867141               
7453           0.0189401080685               
8369           0.0263690116723               
10882          0.0196818861703               
3305           0.654061663659                
2120           0.0463381603402               
3274           0.0184565933776               
10972          0.0138388197046               
8730           0.0270713236635               
7324           0.0353239966972               
2852           0.0162732927458               
3664           0.0229389869406               
11817          0.0592123398632               
6655           0.087385050675                
5827           0.0128042722913               
4428           0.0195166006284               
8294           0.0378803459306               
12138          0.0258186948671               
5119           0.0315248791599               
8926           0.0684797582894               
10762          0.02402275339                 
6145           0.00985657043681              
1326           0.0185920062886               
2880           0.0217572069961               
5599           0.0601769800448               
6451           0.0542169248067               
9598           0.0511296478434               
7704           0.0456531721929               
5631           0.05825670045                 
11985          0.0165917936811               
11965          0.0313392769389               
9641           0.0363367590921               
7171           0.0134174259707               
5089           0.0282456741559               
2626           0.0162732927458               
11386          0.0395585765051               
5370           0.0138781723689               
8956           0.0315347004541               
3190           0.0601769800448               
4677           0.0173843252633               
10501          0.0324993406356               
10495          0.0573513817289               
729            0.0353239966972               
6553           0.0601769800448               
9310           0.0104945871494               
2092           0.0306496963742               
6045           0.073783392571                
5914           0.0434449896362               
10183          0.0306722703979               
12177          0.0552769320575               
1424           0.0301121124503               
7237           0.0200659941514               
8441           0.0162732927458               
8778           0.0251161025242               
2153           0.0238953652507               
2638           0.0707940119037               
1675           0.0542169248067               
109            0.0241520572122               
8751           0.0542169248067               
5684           0.0204089564341               
9496           0.0507305159901               
8795           0.0195283366946               
9278           0.00249630559504              
29             0.0212032323195               
8291           0.0058896711442               
1722           0.0174438309827               
7559           0.0272562456753               
7364           0.0236461146935               
1938           0.0120069253152               
7368           0.0344180498639               
2763           0.170776339299                
11918          0.0141181472594               
1749           0.0868899792724               
9313           0.012839154863                
2373           0.034859097417                
6858           0.030376703854                
11238          0.0489766910388               
441            0.0163255636796               
11458          0.018382315898                
7435           0.0363367590921               
366            0.0369131867553               
11862          0.0110188764643               
2084           0.0195283366946               
10864          0.0335985212669               
8524           0.0140374091814               
11029          0.0106859881                  
11961          0.0434449896362               
10393          0.0408179128682               
11598          0.0404775686577               
5205           0.0340073295873               
10288          0.0202419892047               
1503           0.010878603498                
11891          0.0147491301727               
4180           0.037484934398                
4060           0.0210202777124               
6642           0.231690801701                
5169           0.0353239966972               
1913           0.0255648239217               
1335           0.125580512621                
2991           0.0507305159901               
6169           0.0220784151051               
8641           0.0258775326425               
4906           0.0176248596088               
8288           0.0248294579099               
6714           0.0181271070083               
80             0.0186605209311               
6242           0.0137606506014               
5292           0.0165917936811               
5454           0.0270713236635               
3987           0.0482568695685               
2482           0.0542169248067               
9595           0.0704994384351               
3523           0.0270713236635               
8911           0.0431882507669               
12223          0.0261029506657               
3415           0.0265392853975               
9309           0.0105472339229               
11812          0.404209435675                
4358           0.0237698368587               
3781           0.037484934398                
5102           0.030376703854                
4772           0.0221813928885               
11837          0.0274452322308               
7403           0.035815475727                
3861           0.0284579946257               
7198           0.0141996506387               
9014           0.0726735181843               
1762           0.0284579946257               
3142           0.0194525781241               
7740           0.104153030943                
10866          0.0143650123146               
10543          0.0211112684253               
367            0.0292017218116               
6639           0.0144068544513               
7273           0.144770608705                
12008          0.0601769800448               
8832           0.0993178316395               
2812           0.016118359867                
8279           0.0553697801329               
11967          0.0273005017081               
8358           0.034859097417                
11469          0.037484934398                
7412           0.029363941459                
12179          0.0265392853975               
11445          0.0368916962855               
665            0.0244166486158               
6019           0.0181271070083               
11137          0.0447704607519               
12227          0.02402275339                 
8721           0.0350075027589               
1909           0.0455912165618               
7990           0.0542169248067               
6329           0.0248592461539               
2313           0.032162099681                
3077           0.0212032323195               
5456           0.0164843105048               
9582           0.180530940134                
3706           0.0197597015623               
10998          0.00686164065006              
7433           0.037484934398                
1515           0.0131959920478               
