290
1186           0.0120427659614               
9790           0.0179956536137               
9840           0.0548799886936               
6753           0.0173017752838               
1562           0.030625663284                
3268           0.0309294522991               
5415           0.0520875799767               
9963           0.027646258586                
3842           0.0802129306927               
105            0.0208723336523               
4148           0.067729552552                
10587          0.067729552552                
4169           0.027646258586                
6214           0.0199922280529               
7439           0.0190455621231               
3694           0.0392263597469               
3064           0.041196862342                
7186           0.018824757798                
11922          0.0803047251793               
11936          0.0970371844767               
4428           0.00947995448713              
8911           0.0503476185563               
170            0.0303325357603               
1102           0.0578170855879               
8926           0.0221754803934               
3420           0.0392263597469               
132            0.018824757798                
10786          0.022736313605                
4560           0.0292531943421               
4973           0.0716787945602               
9972           0.0277491119623               
1923           0.058460491441                
1280           0.0468803902801               
2923           0.0223953161665               
9549           0.0287616833314               
6443           0.0358393972801               
1951           0.0361282978843               
8173           0.123696343099                
11543          0.0526704408605               
2133           0.0391693405681               
1953           0.0303325357603               
9310           0.0509761973571               
10383          0.0234631437617               
481            0.014370936288                
3568           0.0319133266523               
9012           0.0256168617971               
9312           0.0353002891191               
1668           0.0322688389116               
10285          0.0156244247653               
11550          0.0303325357603               
10620          0.0170630939816               
7237           0.0194936315925               
498            0.103804149796                
77             0.0506653639401               
6648           0.0540828688892               
538            0.0266623842328               
1164           0.0147190398752               
3668           0.0290038242639               
11954          0.027646258586                
2059           0.0237029223492               
115            0.022853144562                
1466           0.0519020748979               
7166           0.0193493511381               
8804           0.016385429813                
1245           0.0384302073894               
9278           0.00889203684092              
104            0.0204206951624               
1722           0.0169462630245               
3658           0.0811264321449               
2763           0.0150822830719               
8121           0.014674725303                
4562           0.0384302073894               
579            0.0150822830719               
3235           0.0309294522991               
12082          0.0222846751151               
6987           0.033864776276                
630            0.0280747256956               
11458          0.0178579785895               
8183           0.058460491441                
8487           0.175381474323                
9966           0.0312447077225               
11914          0.0443509607868               
6962           0.0689658502024               
10441          0.0212520934678               
5127           0.0181953430574               
3275           0.027646258586                
8287           0.0285263641854               
5830           0.0325552881896               
3976           0.0754067544655               
4911           0.017423723103                
4797           0.0303325357603               
1612           0.0468270754951               
80             0.108769488601                
6242           0.0133681417064               
4982           0.0223705347016               
7609           0.0410903396996               
3994           0.0268501062285               
9902           0.50994267671                 
946            0.0384302073894               
12223          0.0380375848747               
10194          0.0364157138645               
7710           0.0290038242639               
7666           0.0492834783937               
11617          0.0278577452557               
8212           0.0315723292138               
7684           0.058460491441                
3661           0.0531715457894               
2436           0.0195846702841               
9910           0.0450164103274               
9014           0.0706005782383               
10866          0.0279105292037               
5309           0.0300493466996               
9546           0.0508616904542               
10543          0.0410181809113               
938            0.0162776440948               
6612           0.0206887377506               
12157          0.0199922280529               
6639           0.0139959132332               
1159           0.058460491441                
5383           0.0184692455387               
2888           0.0214486502367               
7624           0.0153176022178               
3589           0.0354732330166               
10385          0.0305400101352               
3259           0.0294380797504               
6856           0.0492834783937               
289            0.0239853936379               
11336          0.0492834783937               
6904           0.0383921513908               
8594           0.103900156535                
1678           0.0168884546467               
697            0.0121727806835               
4491           0.0295102385387               
2065           0.0539869608411               
3648           0.0330287513977               
330            0.01761004928                 
3468           0.0233375282027               
9065           0.0334363091665               
7325           0.058460491441                
4809           0.0104608630043               
2660           0.0805503186855               
7454           0.11245911224                 
5268           0.0392263597469               
7428           0.0241212222771               
9684           0.0309294522991               
5787           0.0155772173635               
5200           0.0262991410361               
2021           0.233066485391                
10149          0.0249861262758               
2131           0.0334363091665               
9216           0.0312447077225               
4529           0.0145431749109               
3849           0.0259510374489               
2579           0.0394906303646               
6192           0.0319247773426               
2430           0.0880502464                  
7453           0.00919993014607              
10624          0.0285263641854               
3871           0.0238517383503               
8017           0.0259510374489               
5290           0.082393724684                
12138          0.0125411211162               
8790           0.0733246867864               
2913           0.058460491441                
8940           0.0410903396996               
6145           0.0191508431041               
6264           0.016605265586                
2251           0.0869868556264               
9313           0.112256376471                
4686           0.0401523625896               
10692          0.00752158621652              
2880           0.0528415106751               
11985          0.0161185292409               
2108           0.0393292131232               
11123          0.037034758303                
9069           0.0141605151553               
7171           0.0651735360876               
8350           0.0595508884366               
9352           0.0401064653464               
9841           0.0401064653464               
941            0.0297754442183               
4677           0.0168884546467               
3580           0.0426995874616               
8668           0.0468803902801               
564            0.0347938748444               
722            0.0243996906384               
9511           0.0401064653464               
6947           0.316378516645                
1158           0.168126589875                
8836           0.0223953161665               
2146           0.017423723103                
2687           0.0163313631047               
4099           0.0285263641854               
5407           0.0456856724948               
8218           0.0100190626481               
150            0.0234631437617               
5020           0.0220676946752               
8244           0.0290038242639               
6718           0.058460491441                
10623          0.037034758303                
8107           0.058460491441                
8694           0.0199922280529               
960            0.022081986                   
4146           0.0542372022307               
973            0.0297754442183               
10962          0.0638266533046               
29             0.144189018197                
6008           0.0512337235942               
367            0.0283687716924               
10265          0.035730262002                
10948          0.0195846702841               
6176           0.0343164147659               
119            0.0624361006601               
2166           0.032640156809                
10924          0.0131443798291               
7520           0.110310480704                
10812          0.022736313605                
2206           0.0354732330166               
2924           0.027646258586                
1602           0.0298884184595               
2504           0.0401064653464               
3802           0.0239853936379               
11471          0.0297754442183               
6945           0.058460491441                
4547           0.0218562080056               
441            0.0158598931859               
7918           0.0181282481002               
8317           0.0358393972801               
11862          0.0321137218625               
10586          0.0466577587709               
8524           0.054548024091                
8073           0.0606650715206               
660            0.0745485871852               
10292          0.0367998466758               
1863           0.033864776276                
12020          0.0156585996563               
394            0.0401064653464               
8901           0.030625663284                
3532           0.022507442377                
4029           0.0091541586493               
2140           0.0262991410361               
1974           0.0287616833314               
6163           0.0161712314804               
2141           0.0297754442183               
8850           0.0401064653464               
8451           0.0180616877699               
5292           0.0161185292409               
8874           0.0218562080056               
11591          0.0105953792325               
1311           0.033864776276                
4183           0.037034758303                
6809           0.0188977126482               
269            0.067729552552                
9620           0.0280747256956               
8582           0.0434934278132               
9309           0.010246384548                
8184           0.0450164103274               
110            0.0370782956968               
3079           0.0270421440483               
12224          0.0535953930029               
4742           0.022507442377                
9554           0.01761004928                 
9744           0.0579991246609               
2816           0.0643459507102               
557            0.03522009856                 
6185           0.042205764445                
5801           0.0347938748444               
10717          0.0169462630245               
10867          0.0817161024516               
2812           0.0626343986251               
940            0.0165497618784               
2825           0.0196646065616               
8269           0.0319133266523               
11112          0.0262991410361               
9603           0.0526704408605               
8675           0.0156585996563               
1911           0.0468803902801               
5353           0.0287616833314               
6913           0.013914812817                
2548           0.0208771400624               
1909           0.0147635907928               
6329           0.0362252412616               
1353           0.0187524345994               
3391           0.0191204799101               
3706           0.0959803784769               
8205           0.0257822786333               
10998          0.0266636766548               
9588           0.0722467510796               
1111           0.0468803902801               
1515           0.0256391789549               
