183
2357           0.163145282181                
4554           0.170586254176                
7083           0.0812309710625               
7527           0.0596233994616               
1101           0.118404911715                
6933           0.0236249630816               
11501          0.0704709381948               
8414           0.0360530944943               
5973           0.118404911715                
8923           0.0614350158588               
2337           0.0812309710625               
10005          0.118404911715                
8058           0.0794484197491               
7352           0.147403130445                
7769           0.0668958863825               
11076          0.0832236938922               
105            0.0422744790965               
12062          0.0547707109486               
2659           0.0311209729249               
10975          0.0446955435264               
11086          0.045359102672                
10031          0.0949507664999               
8072           0.106677839107                
5987           0.0436443614273               
2548           0.0140947379733               
1981           0.118518300139                
1533           0.17161340316                 
8379           0.0799836690839               
303            0.054381760727                
8919           0.0748146084151               
5409           0.0714966212846               
4294           0.0449138509359               
8926           0.0449138509359               
4283           0.0568620847254               
7555           0.0374073042075               
2739           0.0298116997308               
5631           0.0573132738504               
3159           0.0725885220304               
8136           0.0529479994124               
11672          0.053265844946                
9633           0.0259645843353               
7406           0.106677839107                
9405           0.0592653307341               
4956           0.0763637961736               
3662           0.0661088333346               
3642           0.029901932422                
12218          0.0108098920669               
1951           0.0243912188441               
2222           0.039991834542                
1003           0.04032358222                 
2238           0.0639460729983               
10505          0.0812309710625               
9310           0.0137661795145               
8218           0.0405848872999               
10591          0.106531689892                
9121           0.042087531454                
11448          0.0646367235659               
10285          0.010548483767                
8836           0.045359102672                
7237           0.00987051969128              
498            0.0525608017025               
6042           0.0436973118845               
11041          0.0232544682144               
9243           0.0246545485101               
7785           0.0491343768151               
5684           0.0401568952609               
6759           0.0688554060363               
4041           0.0295438536697               
9278           0.00982351867357              
2353           0.0496130679802               
7559           0.0536296996037               
6394           0.028934892682                
3348           0.0637241949336               
7524           0.045359102672                
1522           0.0661545450248               
2663           0.0529096509583               
12058          0.0332969975422               
188            0.0477801671019               
7936           0.0547707109486               
1997           0.0737557841012               
10995          0.0911754923567               
8293           0.0270756129401               
1982           0.0794484197491               
11835          0.0908032620435               
8143           0.0480424760694               
8317           0.0725885220304               
11458          0.0361692542463               
9973           0.0639460729983               
11948          0.0832236938922               
7086           0.0854828567088               
11455          0.0491343768151               
11991          0.0367166536399               
10586          0.0236249630816               
8524           0.0276201662761               
9787           0.0614350158588               
6235           0.0259645843353               
10692          0.0152340962242               
1875           0.0546137002182               
1503           0.0214048642157               
5205           0.0223044030815               
5361           0.0462863807262               
10546          0.0577768258473               
1255           0.0695038984549               
10248          0.0338591286351               
5922           0.118404911715                
8528           0.0902700242356               
210            0.0281828315588               
10235          0.109541421897                
7919           0.0138477468787               
1534           0.0725885220304               
4151           0.0668958863825               
11064          0.0549255658267               
755            0.0455862012428               
4182           0.0460497532396               
5479           0.155651903606                
12085          0.0911754923567               
6241           0.0632825138527               
5830           0.0329684709188               
6013           0.0614350158588               
9835           0.0356671023267               
4743           0.0525608017025               
273            0.0626440007362               
12035          0.0458163896847               
310            0.0812309710625               
2681           0.118404911715                
1566           0.0406619652896               
3006           0.0614350158588               
4885           0.0413597379746               
12248          0.0725885220304               
1618           0.053265844946                
7183           0.0304536744513               
2647           0.0529096509583               
10316          0.0725885220304               
7421           0.0540015517041               
2258           0.0607209176928               
5480           0.125288001472                
8352           0.040491927783                
8602           0.109745530346                
6988           0.118404911715                
8913           0.0930527294855               
6198           0.118404911715                
5855           0.166447387784                
4921           0.020813056711                
3738           0.0880908687812               
11459          0.0653567722114               
3427           0.0232544682144               
7951           0.0385745662783               
10766          0.106677839107                
812            0.0460497532396               
938            0.0329684709188               
3614           0.0653567722114               
7584           0.182584348268                
5675           0.130713544423                
3849           0.0525608017025               
8195           0.158896839498                
3566           0.0515554412451               
11967          0.0179055927594               
1528           0.0737557841012               
8313           0.059769548677                
189            0.0525608017025               
4668           0.0653567722114               
2004           0.0632825138527               
774            0.056422616134                
8059           0.035923449496                
3290           0.0458163896847               
2362           0.0881028503066               
7154           0.020190216212                
8721           0.0344405806875               
10458          0.0626440007362               
11755          0.117487731174                
11586          0.0419026269961               
3098           0.0279393944165               
373            0.0518839678685               
8362           0.0592489356159               
4267           0.0422744790965               
9237           0.0580411132186               
3618           0.203164041424                
6491           0.0432415188364               
1794           0.0290205566093               
7802           0.176733034459                
3619           0.0677213471415               
2652           0.0889600343575               
4897           0.106677839107                
