39
7520           0.100467196014                
2408           0.164371622463                
962            0.298879936938                
755            0.143493322434                
5370           0.0859547525463               
3642           0.0941233863195               
9505           0.127457894953                
9744           0.0924415017535               
7518           0.0735848338638               
3042           0.14878542853                 
5899           0.159295854856                
8743           0.113485620033                
10597          0.195250002322                
2522           0.120014837545                
10490          0.201285349973                
10568          0.201285349973                
7386           0.162282913516                
2430           0.112270618628                
6639           0.089229156147                
5205           0.0702083704238               
3064           0.131322665461                
940            0.105510891804                
682            0.188138754408                
8269           0.203459335563                
5020           0.140689767161                
3041           0.210570583476                
1164           0.0938393576377               
7359           0.342358841657                
873            0.0938393576377               
10498          0.152063709611                
9262           0.312355555                   
109            0.149586274473                
850            0.181866189208                
8279           0.114311299388                
12129          0.0653478427398               
11230          0.0765718925235               
10784          0.118193967813                
11238          0.101112722119                
9379           0.181866189208                
