32
1602           0.148418984634                
579            0.14979027027                 
4802           0.158020542461                
9313           0.247750775471                
5787           0.0773528645434               
4921           0.102057547537                
2021           0.110224223794                
8173           0.153561869379                
10866          0.138597243298                
1314           0.236884450244                
11029          0.103101094531                
1686           0.252803899434                
660            0.105768877199                
6962           0.171234243715                
11598          0.130179246364                
3868           0.141465312842                
8997           0.127670518512                
2713           0.313561793228                
4029           0.0909148761921               
2548           0.0691140379191               
1164           0.146182706591                
8066           0.180041388264                
478            0.14400513034                 
195            0.381671072208                
210            0.138195494851                
5999           0.14400513034                 
236            0.152127351354                
8743           0.176787602913                
8859           0.0997564816016               
873            0.146182706591                
12223          0.125923908904                
3130           0.31694842231                 
