52
9955           0.0851800587507               
10812          0.107225889038                
4809           0.0493340897395               
5227           0.190969072505                
6394           0.0673742935362               
5842           0.164090108365                
10585          0.117836147499                
201            0.176199022737                
3704           0.125741485752                
10441          0.300678639764                
9310           0.064108523206                
8218           0.0472505313934               
10320          0.221090877507                
8545           0.125741485752                
8131           0.129365770896                
12255          0.10561772361                 
8256           0.221090877507                
6790           0.157687743                   
578            0.0908896741345               
2109           0.129408744097                
6052           0.0679757492256               
3350           0.128459431115                
447            0.120810736                   
7237           0.0459665980685               
4428           0.0447080633026               
480            0.0963052864065               
6042           0.050874139227                
1897           0.118559004154                
3746           0.141821490357                
8291           0.026983776054                
2548           0.0328193031149               
10444          0.174658256097                
1287           0.0901733892666               
1039           0.131378883733                
1005           0.387569267533                
1978           0.139172146285                
2118           0.141714614376                
2059           0.0558922384218               
10950          0.1248756359                  
11105          0.0887787451332               
8938           0.0946805372769               
6008           0.120810736                   
11219          0.212300230481                
6775           0.0827550112607               
3179           0.11125512159                 
8795           0.178939791772                
7184           0.110653665901                
10050          0.0954845362527               
9278           0.00381230969096              
3468           0.220122510003                
11965          0.0717911076789               
10106          0.0858103855167               
