113
7520           0.0464368131254               
1186           0.0354870514774               
2839           0.105609835836                
7454           0.0584804430646               
7393           0.0497660970362               
715            0.172268603061                
4547           0.064404836985                
6753           0.101968101367                
8048           0.118183829602                
4387           0.0761821340766               
3784           0.055903757217                
2021           0.196225503847                
1158           0.220189982148                
5443           0.0684052471275               
8539           0.0702851711456               
8336           0.0723206311365               
6216           0.152942572295                
11862          0.0946311922458               
11914          0.0653456537126               
11466          0.0827292699338               
8524           0.0401848824662               
10545          0.0526441205877               
6235           0.113328474496                
2435           0.0634986595205               
10146          0.0791206193791               
1875           0.0397290353427               
660            0.0627646401282               
11598          0.0386250368095               
8980           0.178764955063                
6265           0.0520782326498               
10441          0.0626246609219               
10816          0.0570177500828               
11884          0.256328739873                
3258           0.0443073845485               
11115          0.0808588737043               
10105          0.0606984798726               
7186           0.0554719033125               
3746           0.0443073845485               
2548           0.020506588671                
1981           0.0574778577066               
7800           0.0673425623391               
2812           0.0461420186896               
8911           0.0247269956807               
12138          0.0369555808075               
1984           0.118183829602                
8790           0.0540174272026               
9240           0.0877408666018               
8033           0.0902462518139               
5091           0.0877408666018               
12127          0.0609645910177               
6145           0.0282163980122               
4986           0.0324509203656               
8874           0.064404836985                
12129          0.030204342132                
4884           0.088547989441                
11591          0.0312219609225               
11230          0.03539219571                 
3272           0.0930358420699               
8859           0.029598402829                
10000          0.145226216331                
6153           0.0827292699338               
9972           0.0408848834152               
12223          0.112087350767                
3042           0.0687699210743               
7209           0.0740795964778               
2632           0.0594094397524               
6242           0.0393926058525               
7171           0.0384100569174               
3903           0.11559037617                 
3661           0.0391708472249               
2438           0.16293336676                 
12224          0.105288241175                
5090           0.111102523541                
7821           0.0637970273092               
9554           0.0518924578723               
8173           0.13668844358                 
9138           0.310413513331                
1190           0.0727487295996               
481            0.0423475933573               
2491           0.118183829602                
8131           0.0404160113116               
9278           0.0119102874374               
2817           0.0877408666018               
9588           0.0532233247505               
3859           0.0606984798726               
4734           0.0940406771462               
1975           0.0764712861475               
7237           0.0143607272204               
10844          0.0820898822663               
77             0.0497660970362               
5407           0.10096827943                 
3589           0.0522654201769               
8269           0.0940406771462               
5913           0.121083063875                
11927          0.111373766409                
9310           0.0100142826852               
960            0.0976052233034               
1966           0.0911414428729               
2141           0.263222599805                
5830           0.0479661894761               
1164           0.0433733684954               
4479           0.0596619039264               
5328           0.13814491027                 
6040           0.04458088782                 
6008           0.0754865531884               
8614           0.128164369936                
8743           0.0524540421051               
11262          0.0441717641439               
367            0.0557305004859               
11292          0.0700624947495               
119            0.0919918698607               
10728          0.0478089043328               
9879           0.0869593710853               
