149
8680           0.088661850802                
4439           0.0789914926773               
7454           0.0260580346491               
3995           0.05251276847                 
4014           0.0382624643225               
5217           0.0591835438322               
3504           0.0412928275549               
9198           0.080929277598                
10538          0.0400472048244               
2522           0.111228628969                
7599           0.0756900270162               
6920           0.070587309636                
7352           0.0477797780284               
1154           0.0469770746181               
3628           0.0642862612124               
5494           0.080929277598                
4952           0.0267056541                  
4887           0.0366525255634               
5899           0.147633908427                
5999           0.028557973081                
4333           0.0422440841765               
1561           0.0591835438322               
1035           0.0507793607909               
2548           0.0274123127384               
8911           0.0165269843161               
12138          0.0247003037604               
8692           0.113294865486                
6108           0.038416945799                
10786          0.044780195266                
8568           0.0970660338434               
10784          0.0365136879768               
6995           0.0548670859266               
7171           0.0770173315573               
9405           0.0288157144835               
6406           0.0729416270926               
5917           0.115140575009                
5370           0.0265540202489               
3642           0.0290775580429               
9505           0.118126784961                
3786           0.0379577860527               
2133           0.0385728915768               
12072          0.0685281060361               
9303           0.0536478499803               
6040           0.0297968925667               
10118          0.0658543191945               
7386           0.10026819097                 
10183          0.0586872729044               
529            0.0856622680396               
5317           0.0716730978643               
5020           0.30424324086                 
1610           0.0789914926773               
1164           0.0869694390027               
10330          0.0343168086247               
4146           0.0267056541                  
8243           0.103736809206                
680            0.0576154858502               
10305          0.0923330434018               
6759           0.0223190376387               
10466          0.044780195266                
8743           0.0350591370815               
9278           0.00477634572885              
7624           0.0301687085354               
8010           0.047507835368                
11051          0.115140575009                
7520           0.0931120576217               
7175           0.242787832794                
6771           0.103736809206                
9640           0.0336065333022               
3802           0.0472403147359               
9313           0.0245659996973               
11956          0.0514509706282               
11238          0.0312367750595               
2561           0.0320595543191               
5302           0.202763180621                
10546          0.0561839610698               
10950          0.0521511680598               
2511           0.0923330434018               
11891          0.0282204811159               
5205           0.0433789740451               
4029           0.0360590567964               
2246           0.0256724438524               
11906          0.0379577860527               
7800           0.045010299106                
11992          0.036239479023                
9262           0.160826781662                
4911           0.102950425874                
7166           0.0381094199037               
10314          0.0603186253425               
71             0.116243491981                
8995           0.0621831265947               
11806          0.0432537356787               
8190           0.0252487597596               
850            0.0561839610698               
8874           0.0430467875869               
12129          0.0605637694694               
8020           0.0756900270162               
9941           0.0756900270162               
12148          0.0603186253425               
3507           0.0498207116028               
3946           0.044780195266                
6031           0.088661850802                
3452           0.0923330434018               
9890           0.0860935751737               
5102           0.0581217459904               
4226           0.0856622680396               
2094           0.0552944386908               
3661           0.0261809394919               
12167          0.0717223911463               
8043           0.0856622680396               
10564          0.0836693201114               
3427           0.0226133595554               
10568          0.0621831265947               
3968           0.0552944386908               
2811           0.0467179801866               
2852           0.0311367616429               
3042           0.321750201755                
9216           0.0615378612889               
7359           0.105764990817                
2109           0.0540443066671               
2038           0.0658543191945               
8744           0.0514509706282               
5198           0.131708638389                
7338           0.0923330434018               
2108           0.0387303296813               
11469          0.0717223911463               
10948          0.0385728915768               
7346           0.0454803926975               
3041           0.0650516157841               
10484          0.115140575009                
8675           0.0308403183727               
10597          0.0603186253425               
9512           0.0772580849982               
9310           0.0267733120531               
8064           0.0242349592254               
10498          0.23488537309                 
11394          0.0650516157841               
11622          0.080929277598                
3651           0.0366525255634               
2993           0.080929277598                
6139           0.0521511680598               
2644           0.0517973446085               
6681           0.0581217459904               
7662           0.124366253189                
1644           0.0696159084852               
1794           0.0282204811159               
2825           0.0387303296813               
10998          0.0131288284884               
9613           0.080929277598                
12059          0.125709472864                
