259
4554           0.284749946688                
7527           0.0639809709255               
6933           0.0338021222023               
9934           0.0413329604158               
3786           0.0279244759272               
8923           0.0439499927765               
11836          0.102544353719                
12066          0.0307929861776               
3859           0.0298458694099               
2435           0.0312227374348               
10975          0.0319747425417               
7186           0.0272759249599               
277            0.0679268238716               
1981           0.197835867895                
1254           0.0452716742696               
1533           0.147324604195                
897            0.0595373940133               
4428           0.0137358753823               
8911           0.0121584376666               
478            0.0210092978216               
4294           0.0321309174679               
8926           0.0321309174679               
11222          0.0511479641549               
9456           0.0364254585462               
840            0.0364254585462               
7555           0.0267608093972               
3013           0.126038644004                
2739           0.0213269903085               
3159           0.0519290989722               
9602           0.0339966630877               
9201           0.0274882705617               
7209           0.0728509170924               
3722           0.0383661479897               
7828           0.0248950637773               
10425          0.0441134612321               
848            0.0383661479897               
8970           0.0487743095155               
2317           0.0319747425417               
1951           0.0174492327709               
10191          0.035353662344                
1003           0.0288470853717               
9310           0.0443168389875               
481            0.0416452189189               
7183           0.0217862525702               
10285          0.0150925584989               
7237           0.0141225411296               
8441           0.0229064400579               
1153           0.0652260307001               
7785           0.0351502392555               
4297           0.0188864951015               
7876           0.0630193220021               
864            0.041673923494                
5591           0.0286097564177               
4986           0.0319126915038               
10127          0.0497223902741               
8674           0.0652260307001               
6759           0.0492584653168               
4041           0.0211353759289               
10050          0.11734471091                 
9278           0.0105414697638               
2353           0.059154483505                
2259           0.0420247709247               
3348           0.106371179775                
1522           0.0236631482496               
2663           0.037851032427                
12058          0.0476406746544               
10646          0.0478566446543               
5320           0.0602179938437               
1353           0.0271711330598               
5325           0.0527641465239               
8143           0.137476417753                
12085          0.0652260307001               
11458          0.0258751209003               
7086           0.122307152764                
11455          0.0351502392555               
11991          0.0262667249237               
8805           0.0431428011378               
1503           0.0153128246898               
562            0.025245911208                
7329           0.0652260307001               
8528           0.0322891339542               
12132          0.0248089182973               
11906          0.0279244759272               
4182           0.0329435305574               
4220           0.0536611041279               
5830           0.0235853126833               
8288           0.0349501786865               
310            0.0581118201325               
4820           0.041673923494                
7275           0.07631625373                 
4885           0.0295883407827               
1618           0.0381058500252               
8859           0.0145537428191               
7421           0.0386321672443               
8021           0.0714087518604               
2258           0.0217195670635               
3178           0.0714087518604               
5480           0.179259553618                
11888          0.0581118201325               
1255           0.0497223902741               
4151           0.0478566446543               
7559           0.0383661479897               
10564          0.102588610413                
2362           0.0840371912865               
11977          0.0376014691761               
9546           0.0442172908799               
7802           0.0632165181309               
7584           0.130619007342                
3290           0.0327765846161               
12175          0.0439499927765               
5987           0.0624454748696               
3481           0.07631625373                 
8136           0.0757569330511               
2101           0.0472935948157               
11459          0.0467555778481               
2004           0.0452716742696               
11572          0.0714087518604               
3555           0.0420247709247               
6241           0.0452716742696               
6421           0.0199875619078               
10458          0.0448148884046               
663            0.0275958569488               
373            0.0371172690551               
3046           0.0423860929461               
3618           0.0968943419669               
1767           0.0420247709247               
189            0.0752029383523               
3619           0.0484471709834               
5538           0.0359852868072               
2357           0.116712494872                
5683           0.0416226039957               
7083           0.0581118201325               
7454           0.0191701634089               
4802           0.0230540441903               
10538          0.0294616025687               
3518           0.0679268238716               
2337           0.0581118201325               
5996           0.0232788814084               
3047           0.0452716742696               
6383           0.0265607488282               
3258           0.0653587577106               
12156          0.037851032427                
1882           0.0737644888224               
9238           0.0403641724                  
2548           0.0100832338602               
9610           0.0630193220021               
7154           0.0577755108725               
8379           0.0286097564177               
8919           0.0267608093972               
5409           0.0511479641549               
4283           0.122035691438                
8938           0.0581783224363               
2881           0.0519593491597               
2439           0.105528293048                
6358           0.0536611041279               
10692          0.0435932771987               
6261           0.0318205571591               
8166           0.0297164201668               
3566           0.0368822444112               
11973          0.0527641465239               
1565           0.0355605629181               
3316           0.0714087518604               
10966          0.07631625373                 
755            0.0326119101187               
23             0.0826659208316               
4784           0.0341814512397               
11835          0.173225975669                
3662           0.0472935948157               
3642           0.0213915418687               
12218          0.00773328811941              
812            0.0329435305574               
1528           0.0527641465239               
1660           0.0714087518604               
10591          0.114317550076                
9121           0.0301089969218               
6052           0.0417690390236               
6042           0.0468909264894               
8778           0.035353662344                
9243           0.0176376161669               
8218           0.0435510305986               
6772           0.0210721727103               
4121           0.0268620935769               
10330          0.025245911208                
782            0.0652260307001               
960            0.0159977248994               
11266          0.0448148884046               
10246          0.0376014691761               
10962          0.0462404622854               
5684           0.0287278391968               
9797           0.0652260307001               
8057           0.0195906939317               
193            0.0343691044382               
8291           0.0248710696353               
620            0.0478566446543               
5165           0.041001339977                
12267          0.07631625373                 
6394           0.0206997313598               
7524           0.064898892168                
1881           0.0349501786865               
5847           0.0546298921437               
7393           0.0244703398883               
10613          0.0288470853717               
1997           0.0527641465239               
11471          0.0431428011378               
2861           0.0714087518604               
8317           0.103858197944                
2460           0.0282622668422               
10586          0.0338021222023               
8524           0.0197591893052               
7526           0.039467214796                
711            0.0389041649573               
1875           0.0390700921377               
10292          0.0799810972791               
5205           0.0319126915038               
10546          0.0413329604158               
11891          0.0207610144723               
4753           0.0202203265593               
7349           0.0639494850833               
4029           0.0132638171003               
967            0.07631625373                 
5479           0.259820883386                
7800           0.0331128114826               
11220          0.0413329604158               
273            0.0448148884046               
12035          0.0327765846161               
7590           0.0581118201325               
6554           0.0321309174679               
6139           0.0383661479897               
10316          0.0519290989722               
8362           0.0423860929461               
9620           0.0813571276252               
9309           0.0148463857565               
8602           0.026170283068                
3079           0.0391824160359               
5855           0.119074788027                
9554           0.102063545859                
11134          0.0630193220021               
9551           0.0299767181314               
3863           0.0397588768331               
8384           0.109259784287                
2222           0.0286097564177               
7922           0.0586723554551               
1794           0.0207610144723               
5675           0.187022311392                
2661           0.0581783224363               
10717          0.0245541006991               
10983          0.0448148884046               
8313           0.0427585342966               
6913           0.0201617143922               
7877           0.0293361777276               
6013           0.0439499927765               
928            0.0546298921437               
9237           0.0207610144723               
3702           0.0214564395516               
7148           0.07631625373                 
11190          0.0679268238716               
1906           0.0462404622854               
2652           0.0636411143181               
1515           0.0371496052546               
