280
4554           0.271727969101                
7527           0.0610550396686               
6933           0.0322563081193               
9934           0.0394427515135               
3786           0.0266474540914               
8923           0.0419401036525               
11836          0.0978548698707               
12066          0.029384783716                
3859           0.0284809798039               
2435           0.0297948819011               
10975          0.030512496857                
7186           0.0260285621855               
277            0.0648204437359               
1981           0.188788581785                
1254           0.0432013429682               
1533           0.14058726248                 
897            0.0568146731858               
4428           0.0131077163134               
8911           0.0232048336655               
478            0.0200485158845               
4294           0.0306615297051               
8926           0.0306615297051               
11222          0.0488089026358               
9456           0.0347596759523               
840            0.0347596759523               
7555           0.0255370035133               
3013           0.120274736349                
2739           0.0203516798895               
7704           0.0306615297051               
3159           0.0495543151634               
9602           0.0324419524023               
7209           0.0695193519047               
3722           0.0366116151968               
2098           0.0681431387248               
7828           0.023756580816                
10425          0.0420960964876               
848            0.0366116151968               
2317           0.030512496857                
1951           0.0333025142821               
10191          0.033736894355                
1003           0.0275278714314               
9310           0.0516879898568               
481            0.0397407300377               
7183           0.0207899395033               
10285          0.0144023565838               
7237           0.0134766993438               
8441           0.021858899391                
670            0.0521315976247               
1153           0.0622431612746               
7785           0.0335427740633               
4297           0.0180227916355               
7876           0.0601373681747               
864            0.0397681219161               
5591           0.0273013958326               
4986           0.0304532834921               
10127          0.0474485220635               
5429           0.0481086951971               
8674           0.0622431612746               
6759           0.0470058129851               
4041           0.0201688282794               
10050          0.111978387885                
9278           0.0100593949308               
2353           0.0677391283951               
10632          0.129640887472                
9620           0.0776365626001               
2259           0.040102924647                
3348           0.0725047787847               
1522           0.0225810023538               
2663           0.0361200565246               
12058          0.0227310029747               
10646          0.0456680993662               
5320           0.0574641483195               
1353           0.0259285625524               
5325           0.0503511749274               
8143           0.163986807679                
12085          0.0622431612746               
11458          0.024691818679                
3046           0.0404477229524               
7086           0.116713890955                
11455          0.0670855481266               
11991          0.0250655141519               
8805           0.0411698259151               
1503           0.0146125497214               
562            0.024091383547                
7329           0.0622431612746               
8528           0.03081251075                 
12132          0.0236743748784               
11906          0.0266474540914               
4182           0.0314369809634               
4220           0.0512071135183               
5830           0.022506726307                
8288           0.0333518625189               
310            0.0554542926136               
4820           0.0397681219161               
7275           0.0728262142859               
4885           0.0282352282888               
1618           0.0363632209896               
8859           0.0138881816311               
446            0.032979253255                
7421           0.110596407157                
8021           0.0681431387248               
2258           0.0207263036097               
5480           0.171061786009                
11888          0.0554542926136               
1255           0.0474485220635               
4151           0.0456680993662               
7559           0.0366116151968               
2712           0.040102924647                
10564          0.0587382615896               
2362           0.0801940635382               
11977          0.0358819061189               
10923          0.0217197424611               
7802           0.0603255462735               
4333           0.0296565582662               
7584           0.12464563384                 
3290           0.0312776696725               
12175          0.0419401036525               
1037           0.03081251075                 
3481           0.0728262142859               
8136           0.0722924720537               
2101           0.0451307985135               
11459          0.0446173857469               
2004           0.0432013429682               
774            0.0385182674071               
11572          0.0681431387248               
3555           0.040102924647                
6241           0.0432013429682               
6421           0.0190735052548               
10458          0.0427654465024               
663            0.0263338632773               
373            0.0354198490859               
9546           0.0421951778733               
5165           0.0391262964996               
1767           0.040102924647                
189            0.0717638122378               
3619           0.0462316201745               
5538           0.0343396338273               
2357           0.111375083891                
5683           0.0397191493237               
7083           0.0554542926136               
7454           0.0274402311449               
10538          0.0281142859746               
3518           0.0648204437359               
2337           0.0554542926136               
3047           0.0432013429682               
6383           0.0253460919688               
3178           0.0681431387248               
12156          0.0361200565246               
1882           0.0703911448363               
9238           0.0385182674071               
5987           0.0893846457034               
9610           0.0601373681747               
7154           0.0551333632042               
8379           0.0273013958326               
12138          0.0173403214188               
8919           0.0255370035133               
5409           0.0488089026358               
4283           0.1164548439                  
8938           0.0555177536824               
2881           0.0495831819713               
2439           0.100702349855                
6358           0.0512071135183               
10692          0.0519996264152               
6261           0.0303653625683               
8166           0.0283574504396               
3566           0.0703911448363               
11973          0.0503511749274               
3316           0.0681431387248               
10966          0.0728262142859               
2997           0.0681431387248               
755            0.0311205259495               
23             0.078885503027                
4784           0.0326182899569               
11835          0.165304131261                
5370           0.0186416835414               
3662           0.0451307985135               
12218          0.00737963500818              
812            0.0314369809634               
1528           0.0503511749274               
1660           0.0681431387248               
10591          0.109089662969                
7518           0.0159589219409               
9121           0.0287320741597               
6052           0.0398588876914               
2146           0.024091383547                
6042           0.0447465447225               
8778           0.033736894355                
8218           0.041559386523                
6772           0.0201085154245               
4121           0.0256336558386               
10330          0.024091383547                
782            0.0622431612746               
960            0.0152661285725               
11266          0.0427654465024               
10246          0.0358819061189               
10962          0.0441258270746               
5684           0.0274140785358               
6547           0.0376623288162               
3349           0.0302200790744               
9797           0.0622431612746               
8057           0.0186947865566               
8291           0.0237336839567               
620            0.0456680993662               
2166           0.0451307985135               
8357           0.0397681219161               
12267          0.0728262142859               
6394           0.0197531062912               
7524           0.0619309832041               
1881           0.0333518625189               
5847           0.0521315976247               
7393           0.0233512800911               
10613          0.0275278714314               
1997           0.100702349855                
11471          0.0411698259151               
2861           0.0681431387248               
6848           0.022655759155                
8317           0.0991086303268               
2460           0.0269697973978               
1875           0.0372833670827               
10586          0.0322563081193               
8524           0.0188555764221               
7526           0.0376623288162               
711            0.0371250279635               
10279          0.0444286170488               
10292          0.127205766456                
5205           0.0456799252382               
10546          0.0394427515135               
6962           0.0238393760485               
11891          0.0198115868489               
4753           0.0192956252826               
7349           0.061024993714                
4029           0.0126572458576               
967            0.0728262142859               
5479           0.247938943601                
7800           0.0315985204564               
8350           0.0411698259151               
11220          0.0394427515135               
4743           0.0358819061189               
273            0.0427654465024               
12035          0.0312776696725               
7590           0.0554542926136               
6554           0.0306615297051               
6806           0.0385182674071               
6139           0.0366116151968               
8347           0.0277588768412               
10316          0.0495543151634               
8362           0.0404477229524               
6409           0.0728262142859               
4406           0.0311205259495               
9309           0.0141674416344               
8602           0.024973482705                
3079           0.037390554266                
5855           0.113629346372                
9554           0.0973960499664               
11134          0.0601373681747               
3618           0.092463240349                
9551           0.0286058446468               
3863           0.0379406527771               
8384           0.104263195249                
2222           0.0273013958326               
7922           0.0279945969711               
1794           0.0198115868489               
5675           0.178469542987                
2661           0.0277588768412               
10717          0.0234312104134               
10983          0.0427654465024               
8313           0.0408031320857               
7877           0.0279945969711               
10248          0.0231147553995               
6013           0.0419401036525               
928            0.0521315976247               
5999           0.0200485158845               
6329           0.0166959376048               
9237           0.0198115868489               
3702           0.0204752092539               
7148           0.0728262142859               
11190          0.0648204437359               
1906           0.0441258270746               
2652           0.0607307251366               
1515           0.0354507065098               
