231
2357           0.0421584741185               
4554           0.17632520133                 
3297           0.0407468086468               
5683           0.0150347696296               
7527           0.023110979761                
6933           0.0549444729985               
306            0.0773820494656               
4006           0.0638700737451               
3786           0.0302603409415               
7479           0.125945675365                
11836          0.111122125022                
7352           0.0380905348705               
1831           0.0571778345083               
6200           0.0330672736792               
12066          0.0667376005743               
10285          0.00817752080728              
6192           0.0250632136775               
7453           0.0144451948776               
12109          0.0726046975169               
3710           0.0506666528061               
4952           0.0212900245817               
3258           0.0472173180495               
1882           0.0799348423568               
3871           0.0374506113818               
3664           0.0349900998932               
5290           0.032342457792                
7154           0.0156520990906               
10842          0.0538816372433               
1254           0.0490586216178               
1533           0.159648215552                
9661           0.0546313172703               
8919           0.0869980032934               
4294           0.0348186486964               
2538           0.0329190706358               
4283           0.220406501663                
9456           0.0394724254604               
6145           0.0150347696296               
2739           0.069332939283                
6262           0.132538069895                
10692          0.0354298707582               
6261           0.0344823269411               
8166           0.0644043604007               
7584           0.0471817353098               
8136           0.020523488326                
3566           0.0399674211784               
6422           0.0330672736792               
12191          0.0773820494656               
7209           0.118417276381                
2246           0.0204663386504               
23             0.044790436804                
2073           0.0440813003326               
5370           0.0635074215063               
848            0.0415754523668               
8970           0.0528542501199               
12218          0.0167603457054               
3718           0.0295575390898               
6058           0.0285692686962               
812            0.0713984727292               
2133           0.0307507094484               
1142           0.0415754523668               
9310           0.0266799527551               
481            0.0225644077681               
9121           0.0326275957563               
7804           0.076181069741                
4284           0.0917912612485               
3859           0.032342457792                
9474           0.0444310765221               
6052           0.0226314965578               
143            0.275373783745                
4118           0.0917912612485               
6042           0.0677510977027               
5820           0.0682908490262               
3364           0.0926705181035               
3259           0.023110979761                
1838           0.0485636258997               
5317           0.0285692686962               
102            0.0917912612485               
4297           0.0613990159512               
7079           0.0766219483472               
12236          0.0706821475321               
9050           0.0827000608091               
4134           0.0360687207919               
7876           0.136581698052                
2522           0.0591150781795               
8721           0.0266994358059               
3260           0.0662690349477               
11266          0.0971272517995               
41             0.0399674211784               
8165           0.0410172477082               
1981           0.183758327136                
6759           0.0177929684174               
12086          0.0554264594911               
11435          0.0546313172703               
10050          0.0317901307179               
9278           0.0114232571422               
8057           0.0424588865481               
10265          0.0280507889436               
7624           0.0240508075149               
8291           0.00898383970519              
2078           0.0329190706358               
10106          0.0285692686962               
6394           0.0224312509921               
3348           0.164670089562                
6913           0.0218482292403               
1522           0.051285111717                
12058          0.0258128937045               
5227           0.0317901307179               
6090           0.0706821475321               
7878           0.0518598231647               
1909           0.023180931019                
5337           0.0562729357492               
8293           0.0209898780789               
2781           0.0415754523668               
11835          0.187716220613                
7476           0.0381233154674               
4564           0.0773820494656               
8143           0.0372440586124               
7518           0.0181226475645               
11458          0.0140197793216               
5480           0.0971272517995               
2887           0.0305032336198               
2055           0.0615909470927               
11455          0.0380905348705               
11991          0.0284639200993               
10586          0.0549444729985               
8805           0.0467516695749               
8779           0.0629728376827               
6915           0.0581498220571               
10279          0.0252261453353               
10783          0.0554264594911               
10292          0.115561954984                
6962           0.0270715410404               
6279           0.038763288989                
10546          0.044790436804                
1039           0.0874812205484               
10248          0.0262486756434               
124            0.0827000608091               
10816          0.030381225021                
12101          0.0706821475321               
5205           0.0345821682664               
1554           0.0253083765125               
7349           0.0346494098349               
189            0.0407468086468               
4029           0.0143733271373               
5664           0.0380905348705               
9097           0.0615909470927               
11064          0.0212900245817               
4244           0.0591996485869               
4182           0.0356992363646               
5479           0.241332632924                
74             0.0459316632143               
12145          0.119902263535                
5830           0.0255582093955               
6013           0.0476263822912               
6163           0.0507822530035               
273            0.0485636258997               
80             0.0284639200993               
4113           0.0364489163916               
4982           0.0175624558094               
4986           0.0172910841332               
9565           0.0918633264286               
10033          0.0444310765221               
12129          0.0160940218369               
4787           0.0682908490262               
11591          0.0166362478177               
234            0.0451599212313               
1618           0.0825867612794               
7596           0.0415754523668               
11788          0.0256425558585               
8347           0.0315224514314               
2573           0.0603408749972               
7421           0.0418637239663               
1211           0.0645176599304               
2258           0.023536395317                
9309           0.00804413833786              
110            0.0291090909695               
8620           0.0874812205484               
8602           0.0850782328275               
3938           0.0562729357492               
5232           0.0344823269411               
1255           0.0538816372433               
2444           0.028890488746                
3169           0.0501084481475               
3555           0.0455401168309               
3142           0.0296720885497               
8486           0.0773820494656               
10564          0.0667020502564               
2362           0.045533424991                
9546           0.0159720132381               
8131           0.0215351874167               
2222           0.031002944718                
7922           0.0635802614358               
3642           0.023180931019                
5675           0.0506666528061               
8218           0.0471940471757               
10717          0.0266080359253               
5987           0.0338344999693               
5383           0.0289993344311               
3106           0.0603408749972               
2888           0.0673548445721               
11967          0.0138809861769               
8730           0.0412933806397               
10998          0.010466438313                
5120           0.048086634069                
2792           0.0451599212313               
1899           0.0412933806397               
3812           0.0341544141168               
2925           0.031130905048                
9610           0.0682908490262               
2206           0.0278490029668               
2353           0.0897438068753               
30             0.0773820494656               
6241           0.0490586216178               
7877           0.0317901307179               
6421           0.021659509009                
10458          0.0485636258997               
6772           0.0228348468295               
6281           0.0490586216178               
3098           0.021659509009                
10089          0.0645176599304               
6139           0.0415754523668               
8047           0.0546313172703               
5999           0.0227667124955               
6329           0.0189595885042               
3618           0.0524997466534               
1515           0.0402571465898               
330            0.0276502744711               
7802           0.228348468295                
8482           0.0366432285351               
9023           0.0440813003326               
6072           0.044790436804                
