152
169            0.0678201688786               
5093           0.105576558076                
9148           0.109572860021                
7454           0.0171742174051               
4428           0.0246114657484               
5787           0.0404409274451               
2021           0.0864396528197               
11073          0.0712385784045               
10765          0.0978839485594               
6216           0.0673730100896               
2660           0.0697071352696               
6287           0.0656712406646               
6525           0.12794772824                 
7439           0.0494453006593               
12156          0.0678201688786               
8997           0.100121324656                
3746           0.0390358527576               
11922          0.0521209515264               
2548           0.0180667891837               
6389           0.0879183315201               
3338           0.082852058719                
4014           0.1008714417                  
8790           0.0475906297812               
7845           0.0648679476107               
4986           0.0285900276476               
6607           0.12794772824                 
3560           0.121708930271                
10692          0.0195272310424               
5747           0.08473902511                 
9627           0.0365482248554               
11959          0.151772709952                
1431           0.288444323244                
12184          0.0626225196216               
7476           0.031517591229                
2632           0.0523411202492               
7171           0.0676803355248               
1946           0.121708930271                
12032          0.116869742613                
9405           0.03798347434                 
4784           0.0612451404084               
11591          0.0275072853383               
9505           0.051902995592                
12218          0.0277124755979               
3042           0.0605879254792               
9310           0.0264684590404               
664            0.12053327823                 
2032           0.0766132607502               
9511           0.104122746528                
8672           0.0879183315201               
10285          0.0270423235661               
10620          0.0442984988651               
4106           0.0795090803401               
5162           0.0449181533901               
7231           0.0564727831042               
4425           0.0575710650191               
8441           0.0410429658987               
5415           0.0450758735975               
5020           0.0572912361956               
1430           0.0554274514561               
1164           0.0382129625442               
873            0.0764259250885               
4671           0.151772709952                
960            0.0286641693709               
11869          0.0521209515264               
9517           0.0441463127463               
4043           0.0857478783089               
2650           0.106677040431                
6759           0.0294198706726               
9278           0.00419729786757              
7453           0.023884478136                
119            0.0810470110878               
5732           0.151772709952                
8897           0.0692197791885               
4774           0.109572860021                
1602           0.0775950758191               
4931           0.0916451505906               
4547           0.0567421832509               
3740           0.142021627974                
11711          0.0644771904997               
496            0.12794772824                 
11458          0.0463621454077               
2561           0.0422593463552               
1617           0.0916451505906               
10181          0.0578545518393               
4993           0.0945409701805               
5725           0.121708930271                
9996           0.151772709952                
10545          0.0463807142026               
660            0.0552971310627               
11598          0.102088710382                
5205           0.0285900276476               
11106          0.151772709952                
4186           0.0879183315201               
4029           0.0237656480692               
7919           0.0177501932992               
4479           0.0525635471522               
2246           0.0338401677624               
3919           0.0707159884685               
12053          0.121708930271                
11992          0.0477691199487               
3603           0.0673730100896               
10790          0.0930447609005               
4911           0.0452347492746               
6596           0.1129158384                  
8190           0.033281687983                
5292           0.0418462589526               
8874           0.0567421832509               
12129          0.0266107391379               
926            0.0746698926812               
236            0.0397669253415               
1190           0.0640933498081               
7183           0.0390358527576               
446            0.0619228965969               
12223          0.0329172015389               
8987           0.0532448523846               
11617          0.072323126036                
11664          0.0450758735975               
5748           0.08473902511                 
2393           0.096148107748                
2721           0.0740589668474               
7742           0.151772709952                
12224          0.0463807142026               
3661           0.0345104420006               
9744           0.03764373215                 
10564          0.0367629437672               
10866          0.0362300807694               
6745           0.0879183315201               
697            0.0316024697441               
8173           0.0401419162338               
6639           0.0726712221297               
2812           0.121956626363                
9313           0.161908534261                
3581           0.0692197791885               
8279           0.0465494810694               
4998           0.0637161849463               
3589           0.138141210576                
3890           0.121708930271                
8066           0.0470638079331               
5791           0.12794772824                 
6391           0.116869742613                
1899           0.068276742225                
8008           0.0780128710601               
3161           0.0890908566878               
10616          0.0746698926812               
2146           0.0452347492746               
8859           0.0782306768813               
4945           0.0637161849463               
1794           0.0371988666443               
6138           0.0541878893481               
11292          0.0205755711434               
9588           0.0468910067565               
3130           0.082852058719                
