298
1186           0.0481285265425               
4913           0.0434817786977               
303            0.0357685284379               
3995           0.0355184534667               
1326           0.024060984606                
9840           0.0365543513972               
6753           0.0460973253512               
4006           0.0180631027478               
5415           0.0231295929807               
2805           0.0249811670963               
6714           0.02345933171                 
3842           0.0534280659479               
10285          0.00693805674096              
11017          0.0701652405291               
510            0.0357685284379               
5933           0.0599688783077               
11105          0.0250775128747               
10105          0.05488064478                 
2852           0.0210602040558               
3746           0.0400606051032               
8005           0.0420592658265               
7237           0.00649213926792              
8911           0.0335354395023               
478            0.0193159695734               
1102           0.0256737912872               
11177          0.0247909425                  
4686           0.0802338123496               
5577           0.0439994472864               
9406           0.0556104064136               
844            0.0425135275889               
11672          0.105103670656                
5156           0.0599688783077               
7209           0.0334896032675               
7592           0.0656532783684               
7821           0.0288411011374               
1951           0.0481285265425               
8173           0.0205978522401               
178            0.176369375481                
9310           0.036217730126                
481            0.0191443281052               
15             0.0736582550564               
26             0.0260898348051               
1314           0.0317742348659               
611            0.0393122394897               
2964           0.0502267778487               
3859           0.02744032239                 
10620          0.113653509808                
5162           0.0230486626756               
8441           0.0210602040558               
6058           0.0727171028725               
682            0.0393122394897               
6648           0.036023407457                
8451           0.024060984606                
10455          0.0270870270692               
115            0.0304439522215               
220            0.0336976068544               
6759           0.0452882826151               
8614           0.115880056217                
1175           0.114945141677                
9278           0.0129224505547               
2353           0.021754676681                
7733           0.0400304156273               
2863           0.0656532783684               
5131           0.0599688783077               
188            0.0314264606902               
5320           0.110728968358                
5702           0.0656532783684               
10943          0.0259843565946               
3740           0.0182187398009               
3729           0.0522556280479               
11711          0.0330849089274               
3784           0.0505454872698               
11086          0.029834053406                
3543           0.034125654546                
11458          0.0118948061059               
6616           0.0701652405291               
10146          0.0715370568758               
6197           0.0179605410273               
6962           0.0229683167099               
8980           0.040407667616                
8733           0.0365543513972               
10441          0.0849333074997               
3275           0.0368291275282               
4607           0.173820084326                
11906          0.0256737912872               
11122          0.0710369069333               
11124          0.0328879503716               
11360          0.0970228188942               
3603           0.0345708286249               
9902           0.0522556280479               
5830           0.0216843602312               
4911           0.023211116187                
1800           0.0477436658872               
1612           0.020793655554                
80             0.0241496533453               
5091           0.118996604432                
10749          0.0416228229116               
4986           0.073351401761                
12129          0.0136546563838               
7183           0.0400606051032               
11837          0.0355184534667               
6505           0.0599688783077               
6              0.0371108607509               
12223          0.0675626593912               
3258           0.0200303025516               
9330           0.0373999125322               
4358           0.0307619129354               
9688           0.0656532783684               
203            0.0287062162386               
12107          0.0321332294789               
1645           0.0457148156881               
11890          0.0149005203152               
3661           0.0177081976089               
509            0.0304439522215               
10564          0.0943200717194               
10866          0.0185905886004               
3427           0.0152951669184               
9546           0.0271022811743               
10543          0.0546426132511               
6395           0.0153758039951               
964            0.0396655348105               
12157          0.0266327653068               
9657           0.0701652405291               
402            0.0420592658265               
3073           0.143074113752                
2156           0.0321332294789               
12004          0.0534280659479               
3589           0.0472558779895               
3259           0.0392161127314               
3181           0.127540582767                
177            0.0463508669666               
628            0.0246970358845               
3639           0.0457148156881               
8721           0.0453052226802               
507            0.0642664589578               
2962           0.0562246597069               
5579           0.0701652405291               
5686           0.0502267778487               
5456           0.0853331770957               
5277           0.0210602040558               
2232           0.0373999125322               
9781           0.0350345568854               
330            0.0469186634201               
3468           0.0310892267644               
9023           0.0373999125322               
7547           0.0235433160174               
6063           0.0329620076361               
355            0.0350345568854               
3384           0.0247909425                  
5093           0.0812610812076               
7454           0.114562939025                
7004           0.0229683167099               
7071           0.0656532783684               
4802           0.0211959114438               
5787           0.0103756413011               
2020           0.0355184534667               
2021           0.133063243874                
5970           0.0420592658265               
5443           0.0618487328938               
1139           0.0420592658265               
4529           0.0774951072374               
4874           0.0522556280479               
8121           0.0586470673359               
6192           0.021264390847                
7453           0.0122557415697               
10464          0.0355184534667               
3274           0.0716572169101               
1053           0.140912275977                
8319           0.0497712966608               
9301           0.0332854164764               
2548           0.0185410707297               
1287           0.0254714608423               
8294           0.0245115671262               
3942           0.0302883151684               
3802           0.0958568536521               
7128           0.0869329233205               
7306           0.0656532783684               
9132           0.0562246597069               
2469           0.0470254897496               
11123          0.0493360731715               
11967          0.0117770497912               
7476           0.0161724887102               
6987           0.0451131627921               
7171           0.0173642626149               
5916           0.0502267778487               
5241           0.0383150472257               
9405           0.038980600102                
1293           0.0502267778487               
12218          0.00710999288434              
4921           0.0136893767486               
4677           0.0224980551347               
8496           0.0477436658872               
7233           0.0321332294789               
6040           0.0201539468003               
2160           0.0497712966608               
10532          0.0511950289576               
630            0.0373999125322               
722            0.0650083855198               
3633           0.0360243527598               
6947           0.0383150472257               
1158           0.124428241652                
5407           0.136935989725                
6772           0.0193737768093               
9231           0.0599688783077               
960            0.0147083243821               
3166           0.0463508669666               
603            0.0599688783077               
1571           0.0879988945728               
10246          0.0345708286249               
8795           0.0252727436349               
367            0.163763719829                
8057           0.036023407457                
8291           0.0152443243118               
3734           0.0400304156273               
119            0.0623809666619               
4139           0.0407981591872               
7559           0.0352738750961               
7623           0.0624519902693               
1938           0.0310777051912               
574            0.0579400281086               
11918          0.0365422126695               
6760           0.0547387400094               
222            0.0477436658872               
7571           0.0285729467667               
9313           0.0166158887168               
1166           0.0534280659479               
5196           0.0599688783077               
8328           0.0368291275282               
11862          0.0142601617527               
6126           0.22556581396                 
6235           0.0170776922402               
1875           0.0179605410273               
660            0.113497534925                
10288          0.0261963223919               
90             0.0332854164764               
2954           0.0502267778487               
12020          0.0208596965068               
6421           0.0367531690906               
1874           0.0373999125322               
915            0.044542377788                
4753           0.0185905886004               
7349           0.0293976104911               
7532           0.0742217215019               
3532           0.029983423003                
8424           0.0400304156273               
2140           0.0350345568854               
5089           0.0365543513972               
74             0.0389698165371               
320            0.042987125356                
6163           0.0215426020352               
4908           0.0624519902693               
12035          0.0301348249018               
5792           0.0501550257495               
10762          0.124356907058                
8190           0.0512330767206               
8872           0.0940509794992               
8981           0.0624519902693               
11591          0.0846881841351               
11891          0.019087697612                
11195          0.0502267778487               
4406           0.029983423003                
9309           0.0204746730221               
2216           0.0457148156881               
335            0.0371108607509               
5770           0.0624519902693               
10427          0.0412028535274               
8956           0.0816217389778               
262            0.0257763530077               
8913           0.0306017969658               
12224          0.261790543731                
4742           0.029983423003                
2721           0.0380015654282               
6996           0.0376966732629               
5927           0.139026016034                
11011          0.0325041927599               
2817           0.0396655348105               
9398           0.0485114094471               
5232           0.0585117045901               
10867          0.0362861970265               
2812           0.0208596965068               
1724           0.0457148156881               
940            0.0220468635525               
6849           0.0665708329527               
2828           0.0400304156273               
2963           0.0376966732629               
2206           0.0236279389947               
1966           0.0412028535274               
2792           0.0383150472257               
10813          0.0207280042255               
10141          0.0656532783684               
11733          0.0400304156273               
1521           0.0345708286249               
3179           0.0314264606902               
6756           0.0747998250645               
2661           0.0267446041165               
8205           0.0343460155666               
1334           0.0485114094471               
4140           0.0457148156881               
