242
2357           0.126110328137                
4554           0.307678361715                
2553           0.0915262891444               
5683           0.0149913690434               
9790           0.0281741626762               
7527           0.092177062925                
7454           0.0414275369675               
8627           0.0680937151193               
6933           0.0365239105491               
478            0.0454019845112               
3786           0.0301729889855               
10538          0.0318338869498               
6386           0.0544736140762               
6409           0.082461332102                
3518           0.0733963750597               
11836          0.110801350878                
7769           0.0517101203905               
12066          0.0332724752002               
10285          0.0163078298241               
6383           0.057398905815                
10519          0.0601666901305               
3258           0.070621525061                
273            0.048423438196                
1664           0.0337368305559               
8997           0.0402520027607               
7186           0.0294722158987               
1882           0.0398520479769               
3746           0.0941620334146               
1981           0.122151916957                
1254           0.0489170050192               
1533           0.132656135047                
897            0.0643314180173               
4428           0.0148419049187               
8911           0.0394123499489               
12138          0.0196344958651               
8919           0.0289156225989               
5409           0.055266460975                
4294           0.0347181383594               
8926           0.0347181383594               
11222          0.055266460975                
4283           0.219770258368                
2075           0.0321092227736               
840            0.0393584811537               
11730          0.0806989345589               
7555           0.0289156225989               
3013           0.136187430239                
2739           0.0230442657312               
6042           0.101333282829                
6261           0.0343827874577               
2439           0.0570127803309               
8554           0.0310410400511               
8136           0.040928487118                
3159           0.056110493726                
9972           0.0217221338922               
4763           0.0393584811537               
11041          0.0179755649564               
8102           0.0680937151193               
7209           0.0393584811537               
11973          0.0570127803309               
3316           0.0771586721616               
2997           0.0771586721616               
755            0.0352378611284               
23             0.0893222821882               
7828           0.026899644853                
5325           0.0570127803309               
5370           0.0211080319432               
10425          0.0476655312472               
848            0.0414554372919               
8970           0.0527016767521               
12218          0.00835598196567              
2317           0.0345493880365               
1951           0.0188542663997               
10191          0.0382003826064               
812            0.106788552155                
1003           0.0311698880743               
1528           0.0570127803309               
11086          0.0350623152904               
10813          0.0243604785982               
10591          0.0823483596319               
9121           0.0325334102905               
6046           0.0579819620616               
10183          0.0233255232072               
3859           0.0644981908571               
12109          0.0241317036349               
12035          0.0354157954184               
7237           0.00762985273316              
8441           0.0247508947121               
670            0.0590287580769               
6772           0.0227689299074               
9243           0.0381156373156               
7785           0.0379805796413               
8186           0.0494299322732               
4121           0.0290250623051               
8166           0.0321092227736               
10330          0.0272787429491               
6806           0.0872286901576               
782            0.0704781107088               
960            0.0345717626674               
117            0.0371365468902               
11266          0.0968468763921               
10246          0.0406291856022               
10962          0.0499638010345               
9602           0.0367341161053               
5429           0.0544736140762               
441            0.0248303962856               
1725           0.0466167124113               
12086          0.055266460975                
2342           0.102654847618                
7421           0.12522863023                 
10050          0.0633967254933               
9278           0.0139214555835               
10948          0.0306619419549               
8291           0.0179158124488               
6102           0.0293589860262               
620            0.0517101203905               
2166           0.0511017330881               
5165           0.0443028181708               
7559           0.0414554372919               
6394           0.044732998245                
3348           0.114936317662                
7524           0.0350623152904               
1522           0.0511370679514               
2663           0.0817976879843               
8805           0.0466167124113               
3555           0.0454086570339               
5847           0.0590287580769               
5320           0.0325334102905               
10613          0.0311698880743               
1997           0.114025560662                
1909           0.0462280301246               
6235           0.0200704685217               
3618           0.0523481966241               
7526           0.0426451633481               
8143           0.0371365468902               
6848           0.025653181317                
8317           0.056110493726                
11458          0.0279586173778               
3722           0.0414554372919               
7086           0.132155474747                
532            0.0463682767723               
11455          0.0759611592826               
10586          0.0730478210983               
8524           0.0213502234678               
11835          0.116983964835                
1875           0.0633240958295               
10292          0.0288070911165               
6962           0.0269933941331               
5205           0.0689646811459               
3349           0.0342182825393               
10546          0.0446611410941               
1503           0.016545832119                
3868           0.0446012300211               
7329           0.0704781107088               
10699          0.0704781107088               
7349           0.0345493880365               
4090           0.0660777373733               
11906          0.0301729889855               
4182           0.0355961840517               
1153           0.0704781107088               
7800           0.0357790956847               
8350           0.0466167124113               
4220           0.0579819620616               
5830           0.0254844309941               
6013           0.047488900111                
11105          0.0294722158987               
277            0.0733963750597               
80             0.0283817538376               
310            0.0627910551788               
8141           0.0426451633481               
6242           0.0209292869934               
4820           0.0450295589377               
7590           0.0627910551788               
1044           0.0680937151193               
4885           0.0319708302804               
8859           0.0471768841345               
11007          0.0505203943343               
6759           0.0532248173724               
3662           0.0511017330881               
8347           0.0314314561649               
10316          0.056110493726                
6547           0.0426451633481               
9620           0.0439540516736               
9309           0.0160418349506               
5480           0.145270314588                
8258           0.0782370233897               
8602           0.0282775463653               
1255           0.0537260981365               
4151           0.0517101203905               
8362           0.0457990731477               
5210           0.0680937151193               
9237           0.0224327168264               
5855           0.0643314180173               
4921           0.0160883684546               
9554           0.0827113708346               
4041           0.0228372223267               
1762           0.0432832395817               
3863           0.0429603103703               
10564          0.04433966847                 
2362           0.0454019845112               
11977          0.0406291856022               
9546           0.0159259071285               
8384           0.118057516154                
2222           0.0309134491018               
6395           0.0180703332593               
7922           0.126793450987                
7584           0.141136610051                
5675           0.202081577337                
3047           0.0489170050192               
7859           0.0915262891444               
8190           0.0200704685217               
5987           0.101210491668                
10983          0.048423438196                
3142           0.0295864346908               
2797           0.055266460975                
3566           0.0797040959538               
7802           0.0910757196298               
7624           0.0239813805021               
8269           0.0499638010345               
8313           0.0462015039326               
11459          0.0505203943343               
2004           0.0489170050192               
9310           0.0266029362383               
3290           0.0354157954184               
6913           0.0653554811061               
2353           0.0767012101022               
7154           0.0312138329423               
481            0.0224992715174               
10458          0.048423438196                
663            0.0298179092038               
928            0.0590287580769               
3046           0.0457990731477               
5479           0.160423988374                
2460           0.0305379792394               
8357           0.0450295589377               
1767           0.0908173140677               
2661           0.0314314561649               
189            0.0406291856022               
3619           0.0523481966241               
9254           0.0579819620616               
2652           0.0343827874577               
1515           0.0200704685217               
6063           0.0193692135731               
