40
9640           0.100192355486                
8680           0.264330735744                
7171           0.0765381718346               
8971           0.178108859329                
2676           0.147615425222                
4852           0.0814696588189               
5787           0.0457337368371               
9505           0.234783729398                
3661           0.0780541680075               
11711          0.14583161409                 
3786           0.113164900391                
3042           0.274070098233                
4640           0.191658921744                
11230          0.0705246014783               
2522           0.110536625261                
9303           0.15994224718                 
10568          0.185388771551                
2644           0.154425269562                
7386           0.149466565671                
8859           0.0589795439936               
8744           0.153392612469                
4952           0.0796185183697               
2438           0.162335375466                
5899           0.146715410977                
4029           0.053752075594                
5020           0.129578745334                
10326          0.210444461981                
1164           0.0864283627095               
10498          0.420163280528                
9262           0.191791446443                
4911           0.102309924619                
3321           0.0872173781171               
8451           0.106055973417                
850            0.167503245559                
1909           0.0866899601304               
12129          0.120373949626                
6681           0.173280432806                
8743           0.104523054904                
9278           0.00949325983501              
12059          0.187391065896                
