95
869            0.100170176738                
2357           0.0783758998333               
4554           0.0819505841145               
3348           0.122453828938                
9790           0.052529607632                
7527           0.0429651184648               
2730           0.0653722946816               
6394           0.0417014495341               
8293           0.0390218245851               
11835          0.0436223914986               
4006           0.0395798204027               
441            0.0462952879637               
4529           0.0424517657538               
3036           0.0819505841145               
11991          0.0529166531098               
10586          0.102146071511                
3004           0.108105066043                
1875           0.0393550874466               
1448           0.0609266837792               
8075           0.143859280598                
1569           0.143859280598                
754            0.34129426397                 
6383           0.0535089904112               
5350           0.0757515033408               
3868           0.0415786112233               
8528           0.130098663281                
3258           0.0438903431306               
11177          0.0543218441187               
8997           0.0375241304546               
1882           0.0743025610953               
3884           0.066031344345                
9238           0.0813172146568               
2548           0.0203135712563               
10787          0.136844627037                
1981           0.0569368497568               
5479           0.0747760391399               
1533           0.0494664193153               
4220           0.108105066043                
4428           0.0553442848222               
8911           0.0244942538603               
7393           0.0492976757136               
10734          0.10461578764                 
7237           0.0142255574716               
4283           0.0819505841145               
4982           0.0326499785898               
8966           0.072063985202                
10033          0.0826008454005               
8859           0.0293198090909               
842            0.136844627037                
5631           0.0826008454005               
7014           0.048309025976                
7847           0.0976011340784               
11812          0.0716399161979               
2460           0.0569368497568               
3109           0.0729349118231               
23             0.416344621317                
4956           0.11005677565                 
10425          0.133305735618                
8970           0.147390275613                
1951           0.105459093235                
2075           0.119732741878                
557            0.0514040222665               
2712           0.0846626380524               
10564          0.04133477566                 
8143           0.0692396171404               
3349           0.0637986291302               
9121           0.0606572517214               
4943           0.136844627037                
1393           0.0908382901881               
6301           0.239886749125                
498            0.0757515033408               
6042           0.0314886470524               
9243           0.0355325461815               
4297           0.076097047702                
11064          0.0395798204027               
1958           0.123199317663                
12072          0.101563890527                
6913           0.0812351330203               
8842           0.0959763755064               
7154           0.0290984760753               
2745           0.0614746473592               
10246          0.0757515033408               
6013           0.088541168672                
220            0.0738381022309               
6759           0.0330785195523               
3179           0.0688615730851               
9237           0.0418249098137               
8611           0.262807278053                
10050          0.118200677464                
9278           0.00471927294052              
330            0.0514040222665               
189            0.0757515033408               
2353           0.0238343934587               
2652           0.0641053420187               
3588           0.153745879511                
