39
9309           0.0264403217157               
10621          0.162941872387                
11072          0.198334747679                
6850           0.128951087882                
9313           0.0643716423882               
11956          0.269639625712                
10622          0.206985760034                
9505           0.103178040811                
3661           0.0686033581016               
4911           0.0899222242088               
3042           0.24088565126                 
1139           0.162941872387                
2522           0.0971528347517               
10490          0.325883744774                
3968           0.144891063963                
11029          0.0535763149427               
4036           0.212063444617                
8744           0.269639625712                
10394          0.136654578761                
9595           0.0883657197051               
5899           0.128951087882                
2852           0.0815893719083               
4029           0.0944875330765               
3259           0.0759636041028               
1164           0.0759636041028               
7359           0.138570916103                
10498          0.123096616666                
9262           0.16856931048                 
7505           0.241945360405                
3321           0.0766570854112               
8692           0.148436388816                
850            0.147221928458                
2882           0.148436388816                
5999           0.07483203017                 
11591          0.0546817727353               
7437           0.191132963945                
771            0.143771247972                
11394          0.17045833264                 
3684           0.271827276193                
