48
783            0.146614894212                
9309           0.0522317337709               
3464           0.2980068541                  
2414           0.138851373641                
7454           0.101165113982                
2246           0.0664454231612               
4852           0.0707266168667               
9313           0.0635817242272               
7949           0.118964846013                
5787           0.0397030321479               
2021           0.0565749688343               
8496           0.18269408575                 
6538           0.120255292455                
4574           0.104546666928                
8545           0.1359135555                  
6542           0.149120409415                
10285          0.0265489025531               
11259          0.354728909346                
5348           0.0978534731413               
660            0.0542881657511               
10620          0.0869804347059               
10882          0.0974681178084               
11598          0.0668173161249               
11204          0.237929692027                
1053           0.107841905108                
5407           0.0582215578506               
9310           0.0173236726023               
10109          0.118964846013                
10140          0.188787530556                
289            0.366802169783                
10866          0.213414105815                
2725           0.204445793601                
7440           0.113597846375                
478            0.0739137503583               
4854           0.139877482899                
2059           0.0604137353978               
7571           0.109336145219                
6108           0.0994307450763               
2880           0.0538727334445               
6759           0.0577661366786               
5927           0.106398327078                
5277           0.080588171314                
873            0.150062877012                
8057           0.0689228965628               
29             0.1050020881                  
10948          0.299503091887                
2353           0.0416228068495               
12223          0.0646331720602               
