55
2357           0.140940384445                
9309           0.0268924332194               
3348           0.110102019651                
11812          0.128827322582                
9790           0.0944619852547               
7527           0.154525060051                
4554           0.147368602531                
23             0.299478646445                
8997           0.0674782092897               
8293           0.0701714553893               
8970           0.0883487660213               
11835          0.0784444789953               
4006           0.0711748779366               
441            0.0832510465264               
2075           0.107655406233                
2712           0.152245585449                
10564          0.0743307468858               
11862          0.0561899739084               
10050          0.1062778798                  
10586          0.0612284584885               
9944           0.228303768508                
11029          0.0544924334594               
3884           0.118741642229                
1393           0.081675512298                
3258           0.0789263261715               
2342           0.114726635812                
5350           0.13622103256                 
1882           0.133615455111                
4029           0.0480516027877               
9238           0.146229638448                
4297           0.0684212058874               
10787          0.246082461378                
1981           0.204774720567                
5479           0.268933785157                
1533           0.0889535708071               
6913           0.146082034179                
4428           0.0497617558219               
7154           0.0523266771231               
2745           0.221095016474                
4283           0.147368602531                
6013           0.15922019879                 
6040           0.0794135273149               
8966           0.129589909661                
6759           0.11896767431                 
10033          0.148537942543                
5999           0.0761116069485               
780            0.306868213794                
2313           0.164008331319                
9237           0.0752121363971               
3349           0.114726635812                
9278           0.00424324405812              
11177          0.0976848956134               
7014           0.0868722746109               
2652           0.115278185875                
9121           0.10907761691                 
