240
169            0.0678570158189               
10180          0.0759275843042               
2207           0.0397761389539               
3624           0.0296813115589               
9790           0.0233724772608               
7454           0.0257753223283               
6753           0.0224712787917               
4316           0.072786740309                
10877          0.0785543360506               
4809           0.0271728149413               
2131           0.0434265624609               
2638           0.0357293988701               
4529           0.0377769023791               
6772           0.0377769023791               
5912           0.0379935974678               
9594           0.0499125604227               
3321           0.0192913821314               
303            0.0348725037028               
5831           0.0584666191808               
6192           0.0414634082493               
1445           0.312895614155                
1086           0.0318754010887               
1154           0.030978269764                
1592           0.213314983755                
12058          0.0854072876316               
6052           0.0187202446012               
9410           0.0298352021905               
9584           0.0931495431379               
1372           0.0548161956738               
1612           0.0202727610547               
2106           0.0428972327189               
2399           0.0277287826944               
6705           0.0445696300344               
2623           0.0759275843042               
7145           0.0548161956738               
11778          0.0313282713302               
6244           0.0548161956738               
8379           0.0256449107109               
7237           0.0253180279477               
8919           0.0479751422921               
3146           0.0533674992243               
6145           0.0373092293216               
11730          0.0223151738306               
7555           0.0479751422921               
2739           0.0764674475669               
6042           0.0280210616597               
8264           0.0759275843042               
8554           0.103003026011                
9145           0.0339285079095               
10784          0.0240783591874               
9972           0.0360401184792               
6422           0.0273524753428               
5049           0.0292323188948               
12039          0.0692573865421               
8550           0.0328534600423               
7476           0.0157673574245               
10204          0.0397761389539               
2246           0.0169292766233               
2538           0.0272298852518               
3415           0.0334856256975               
8649           0.0451897478177               
8296           0.0292323188948               
2629           0.0481001726794               
4430           0.143305906823                
8956           0.0397885308543               
9583           0.0316899417415               
4677           0.0219344643253               
549            0.106734998449                
812            0.059059146629                
3580           0.0277287826944               
2133           0.0254362675956               
9310           0.00441380657481              
10839          0.106734998449                
8786           0.0339285079095               
8603           0.0509465908209               
70             0.0356386412895               
9540           0.0584666191808               
10285          0.0473497775751               
3545           0.030978269764                
4768           0.0881397842347               
8836           0.0290866911026               
4423           0.0227903931979               
4425           0.0576023435847               
1499           0.0548161956738               
8441           0.0205326323445               
7079           0.348589359156                
9243           0.0158098197395               
5738           0.0293799280782               
6628           0.0303104215579               
4297           0.0169292766233               
9130           0.0581733822052               
3385           0.0520896583944               
2153           0.0301496910978               
1230           0.0509465908209               
1093           0.032256110594                
6680           0.0282517324846               
11836          0.0306392075561               
1500           0.0383274425044               
12238          0.0269887840491               
9798           0.0684075559442               
117            0.0308074141444               
8483           0.0383274425044               
3383           0.0509465908209               
10455          0.0264084795495               
2059           0.0307849898379               
8165           0.0339285079095               
2925           0.0257507565028               
1466           0.0337048070435               
327            0.0509465908209               
5109           0.0386718875493               
271            0.0640086213493               
6781           0.0564885929893               
6083           0.0533674992243               
8066           0.0470893778683               
8057           0.0175604989189               
2079           0.028386505741                
8010           0.0313282713302               
104            0.0265220838087               
2353           0.010604853991                
690            0.0445696300344               
10924          0.0170717177192               
2070           0.0281186129295               
3432           0.0489685646294               
1522           0.0424218448519               
1602           0.0194093083753               
9444           0.056773011482                
11918          0.0178134033224               
7393           0.0219344643253               
4796           0.0520896583944               
5417           0.0489685646294               
11916          0.104179316789                
667            0.101893181642                
8293           0.017362336193                
6678           0.0348725037028               
11835          0.0388186167507               
5162           0.0224712787917               
11238          0.0205985845696               
7405           0.0759275843042               
11458          0.0115968335318               
4359           0.0488986099665               
6226           0.0564885929893               
2077           0.0465476562259               
556            0.0533674992243               
11788          0.0424218448519               
11029          0.013482917583                
1875           0.0350212357529               
6962           0.0223929455444               
5361           0.0296813115589               
10998          0.0086575929622               
11513          0.0499125604227               
3148           0.0458474708643               
5604           0.0227097303162               
8741           0.027857175999                
10799          0.0458474708643               
6383           0.0238082429703               
10288          0.0255400875996               
3532           0.0292323188948               
3884           0.0293799280782               
7919           0.00887991852136              
7106           0.0489685646294               
2279           0.080341390879                
4417           0.335209260186                
6896           0.0759275843042               
2772           0.0640086213493               
5103           0.0520896583944               
9625           0.0382337237835               
749            0.0414485362694               
4982           0.0290545053183               
6877           0.0472961673139               
12129          0.0266251968476               
11209          0.0308074141444               
6132           0.0465476562259               
605            0.0645122211879               
7708           0.0509465908209               
522            0.227782752913                
7014           0.0429891507672               
3917           0.0451897478177               
10609          0.116933238362                
10032          0.0379935974678               
8406           0.0423925320627               
9640           0.022161283199                
2338           0.175609597301                
197            0.035377204359                
12218          0.00693188297126              
262            0.0502612774392               
5232           0.0285229743029               
8913           0.0298352021905               
4852           0.0180200592396               
2444           0.0238975365412               
3861           0.035906534101                
2493           0.0979371292587               
1951           0.0156409586244               
201            0.0242622467697               
8178           0.0548161956738               
9309           0.00665392308042              
405            0.0684075559442               
12056          0.116015662648                
7833           0.0481001726794               
9546           0.0132116757647               
7802           0.0188884511895               
6395           0.014990630176                
9278           0.0104989456863               
7436           0.0303104215579               
6468           0.0316899417415               
3849           0.0337048070435               
7707           0.0759275843042               
1271           0.0520896583944               
9522           0.0499125604227               
58             0.0759275843042               
8136           0.0339530989964               
11967          0.0344460812663               
10284          0.0684075559442               
5341           0.0998251208454               
11852          0.0855689229088               
3582           0.0759275843042               
5703           0.0472961673139               
8941           0.0557143519981               
2548           0.00903830246744              
12051          0.022085148798                
11105          0.0244493049833               
8059           0.023036043865                
5984           0.0244493049833               
5443           0.0301496910978               
6913           0.0542170325904               
5538           0.032256110594                
490            0.0301496910978               
3813           0.0481001726794               
8407           0.039027627866                
7535           0.0548161956738               
5456           0.0415977629525               
2970           0.0684075559442               
1533           0.0220095449546               
11059          0.0520896583944               
6853           0.0303104215579               
367            0.0736898459519               
5490           0.0684075559442               
4883           0.0533674992243               
11155          0.0593626231179               
1515           0.0166498850215               
6063           0.0160681440297               
