60
783            0.136608352532                
9309           0.0486668911686               
1938           0.0554021776567               
5131           0.213812855836                
2414           0.129374696219                
7454           0.0942605430981               
2725           0.190492263395                
6933           0.0554021776567               
319            0.107989866533                
9534           0.0729808408538               
8935           0.16084633304                 
2021           0.105427396425                
3704           0.126637385672                
8496           0.170225120754                
10866          0.198848483704                
4574           0.0974113033229               
5927           0.198273173436                
7918           0.172206200779                
10586          0.0554021776567               
105            0.099136586718                
10285          0.0494738526914               
11029          0.0493071286455               
11259          0.16525923973                 
660            0.101165941224                
10620          0.0810439754537               
1876           0.107442612805                
2146           0.0827568428679               
2687           0.155136998251                
1053           0.200963279615                
940            0.0786058200753               
5407           0.0542479066847               
10948          0.3720824698                  
7346           0.109678430568                
4029           0.086958368708                
9891           0.10282997404                 
2887           0.092272005311                
289            0.227845155789                
11906          0.0915372571598               
8694           0.0949563802048               
6169           0.101873897265                
960            0.104882029794                
7237           0.0231470535472               
5830           0.0773133518392               
7154           0.0946949158519               
628            0.0880547364259               
7571           0.101873897265                
4854           0.260661545989                
10139          0.118675722397                
132            0.0894112879265               
8190           0.0608887518325               
9546           0.0483151953234               
6042           0.0512366141649               
6554           0.105326096816                
9278           0.0268763050494               
11292          0.150571791407                
202            0.172962431301                
6048           0.11589034974                 
6620           0.0736708628768               
9588           0.0857869611371               
12223          0.0602219249381               
