275
5860           0.040322758952                
5116           0.0614926294497               
7527           0.270812934648                
8414           0.027292540656                
6753           0.0265276844309               
4006           0.0207895918423               
6163           0.0247942952984               
11772          0.0299064992006               
5415           0.026620830555                
50             0.0414619570467               
85             0.0271943981405               
7615           0.0541236326742               
7352           0.037195197684                
12066          0.0325844498477               
105            0.0320021888727               
8369           0.0785533293222               
3305           0.0541236326742               
10972          0.0412258667559               
11105          0.0288627742623               
10425          0.0466798788802               
6798           0.0237816223682               
3746           0.0230537256163               
1533           0.0259826006536               
4428           0.0581399855053               
8911           0.0514631481453               
480            0.0313097210109               
7555           0.028317690485                
11230          0.018415033457                
8554           0.0303991574621               
11696          0.0489306238629               
2233           0.0405982004412               
11965          0.1166996972                  
11672          0.040322758952                
9633           0.0196554410524               
9835           0.0270003408581               
8943           0.0452461254752               
5842           0.106694361343                
12256          0.0273914410364               
8970           0.0516118843785               
6552           0.0718786470723               
1951           0.0184643881833               
557            0.0270003408581               
10106          0.0278977336615               
9310           0.046895088676                
481            0.0220340200108               
7157           0.102531427389                
11881          0.0647113479395               
3778           0.0397890344088               
10285          0.00798530406638              
7237           0.0149441574294               
3649           0.0405982004412               
7547           0.027097001963                
7005           0.043386701714                
77             0.0258939668355               
7394           0.0506408319292               
10087          0.0500450251723               
6680           0.033351597429                
5591           0.030274204904                
11836          0.0361700478551               
2059           0.0181710730216               
7589           0.0387840063996               
11823          0.0690207280923               
6775           0.322852845758                
7184           0.035974509162                
10050          0.0310428877009               
9278           0.0111547477357               
2683           0.0260718521341               
104            0.0313097210109               
2353           0.012519190506                
2259           0.0444696734724               
2070           0.0331944477812               
3348           0.048239830877                
1522           0.0500796293632               
1353           0.0287518858154               
1124           0.054950212082                
454            0.0327342472935               
8428           0.0541236326742               
10585          0.0383095989934               
11238          0.0243169405822               
630            0.0430451471898               
11458          0.013690237355                
8420           0.0405982004412               
11991          0.0277948613365               
1503           0.0162036888937               
3350           0.0417633247302               
10441          0.162922249238                
10950          0.0811964008824               
1044           0.066685638261                
10279          0.0246331920973               
8405           0.0369834980606               
7919           0.0104828780992               
5031           0.0600557971026               
12132          0.0262522429417               
1602           0.0229129820503               
11906          0.0295490564029               
4412           0.066685638261                
8947           0.0489306238629               
2730           0.0686745574082               
12255          0.0686745574082               
8288           0.0369834980606               
3413           0.054950212082                
5610           0.0286419492124               
1566           0.0307815003507               
9627           0.0215845866827               
10388          0.066685638261                
10098          0.0718786470723               
234            0.0440984145616               
9439           0.056782981233                
2258           0.0229831605033               
1886           0.0547828820728               
1709           0.0328858175312               
1255           0.0526151222506               
1979           0.0440984145616               
2444           0.0282114032724               
9067           0.0494757076402               
10097          0.0395302875154               
6153           0.0430451471898               
10564          0.0217113950019               
447            0.0392766646611               
2362           0.0444631389276               
8545           0.0408796960717               
8131           0.0841159680062               
6610           0.0355921662734               
2966           0.0601432208933               
2109           0.0420719549802               
5987           0.0660784060491               
5383           0.028317690485                
11967          0.0135547066129               
8730           0.040322758952                
3259           0.022567744554                
3181           0.0978612477259               
7582           0.161512308543                
4095           0.0718786470723               
10473          0.0385446062403               
9772           0.0310428877009               
663            0.0292013191435               
5456           0.0245533941095               
5277           0.0242390829831               
10661          0.0512657136943               
2065           0.0275915628519               
1123           0.0991176090736               
7802           0.0222981022659               
11117          0.0484077947144               
8256           0.0718786470723               
355            0.040322758952                
4809           0.0160389594767               
3468           0.0357819110122               
7428           0.0369834980606               
8309           0.0474221134394               
8134           0.031445251753                
10944          0.0249574508247               
578            0.0886471692086               
7159           0.040322758952                
6383           0.0281059908616               
956            0.153263901582                
201            0.0572838984248               
2548           0.0426794109707               
7154           0.0152841886265               
1287           0.0293161857037               
8803           0.0363686182762               
11185          0.046072704883                
2118           0.046072704883                
8192           0.0807561542713               
7128           0.033351597429                
6603           0.0354051916299               
8938           0.0307815003507               
11730          0.0263434001636               
6951           0.0430451471898               
11219          0.0690207280923               
8029           0.0541236326742               
3303           0.0541236326742               
8323           0.066685638261                
6284           0.0533471806714               
11985          0.0247134903893               
3391           0.0293161857037               
11821          0.0309115272098               
12218          0.00818319267354              
2033           0.0690207280923               
3580           0.0327342472935               
10137          0.0293161857037               
6538           0.0361700478551               
7341           0.056782981233                
6790           0.102531427389                
8444           0.0889393469448               
6052           0.0441990636895               
6042           0.0661585740639               
2288           0.0601432208933               
2129           0.0795780688176               
9243           0.0559911938495               
8218           0.0153615757841               
4247           0.0533471806714               
6441           0.0474221134394               
3319           0.0341676399908               
2449           0.0526151222506               
1369           0.0526151222506               
960            0.0169284349902               
8191           0.0315822320492               
9632           0.0427124652227               
6008           0.0392766646611               
8795           0.0581749472659               
3349           0.0670213985926               
8057           0.0207304345288               
5924           0.07556314546                 
2078           0.032145291318                
9601           0.040322758952                
9109           0.147933992243                
8064           0.0188662261829               
10043          0.0647113479395               
6394           0.0438079863035               
10812          0.0348601078526               
2898           0.0718786470723               
8877           0.0614926294497               
1881           0.0739669961213               
4931           0.0541236326742               
5227           0.0620857754019               
7393           0.0258939668355               
11835          0.0229129820503               
441            0.0243169405822               
3704           0.0408796960717               
10320          0.0718786470723               
532            0.0227047248502               
1875           0.0620146476116               
10288          0.030150459636                
3868           0.0218394714253               
10391          0.0357819110122               
4029           0.0701773742567               
6974           0.0336718024974               
2282           0.0519226543888               
11064          0.0207895918423               
10444          0.056782981233                
2996           0.111667681481                
4771           0.0327342472935               
11992          0.0282114032724               
7653           0.0718786470723               
4113           0.0711843325468               
11591          0.0487356133278               
9113           0.0578081310619               
5845           0.0807561542713               
8787           0.07556314546                 
8388           0.0519226543888               
9955           0.0276928087199               
8602           0.0276928087199               
319            0.0348601078526               
7891           0.07556314546                 
11075          0.0601432208933               
5867           0.181645229424                
12129          0.0314314475127               
3142           0.0289746311795               
1978           0.0904922509505               
2222           0.030274204904                
10107          0.0440984145616               
8424           0.092145409766                
11633          0.066685638261                
11217          0.035974509162                
11151          0.056782981233                
8279           0.0274911110772               
1534           0.054950212082                
1897           0.0385446062403               
7412           0.0437376150516               
8291           0.0263180100987               
1005           0.252004559493                
3808           0.035974509162                
7366           0.0519226543888               
8224           0.0690207280923               
10248          0.025631687316                
1909           0.045272103145                
5999           0.0222315694638               
3179           0.0361700478551               
3077           0.0315822320492               
10443          0.07556314546                 
2750           0.0313097210109               
2661           0.0615630007015               
1515           0.0196554410524               
8482           0.0357819110122               
2549           0.0930138004268               
