33
3348           0.0723201380262               
10075          0.129312664216                
5365           0.217715837616                
5787           0.0537085322887               
11890          0.0771311433423               
11835          0.103051979724                
9243           0.0839408180715               
812            0.156784617546                
12056          0.20532491393                 
3427           0.0791739944023               
2358           0.190642518145                
9278           0.0111486418481               
5996           0.110788687695                
10717          0.116857702321                
1592           0.485390035299                
5604           0.120575273617                
9584           0.247284566897                
11967          0.0609627916595               
2399           0.147223481472                
4333           0.147905174193                
6628           0.321860922337                
7014           0.114123517632                
2548           0.0479880552465               
8066           0.125008411414                
8191           0.142042250529                
490            0.160077077225                
8874           0.15071560292                 
4430           0.152173968476                
605            0.171260922369                
8859           0.0692640698536               
6853           0.321860922337                
230            0.111513255269                
12039          0.183857937018                
