280
4554           0.39587703365                 
3297           0.0281485583999               
9790           0.0585585498481               
7527           0.0478963225649               
5923           0.0287209989644               
9719           0.146485132729                
8414           0.0579239244645               
8571           0.0246616133388               
4207           0.0828304345661               
4006           0.0147074953886               
8923           0.0329010798101               
1875           0.0731199334975               
2657           0.0214173386566               
11836          0.0767649720206               
1453           0.0634108967955               
12066          0.0461034203565               
3859           0.0223426960831               
3004           0.0401708432261               
888            0.0471764296598               
1086           0.0266207306248               
2659           0.0166666126745               
9595           0.0185720212755               
9085           0.0257288016832               
10385          0.016563061506                
1981           0.0423144140988               
1254           0.0338904940407               
4294           0.0240532890497               
11177          0.0201854951272               
840            0.0272681937593               
132            0.0204188289305               
10786          0.0986464533553               
4578           0.0279655091716               
9110           0.0377402028702               
11275          0.029545260462                
11204          0.0253137384898               
4763           0.0272681937593               
9633           0.0278102918836               
7209           0.081804581278                
3722           0.0287209989644               
1442           0.0425480283909               
9835           0.0191012594991               
4787           0.0471764296598               
10425          0.0825586318115               
8970           0.0730251519364               
557            0.0191012594991               
9310           0.0294895127515               
481            0.0467635800873               
2092           0.0322968140333               
7021           0.0346157312891               
10285          0.00564916442917              
7262           0.0571305476101               
3649           0.0287209989644               
11041          0.0124537627926               
5182           0.043502660895                
1153           0.0488283775762               
4297           0.0141384797451               
85             0.0192385443774               
1164           0.015965440855                
6102           0.0203403814394               
11954          0.0299873300201               
3565           0.0279655091716               
8165           0.0283353821037               
1093           0.0269386800415               
9104           0.0571305476101               
8804           0.0177729398643               
2264           0.0394993784123               
9278           0.00876819100034              
9991           0.0338904940407               
2683           0.0368888093563               
2353           0.0354265611432               
4945           0.0266207306248               
2259           0.0943795610544               
2070           0.0234832502423               
2763           0.016359443305                
1522           0.0531428844423               
12058          0.0178319669697               
1353           0.0203403814394               
8842           0.0178319669697               
8293           0.0435004479024               
11786          0.0306937105944               
6858           0.0320091508686               
4564           0.0534567788452               
11086          0.0242917404068               
11458          0.0193701833392               
10132          0.038339283853                
11455          0.0526271225105               
11991          0.0196633391378               
10864          0.0354041090621               
8805           0.0645936280667               
6713           0.0416844582475               
1503           0.0114632207063               
1509           0.060904159023                
562            0.018899155314                
5127           0.0197361156626               
11007          0.0350013481497               
1554           0.0174834382845               
8131           0.029753715728                
8810           0.0488283775762               
3884           0.0981465486779               
10944          0.0353120538102               
3138           0.0658021596203               
4182           0.0246616133388               
4193           0.0471764296598               
80             0.0196633391378               
4982           0.0121324302298               
2073           0.0304520795115               
236            0.0332293783184               
10699          0.0488283775762               
446            0.0517429833943               
7421           0.0578402833515               
1886           0.0581338242402               
4190           0.0408960804745               
5480           0.0670970858894               
69             0.0197361156626               
10564          0.030719241079                
2837           0.0219611395535               
179            0.0571305476101               
8327           0.038874259626                
7670           0.0658021596203               
7802           0.0630987349318               
5987           0.0467468461921               
5383           0.0200332120699               
3566           0.0552202897107               
7391           0.043502660895                
8730           0.0285261392257               
5935           0.0346157312891               
10050          0.131766837321                
11459          0.0350013481497               
4654           0.034295642156                
8784           0.0309419625242               
10518          0.0677809880815               
6904           0.0208215898429               
2362           0.0157276154265               
7154           0.0324381741759               
2745           0.114217053457                
11755          0.0314598536848               
11952          0.0242917404068               
9546           0.0331011798711               
5165           0.0306937105944               
1644           0.0191696419265               
7951           0.0206583308562               
1767           0.0314598536848               
4581           0.043502660895                
11311          0.0457797275977               
330            0.0382025189981               
2811           0.0257288016832               
3619           0.0362676792055               
7547           0.038339283853                
10728          0.0175981313175               
2357           0.0291237598767               
11772          0.0211572070494               
5683           0.0207725269783               
7454           0.0287016691673               
7004           0.0187014610286               
5787           0.00844814419318              
3348           0.0455027108789               
3349           0.0711209425042               
4529           0.0315493674659               
7769           0.0358256096474               
5996           0.0174266316494               
7453           0.0199579513151               
6468           0.0529316886251               
9238           0.0302167252759               
3024           0.0408960804745               
2548           0.00754833530161              
9441           0.0222457900404               
1287           0.0207395926441               
5376           0.0401708432261               
12138          0.0136030970181               
8426           0.0508501984247               
2538           0.0227410296176               
4283           0.39587703365                 
2075           0.133474740242                
6145           0.0103862634891               
6262           0.0457797275977               
12082          0.0241717303261               
5631           0.0306937105944               
9130           0.0242917404068               
8166           0.0222457900404               
8136           0.0283559193418               
2108           0.02132979567                 
6422           0.0228434106914               
2460           0.0634716211481               
23             0.247535700194                
11523          0.0471764296598               
941            0.0322968140333               
812            0.0739848400165               
11238          0.0344058021138               
1528           0.0394993784123               
441            0.0688116042276               
10591          0.0285261392257               
9121           0.0225396740283               
2581           0.0367324286969               
6052           0.0156342060566               
1960           0.0708082181242               
2146           0.0377983106281               
6042           0.070205340995                
6338           0.0350013481497               
3259           0.0478963225649               
9243           0.0264071314014               
8218           0.0217349437853               
5648           0.0401708432261               
4247           0.0377402028702               
6772           0.0630987349318               
4121           0.0201090336724               
10330          0.018899155314                
782            0.0488283775762               
1725           0.0322968140333               
614            0.0311757200582               
7555           0.0200332120699               
2925           0.0215057357345               
12086          0.038289500054                
11262          0.0162593248429               
8291           0.0124123652867               
2166           0.0354041090621               
8357           0.0311972083784               
1123           0.0233734230961               
7520           0.0170930739107               
6394           0.0154958731616               
7524           0.0242917404068               
7393           0.0366371211818               
1997           0.0394993784123               
11835          0.210725806701                
6538           0.0255883240069               
4359           0.0204188289305               
5334           0.0242917404068               
532            0.0160623468977               
10586          0.0632608932376               
711            0.0582475197535               
10638          0.038289500054                
5205           0.0238899245209               
4090           0.0915594551953               
3530           0.0850960567817               
4029           0.0198586565064               
8195           0.0425480283909               
11064          0.0147074953886               
6799           0.0311972083784               
1335           0.0264658443126               
5479           0.0555721698398               
7800           0.0247883374832               
8350           0.0322968140333               
6759           0.0368750162703               
2342           0.142241885008                
4113           0.0251795044994               
8190           0.0139051459418               
5292           0.0174834382845               
11591          0.0114925906789               
2946           0.0471764296598               
6809           0.0204979615612               
9309           0.00555702164904              
110            0.0201090336724               
8602           0.0391822850235               
11858          0.0571305476101               
8913           0.0249168591931               
9554           0.0382025189981               
9416           0.0215950037337               
8901           0.0332190292269               
8384           0.0408960804745               
7953           0.0263135612552               
7922           0.131766837321                
5675           0.140005392599                
4203           0.0228434106914               
159            0.0232649112767               
5366           0.0708082181242               
3550           0.0457797275977               
940            0.0179511874874               
8900           0.0335485429447               
8269           0.0692314625782               
189            0.0562971167997               
3149           0.038874259626                
6913           0.0754655612462               
2769           0.038874259626                
2652           0.0238209525089               
11586          0.022440649779                
6013           0.0658021596203               
6040           0.0164099204752               
2661           0.065328667041                
6532           0.0297635994277               
818            0.160370336536                
1515           0.0278102918836               
