28
11967          0.0635927997801               
9309           0.0368525169757               
7014           0.23809388676                 
2399           0.153574879452                
12058          0.236512616637                
6853           0.167873194731                
2626           0.113719255977                
7377           0.205197904777                
8066           0.130401424565                
5787           0.0560255829391               
11890          0.0804586735918               
11835          0.107497766016                
812            0.163548494431                
6421           0.0992284555431               
490            0.166982994778                
605            0.178649324446                
12056          0.214182877555                
8524           0.0980946974216               
4430           0.317477872833                
5996           0.115568244871                
9278           0.00581480383008              
9145           0.187911837661                
1592           0.506330344949                
6628           0.167873194731                
5538           0.178649324446                
5604           0.125777035874                
9584           0.257952720394                
12039          0.191789789451                
