112
7520           0.050664376824                
1186           0.0774355183921               
4809           0.0336319061651               
8121           0.0471795667516               
3801           0.0598304048087               
579            0.0969797480037               
10545          0.057436791707                
4387           0.0415588418793               
9864           0.085129890732                
3784           0.0609931825827               
2021           0.142726459178                
1158           0.0600589676464               
7930           0.117077326328                
8093           0.101505737442                
2522           0.0605220131057               
6216           0.0834331599613               
11914          0.0712946604359               
8524           0.0438432762902               
6197           0.0433459292742               
11029          0.0333757264356               
1875           0.0433459292742               
12062          0.0869410918356               
201            0.0600589676464               
11598          0.0842828475102               
4866           0.110328033247                
5604           0.112431710984                
3258           0.0483410870765               
10907          0.150721492695                
9310           0.010925973542                
2852           0.0508266490478               
3746           0.0483410870765               
7919           0.0439628484732               
6449           0.187951774314                
2548           0.0223734891753               
9744           0.0466171174753               
7393           0.054296755604                
10073          0.128943174056                
4428           0.0304782635649               
2089           0.0716457238837               
11220          0.0917128924376               
8790           0.0589351228617               
5091           0.0957287123982               
6242           0.0429788715604               
4986           0.141620886278                
4686           0.0645453673549               
9836           0.093247937161                
3994           0.0863236859932               
11591          0.034064378817                
1190           0.158743410748                
2032           0.0948760702665               
7183           0.0483410870765               
10692          0.0241820662161               
3175           0.132106351885                
6048           0.0784455456181               
12223          0.0815277850231               
1155           0.144728755878                
784            0.132106351885                
3415           0.0828905966328               
9309           0.0329423531796               
7171           0.0419068722962               
6770           0.279664666751                
3456           0.0994388739279               
2269           0.0994388739279               
5232           0.0706060080545               
4852           0.0446070046658               
8887           0.121217192566                
11890          0.0359608821776               
3661           0.0427369242363               
7198           0.0443500077637               
3109           0.160661898353                
7690           0.0994388739279               
11643          0.139832333376                
8173           0.0497108102167               
1142           0.170259781464                
6421           0.133050023291                
8              0.166866319923                
8090           0.135692467138                
4393           0.0940496674835               
9543           0.108876005503                
15             0.0888833334496               
7804           0.0779941741305               
9278           0.0155935065358               
12109          0.0495551229903               
2787           0.110328033247                
447            0.0823587778418               
7237           0.0156681142911               
660            0.0684786738075               
5408           0.187951774314                
11967          0.028422705448                
5415           0.0558209076194               
5407           0.146880448564                
9243           0.0391357594061               
5317           0.0584984307793               
150            0.0754345266741               
5591           0.0634816254777               
10866          0.0897329693366               
960            0.0709940738909               
1966           0.0994388739279               
2059           0.0381027100709               
11869          0.0645453673549               
2249           0.100452427094                
8250           0.108876005503                
5277           0.0508266490478               
367            0.0304020763611               
11292          0.0254803060783               
7624           0.049246430266                
10998          0.0214310776965               
12224          0.114873583414                
2353           0.0262513438588               
119            0.150550084481                
11740          0.232650791013                
10906          0.0975197740398               
