47
1886           0.0832898611904               
3348           0.146684097863                
5480           0.144197643361                
8306           0.114420665809                
7527           0.0686223228921               
8695           0.245557321011                
69             0.084829358233                
11924          0.209873107969                
8293           0.0623242374791               
9237           0.0668012231486               
8143           0.110586995547                
2075           0.0956163879849               
10582          0.175778675004                
2362           0.0676001066254               
10591          0.122610453078                
11991          0.0845165517011               
10586          0.0543813287917               
12066          0.198160754023                
7804           0.11310039687                 
11029          0.0483985880711               
2661           0.187196203956                
1503           0.0492709747157               
3024           0.175778675004                
6042           0.1508775618                  
8136           0.0609394087721               
189            0.120987543094                
6259           0.245557321011                
4297           0.121539433967                
562            0.0812319528242               
5039           0.358334527612                
9120           0.229766805189                
1981           0.181874926828                
5479           0.238859134377                
873            0.0686223228921               
4220           0.17266147548                 
7154           0.0464750265391               
12227          0.108802979638                
4283           0.261776978407                
5987           0.100463156725                
6759           0.0528318070708               
1254           0.145667410387                
8795           0.0884470312477               
8354           0.159988159183                
9278           0.00753745091627              
10425          0.0709703557974               
7802           0.135604829266                
8970           0.0784687939554               
