220
9782           0.0320856191702               
11772          0.0282224225838               
5683           0.0277092828532               
7454           0.00957156861737              
7004           0.0249466073123               
3086           0.190260641216                
7428           0.0349009057829               
5726           0.142616159025                
5787           0.0112693086055               
11728          0.113810581069                
5217           0.0434782867118               
6914           0.163424827502                
2021           0.0160582390978               
5970           0.045681884383                
4524           0.0284526452674               
7906           0.0489988174145               
7721           0.114936177716                
2638           0.0199019660309               
2099           0.0845862651721               
8134           0.0296745258372               
6657           0.076208662766                
105            0.0604002021043               
6192           0.0230959201274               
10588          0.0678310603599               
10865          0.227621162139                
3064           0.0596075851644               
10105          0.0298037925822               
4887           0.0269262182013               
9087           0.0357206317548               
2483           0.116059787706                
8349           0.0580298938528               
1758           0.0845862651721               
3427           0.0166125592792               
2620           0.0610673618222               
7154           0.0432705440422               
5651           0.0845862651721               
8689           0.0426982531415               
10069          0.0472269201139               
1338           0.0713080795124               
4428           0.0411495314683               
8911           0.0121412966518               
12138          0.0362914019413               
11177          0.0269262182013               
6263           0.0347043758357               
6145           0.0138546414266               
132            0.0272374712503               
2880           0.0152912366074               
10104          0.076208662766                
2881           0.0259430483293               
1352           0.0327303760542               
8463           0.075595339776                
11230          0.0173780572789               
2032           0.128094759425                
7193           0.0434782867118               
2081           0.0403072668261               
9819           0.0383120592387               
8306           0.0355104294923               
9069           0.0409775922295               
10830          0.0406212150083               
9838           0.0610673618222               
2098           0.213924238537                
9835           0.0254799140646               
4387           0.037406480809                
2795           0.0812424300167               
10186          0.141680760342                
12218          0.0154447713969               
7649           0.0845862651721               
727            0.0447517081932               
2133           0.028336985768                
10536          0.0610673618222               
1190           0.0357206317548               
4393           0.0423263368604               
10285          0.067820764269                
5421           0.0651340747775               
6052           0.0208550764315               
4423           0.0253893793683               
498            0.0375484584724               
6042           0.015608273157                
10692          0.0108829548049               
1139           0.045681884383                
4972           0.0434782867118               
5853           0.05560452252                 
2001           0.0845862651721               
4106           0.04431215701                 
6772           0.105212325379                
538            0.0385777034582               
8694           0.0289266795708               
2522           0.0272374712503               
960            0.015975171242                
2059           0.0171478345954               
41             0.0368302476735               
7919           0.0197851452707               
1574           0.0330661289067               
11767          0.0845862651721               
6360           0.169172530344                
5684           0.0286873385726               
6547           0.0394115737565               
10526          0.034510990503                
4041           0.0211055791902               
11179          0.0313252222012               
367            0.0684111150918               
873            0.0212969234311               
2242           0.0567564723714               
103            0.101198071194                
104            0.0295466270199               
2353           0.0708853047291               
8425           0.0610673618222               
4567           0.119108473822                
10924          0.0190185537334               
4937           0.076208662766                
1938           0.0337544678333               
2206           0.0256630437112               
1895           0.0794056492146               
11568          0.0594534579537               
12058          0.023786755319                
11918          0.0396896403554               
7936           0.0391271765069               
5442           0.0845862651721               
454            0.0617818724875               
3740           0.0791517729884               
2273           0.0845862651721               
2207           0.04431215701                 
11458          0.0775159261497               
2561           0.0471041240277               
11862          0.01548840779                 
10545          0.0258489908472               
6235           0.0185486157952               
5157           0.0526897594161               
10279          0.023246062747                
409            0.0678310603599               
11598          0.0189654269426               
625            0.170269417114                
10546          0.0412746890406               
10718          0.0259430483293               
10950          0.0383120592387               
11891          0.0207317455099               
4753           0.020191819861                
7061           0.0368302476735               
4060           0.0295466270199               
4029           0.0132451177171               
6056           0.0545528747002               
5031           0.028336985768                
9859           0.0651340747775               
730            0.116059787706                
4182           0.0986912599034               
11384          0.0361523321254               
11141          0.0477891761626               
5830           0.0235520620138               
8690           0.028336985768                
8033           0.08862431402                 
5792           0.0272374712503               
8190           0.0185486157952               
4160           0.13566212072                 
9565           0.0423263368604               
10648          0.0845862651721               
1623           0.0580298938528               
7637           0.076208662766                
11550          0.0438880318984               
4109           0.0594534579537               
11579          0.0845862651721               
3642           0.0213613839862               
7041           0.0845862651721               
9640           0.0246885265006               
8186           0.045681884383                
8352           0.0289266795708               
11573          0.0400012675592               
6785           0.0406212150083               
1913           0.0718691092078               
448            0.0845862651721               
7198           0.0199593833619               
2499           0.0678310603599               
420            0.0383120592387               
8997           0.0185999378487               
9309           0.0370636381542               
7186           0.0272374712503               
10866          0.121150919166                
8343           0.034510990503                
11591          0.0459912430738               
9546           0.0294366354426               
938            0.0235520620138               
964            0.0430819782418               
9278           0.0046784926031               
6728           0.0845862651721               
8062           0.0845862651721               
5327           0.0510758555476               
10176          0.0466896616448               
3025           0.0845862651721               
7237           0.0141026311138               
7207           0.034510990503                
660            0.0308183058259               
8279           0.0259430483293               
8136           0.0378250653098               
8838           0.0284526452674               
10857          0.0629304771063               
8308           0.0430819782418               
3319           0.0322436126022               
8291           0.0165573375337               
7002           0.0678310603599               
6648           0.019563074892                
2362           0.0419593576567               
7870           0.0526897594161               
2548           0.0100690184763               
4216           0.253758795516                
2484           0.28523231805                 
7921           0.0567564723714               
1678           0.0244358415039               
8001           0.0347043758357               
1909           0.0213613839862               
6329           0.0174713884411               
10157          0.0325659337155               
2661           0.0290481512007               
6072           0.0825493780811               
330            0.0509598281292               
10998          0.00964489336469              
8482           0.0337669817744               
6169           0.0310339713504               
11541          0.076208662766                
10771          0.0651340747775               
6395           0.0167001417309               
10728          0.0704244985034               
