58
8241           0.159223885145                
4406           0.0913600559179               
9309           0.0415911434798               
8534           0.182726304297                
9864           0.107480163319                
5348           0.0779188732135               
2393           0.150327946321                
2246           0.0529092359905               
624            0.106037101982                
4547           0.0887166276867               
5277           0.064170839333                
4006           0.0550386150682               
3504           0.0851018302103               
2021           0.0900991591232               
7918           0.147168899281                
3855           0.114862475071                
3856           0.213794812473                
10295          0.278587812813                
4854           0.222763597562                
6108           0.0791748250769               
4574           0.0832485370603               
532            0.0601087611886               
6386           0.14123196666                 
10183          0.0604753250135               
2414           0.110564727351                
660            0.129685924322                
11598          0.0532053673362               
8496           0.290951702528                
2146           0.0707247092018               
4297           0.0529092359905               
4853           0.219533765855                
783            0.233493344418                
5407           0.0463607273081               
4029           0.0743153692964               
10944          0.0660726549824               
4359           0.0764116551431               
289            0.194718428444                
873            0.119492235815                
8433           0.17654435944                 
8692           0.116746672209                
8721           0.0690229343897               
1867           0.119785135862                
6242           0.0542626813549               
10139          0.202842584732                
8190           0.0520360506489               
8804           0.0665101684535               
2160           0.0758270402545               
3836           0.14123196666                 
10943          0.0791748250769               
10923          0.0637623184448               
133            0.113958239522                
10692          0.0305309028819               
10948          0.317984876703                
7953           0.0984710129589               
8188           0.0773079229266               
3946           0.0922890681014               
3319           0.0904558203694               
12223          0.0514661746536               
