54
9955           0.0800520596005               
7697           0.14638828935                 
3348           0.0464825586496               
7977           0.156456078993                
7004           0.0764167006586               
9607           0.0941924074094               
2106           0.14638828935                 
6933           0.0516985141912               
319            0.100770689594                
8414           0.157789996193                
8293           0.0592495723691               
12256          0.0791808910597               
10501          0.139933211788                
10585          0.110742190614                
11835          0.0662349356929               
2436           0.0868021423474               
7451           0.156456078993                
2522           0.0834340983195               
2362           0.0642651650732               
481            0.0636941056063               
8131           0.0607888545388               
10740          0.218431632744                
6790           0.296389290781                
11029          0.0460109222747               
1875           0.0597555887392               
10285          0.0230832503671               
1739           0.0642651650732               
7527           0.0652369519594               
10441          0.188384814819                
6042           0.0478114207158               
4952           0.0600968165441               
8358           0.150093674708                
6468           0.108143021522                
10944          0.0721449153497               
3259           0.0652369519594               
5352           0.158845485741                
11608          0.399038717582                
3321           0.0658325083095               
5164           0.12346962875                 
8959           0.233443149094                
4061           0.12072593265                 
3350           0.12072593265                 
1682           0.0946254293602               
6008           0.113537703313                
6775           0.155546009027                
4267           0.0925092559911               
9154           0.137083886644                
1644           0.0783297511667               
1978           0.261587444587                
9278           0.00358280150393              
9606           0.228541710175                
956            0.0886084983876               
8291           0.0253593021724               
1089           0.207780792394                
