183
2357           0.0400744434186               
9782           0.0330974494753               
5683           0.0428746559806               
7527           0.0439370575024               
6933           0.0174094629085               
8414           0.0531357453699               
9760           0.0519307133051               
12138          0.0374358629569               
4387           0.0192930530974               
4006           0.0202375893179               
50             0.121083193752                
11485          0.0461629676835               
6200           0.03143265063                 
12066          0.0951578153868               
12243          0.0317192717956               
3004           0.0552752869394               
1448           0.0311524709379               
8075           0.0735568027012               
5480           0.276977806101                
8686           0.0335929108942               
3064           0.0307436647531               
11549          0.0786119274215               
6798           0.0231501758404               
3746           0.0224416061079               
9238           0.0415783694305               
5039           0.0573580289957               
9120           0.0735568027012               
1981           0.116449702976                
10376          0.110550573879                
5827           0.0185655775874               
4428           0.0424471951588               
8911           0.0250483526822               
478            0.0216412797381               
3945           0.0425762996153               
6145           0.0142915519935               
4283           0.125706654209                
11730          0.0256439336467               
7387           0.0872537202101               
2739           0.0219685287512               
10692          0.0112261522799               
7285           0.0213224011894               
6179           0.20772285322                 
2108           0.0293499085738               
9627           0.0210114755592               
6599           0.029964193978                
11997          0.0649150099127               
2997           0.0735568027012               
9607           0.0317192717956               
8358           0.0505440108581               
3962           0.0629931406898               
11835          0.0669137986401               
10425          0.0908808816786               
12256          0.0266641470753               
8970           0.0502414923725               
12218          0.00796591361159              
4677           0.0504128672271               
236            0.0228618977579               
2075           0.0306103215398               
12111          0.0409548659323               
8143           0.0354029634788               
481            0.0214489755923               
918            0.0444405822619               
7237           0.00727368105762              
6042           0.0644019402553               
11041          0.0342728833428               
11261          0.0526865490559               
8732           0.0872537202101               
4297           0.0583638625956               
9891           0.0323130731438               
1164           0.0439370575024               
10330          0.0260053349395               
6102           0.0559769390048               
10127          0.0512180924038               
2059           0.0353771941331               
11869          0.029964193978                
2093           0.0598598851924               
1682           0.0318650918392               
441            0.0473425607104               
6759           0.135307232247                
6775           0.0261900416008               
3349           0.03262092759                 
9278           0.0108585683323               
10265          0.0266641470753               
2353           0.0121867825966               
1897           0.037521174895                
2053           0.0858550384477               
10924          0.0784732397336               
8955           0.0384806844897               
3348           0.0939179463894               
906            0.0452720550795               
3284           0.0457095551127               
8293           0.0199522800344               
10448          0.0476314243356               
10535          0.10386142661                 
11086          0.0334255597694               
630            0.0419022180696               
11055          0.0409548659323               
10132          0.0527550518194               
3036           0.0419022180696               
533            0.0526865490559               
11991          0.0270568558123               
10586          0.0348189258171               
180            0.34901488084                 
11029          0.0619766704912               
1875           0.0402453618642               
1509           0.0419022180696               
1231           0.0512180924038               
10816          0.0866381463193               
24             0.34901488084                 
10092          0.0755084370649               
1554           0.0481146020472               
3884           0.0337625389748               
7919           0.0510226904525               
5031           0.029230601715                
8415           0.0598598851924               
11064          0.0404751786358               
5479           0.152935183185                
11586          0.0308784495426               
1625           0.0487162362071               
4220           0.165825860818                
10923          0.0468905554052               
12108          0.0291124257439               
2342           0.0652418551799               
4113           0.034647127728                
6242           0.0598568401033               
4982           0.016694286412                
8279           0.0267611706903               
2073           0.0838044361392               
11591          0.0316277277965               
4885           0.0304783893922               
7430           0.0395202423311               
6971           0.069970134633                
10945          0.0872537202101               
9858           0.0392521143283               
4114           0.134376197488                
2258           0.044745829261                
1886           0.0266641470753               
9309           0.0382324518868               
11664          0.0259139977427               
8602           0.0269575128835               
1835           0.17450744042                 
69             0.0271569966848               
4772           0.0964858512767               
9864           0.0395202423311               
11890          0.0333885728239               
9067           0.0481620351197               
10564          0.0211349168804               
2361           0.0357987894734               
7039           0.0598598851924               
10050          0.0906559230163               
7802           0.0217060459699               
11097          0.0395202423311               
9216           0.0466334941509               
314            0.17450744042                 
2661           0.0599283879559               
6259           0.0786119274215               
11561          0.0512180924038               
11967          0.0131948038151               
6074           0.0562732171241               
3589           0.0264723360366               
8310           0.0585463059556               
2548           0.0103865482077               
10895          0.17450744042                 
9310           0.0253610757849               
2030           0.0786119274215               
628            0.0276701337848               
12227          0.0348318343893               
2745           0.03143265063                 
10813          0.0232232990506               
210            0.020768200102                
499            0.0512180924038               
6013           0.090544110159                
9440           0.0562732171241               
3969           0.069970134633                
6329           0.0360447085735               
9237           0.0213855277628               
9434           0.0562732171241               
5277           0.0235954900209               
4581           0.119719770385                
6532           0.0409548659323               
189            0.0387325611694               
2652           0.0327777531999               
1515           0.0191335523514               
