345
1186           0.0393321188814               
3603           0.0282523492612               
3086           0.0286313223231               
6933           0.0126988304334               
9840           0.0298733453541               
1562           0.0333415161979               
3855           0.0616137721524               
11772          0.0212352190282               
5415           0.0189022180014               
2506           0.0277119504496               
4574           0.0893112636011               
3842           0.0436630662194               
10758          0.0364014073207               
4169           0.0300979008979               
4850           0.0510376959802               
7439           0.0207345033522               
627            0.048521715231                
783            0.031312240384                
4887           0.0202599241581               
9087           0.0806311474737               
3328           0.0648318011268               
3746           0.0163693821064               
1543           0.107307775045                
3870           0.0298733453541               
10385          0.0166241337071               
8911           0.00913539909351              
478            0.0157856071264               
9719           0.0980168403329               
6108           0.191116971254                
4686           0.0655695503758               
2065           0.0195914900156               
4986           0.0359670190813               
6181           0.04408423167                 
4578           0.0842058752522               
8308           0.0324159005634               
5289           0.0636447088259               
9406           0.0454465422741               
9972           0.0151049376039               
8279           0.019520163866                
8306           0.0267188879983               
1113           0.0296542013174               
11475          0.0636447088259               
8013           0.0490084201664               
2414           0.0296542013174               
1280           0.204150783921                
2923           0.073143930611                
9534           0.050184200085                
8296           0.0245033796533               
8173           0.0168332012469               
7571           0.0233506948946               
1579           0.041046874677                
10295          0.11207867939                 
1190           0.0268770491579               
481            0.0312906728309               
3651           0.0202599241581               
2215           0.0947007621996               
26             0.0213214190808               
1314           0.025966886437                
10183          0.0324397754265               
3778           0.0282523492612               
10285          0.0113399886573               
11706          0.0373595597966               
10620          0.0185762319364               
7237           0.010611153585                
8309           0.0336722449161               
77             0.0183861057616               
6058           0.0198088877177               
2805           0.0204153815754               
4297           0.0141906118995               
6648           0.014719720781                
10087          0.0355346529756               
11927          0.0411470854701               
11954          0.0300979008979               
3946           0.0247525469509               
192            0.0396450226207               
7166           0.0210652320705               
6759           0.012336994597                
8804           0.0178384731932               
1245           0.0418381593985               
9278           0.0105606258485               
7495           0.0436630662194               
104            0.0222315818017               
1722           0.018449040528                
2627           0.0550774509021               
12238          0.0226227835129               
2579           0.0214963098065               
3327           0.0340154568724               
5323           0.041046874677                
3740           0.014888917056                
12037          0.0436630662194               
3784           0.0826146677256               
2430           0.0383433813576               
11458          0.0194416061092               
966            0.0447341895574               
3062           0.0490084201664               
2789           0.0264105860175               
11914          0.0482839592321               
14             0.0384306831346               
7661           0.0447341895574               
10545          0.0194493927894               
3509           0.0459485290435               
6491           0.0232430718935               
335            0.030328141992                
5455           0.0246271099628               
9005           0.0447341895574               
262            0.0210652320705               
11906          0.0839256618549               
4913           0.0355346529756               
5830           0.0177211291463               
3976           0.082093749354                
4911           0.0189688412844               
3922           0.0636447088259               
6756           0.0611287280766               
80             0.0197358428474               
12127          0.0225233941361               
6242           0.0145536150223               
7921           0.128114741231                
11181          0.0427049137436               
12129          0.0111590070745               
7183           0.0163693821064               
230            0.0176052799688               
12223          0.0276071463436               
9627           0.0153262146387               
7421           0.0290267775599               
6601           0.0355346529756               
9942           0.0573412024031               
7847           0.0364014073207               
9949           0.0327140924403               
4852           0.0151049376039               
4772           0.0469192136491               
960            0.0120200971171               
11837          0.0580535551198               
11890          0.0121771655717               
3661           0.0144716862028               
509            0.0248797383593               
11522          0.0536538875227               
9014           0.0384306831346               
4808           0.0418381593985               
10866          0.0151928033836               
9546           0.0332232323016               
8720           0.0193791682129               
10543          0.0223278159003               
5145           0.0536538875227               
6639           0.0152370566946               
2954           0.082093749354                
3926           0.0473503810998               
5331           0.0247525469509               
7954           0.0427049137436               
4853           0.0883206422779               
11967          0.019249137912                
8586           0.0447341895574               
3589           0.0193094817612               
11922          0.0655695503758               
3259           0.0160243094774               
3319           0.0727825728464               
5271           0.0368678704612               
289            0.208899153124                
6904           0.0626950929484               
8594           0.0226227835129               
1129           0.0315758541301               
6995           0.030328141992                
6421           0.0150179126579               
663            0.0207345033522               
1678           0.0183861057616               
697            0.0132522505902               
10157          0.0245033796533               
10943          0.0212352190282               
5277           0.0172110494357               
9770           0.0368678704612               
5498           0.027201870739                
3468           0.0508141533047               
9065           0.0364014073207               
7547           0.038480650499                
6000           0.0264105860175               
7559           0.028826900559                
5093           0.0221363554085               
4809           0.0113885217788               
2660           0.0292311465528               
7922           0.022042115835                
7454           0.100826248208                
7004           0.0187704180502               
9902           0.0854098274872               
11113          0.0247525469509               
5787           0.00847929463967              
617            0.127289417652                
2021           0.157073791404                
5443           0.0758170431219               
8827           0.0368678704612               
4629           0.0636447088259               
6920           0.0390175988632               
1831           0.0396450226207               
6192           0.01737791719                 
5188           0.0636447088259               
7453           0.0100157706672               
10202          0.0275387254511               
3628           0.0355346529756               
1053           0.115157865589                
11846          0.031312240384                
129            0.0584622931056               
8050           0.127289417652                
5534           0.0636447088259               
3871           0.025966886437                
387            0.0636447088259               
507            0.0262602679264               
8584           0.114682404806                
3876           0.0490084201664               
4014           0.0211498283778               
12138          0.0136532550807               
8790           0.0598702845107               
8692           0.031312240384                
10852          0.0636447088259               
6145           0.0104245602722               
10139          0.027201870739                
4547           0.0475887889501               
2880           0.0230109770065               
88             0.0321271767117               
7193           0.0327140924403               
9712           0.0473503810998               
8534           0.0490084201664               
1048           0.026563430581                
2632           0.0219488428383               
7171           0.113524895196                
4375           0.0473503810998               
315            0.127289417652                
600            0.127289417652                
4784           0.0256826746358               
11711          0.027038009775                
7949           0.101628306609                
9841           0.0436630662194               
11238          0.103597995051                
8496           0.0780351977263               
9419           0.0694867365083               
1954           0.0321271767117               
2160           0.0203373206888               
7918           0.0592075285423               
3633           0.0294402140926               
6947           0.0939367211521               
5984           0.0204941183223               
1158           0.101686603444                
2267           0.0198825240508               
4069           0.0490084201664               
6042           0.0117440343102               
11204          0.0508141533047               
6338           0.105391220945                
5407           0.0497370318274               
5020           0.0240246355692               
3487           0.0636447088259               
4359           0.0409882366446               
4121           0.0201831807706               
10906          0.0330223944211               
8842           0.0178977179465               
4654           0.0172110494357               
880            0.0390175988632               
12209          0.0355346529756               
4001           0.0473503810998               
10610          0.0262602679264               
367            0.082358628633                
3438           0.028826900559                
8057           0.014719720781                
10948          0.127928514485                
119            0.0849660888232               
9601           0.0286313223231               
7520           0.0343122008034               
9204           0.0364014073207               
7623           0.0510376959802               
2547           0.0536538875227               
1602           0.0488083398694               
11918          0.0149317126054               
10075          0.0204153815754               
3802           0.0261123941405               
9313           0.054316070512                
9069           0.0154162553491               
10275          0.0490084201664               
7518           0.0125655820795               
1746           0.0573412024031               
2887           0.0211498283778               
11862          0.0116538447698               
532            0.0806078641864               
11067          0.0396450226207               
8524           0.0148463219549               
6235           0.0139564177353               
5348           0.0208983643161               
660            0.208695807425                
10292          0.020031609971                
6279           0.0268770491579               
4076           0.0268770491579               
11891          0.0155990562267               
1531           0.0305643640383               
6282           0.147025260499                
2152           0.0636447088259               
6618           0.0473503810998               
8901           0.0333415161979               
4029           0.0398637608012               
1974           0.031312240384                
74             0.0318473380952               
2725           0.174652264878                
4854           0.0298733453541               
10789          0.0347433682541               
2141           0.0324159005634               
9625           0.0160243094774               
12035          0.0246271099628               
5792           0.0409882366446               
10762          0.0254070766523               
8190           0.0558256709412               
11591          0.0230699335408               
8188           0.0207345033522               
576            0.0305643640383               
9309           0.0167325353843               
110            0.0403663615412               
2393           0.0403189632953               
6133           0.0191035702295               
12224          0.0583481783681               
4742           0.0245033796533               
2721           0.0310560533737               
9744           0.126284857011                
10791          0.0510376959802               
5927           0.113616355685                
1058           0.0490084201664               
3913           0.0918970580871               
2816           0.0467013897892               
9398           0.0396450226207               
10867          0.0296542013174               
2812           0.0340943769435               
178            0.028826900559                
5818           0.0273687384933               
2828           0.0327140924403               
734            0.0510376959802               
8059           0.0193094817612               
9310           0.0480971530828               
7730           0.0364014073207               
337            0.0573412024031               
11968          0.0256826746358               
10813          0.0169395654706               
11115          0.0298733453541               
11733          0.0327140924403               
10749          0.0340154568724               
1909           0.032145622251                
4267           0.0227232711371               
3728           0.0636447088259               
5486           0.0473503810998               
3706           0.0417967286322               
10998          0.0145140922963               
4140           0.0373595597966               
9588           0.0196633800142               
1515           0.0139564177353               
