44
4587           0.199241229404                
10812          0.110245160003                
3348           0.0508528535067               
2977           0.436556378096                
10519          0.186342625116                
23             0.138320294071                
2816           0.104001462959                
5830           0.0789279875747               
8293           0.0648202231451               
7209           0.121897393439                
5675           0.156467023227                
6639           0.135728396485                
9310           0.0329568468113               
2160           0.0905802210101               
12066          0.103048387064                
1314           0.115653696394                
3857           0.107525759303                
711            0.13019235698                 
660            0.0516393608735               
6962           0.0836014065696               
562            0.168970324277                
5383           0.0895547521438               
6383           0.0888852516663               
6042           0.0523066553186               
11344          0.149972527507                
9278           0.0117589705891               
1981           0.0945793628478               
5479           0.124212529642                
873            0.214111610307                
1625           0.158267491048                
1341           0.100759424598                
6284           0.168710564342                
8294           0.0892186186239               
628            0.0898936985292               
2776           0.227316363472                
4772           0.104486544885                
6759           0.109895272273                
6329           0.0585503523633               
10610          0.116960385734                
10050          0.294519581181                
7058           0.238968596908                
2661           0.0973465557152               
261            0.283466631608                
11965          0.073812604623                
