92
1186           0.0501335137096               
2579           0.0821988928925               
11788          0.0679867580861               
9309           0.0213276277999               
6933           0.0485585578199               
9313           0.0519242709859               
5787           0.0324236409953               
6709           0.219264766701                
6100           0.15159704142                 
2021           0.138606527983                
4911           0.0725342055018               
110            0.0771776704619               
4574           0.170756912627                
6200           0.175344201147                
5131           0.187401368716                
8524           0.0567702661157               
660            0.133003947159                
11029          0.0432164069814               
8352           0.0832267804908               
10393          0.0825381573577               
11193          0.12749331134                 
11598          0.0545666301314               
562            0.0725342055018               
10865          0.0818629063961               
9584           0.0746423862194               
11891          0.0596486170672               
4753           0.0580951628122               
3661           0.0553377112104               
9087           0.102774090292                
6022           0.114231509371                
4029           0.0762167328692               
9301           0.10401616275                 
4633           0.0760280010662               
12138          0.0522081446591               
651            0.181061258396                
8790           0.0763118747394               
8992           0.14695357646                 
4982           0.0465637840901               
10139          0.10401616275                 
8190           0.0533673964003               
8422           0.0839293161394               
5292           0.0671007399185               
9627           0.0586053088588               
11591          0.0441081053731               
2825           0.0818629063961               
8859           0.0418144611127               
11204          0.194306240583                
6048           0.101574856561                
5522           0.135879560734                
11054          0.166961480172                
1113           0.113393533116                
11664          0.0722794473525               
7171           0.0542629222458               
8956           0.0637665153705               
2065           0.0749151274752               
9082           0.109482186394                
7949           0.194306240583                
12224          0.0743717674851               
941            0.123953886151                
12218          0.0222185646237               
7198           0.0574264050505               
201            0.0777670800274               
9744           0.0603619617089               
557            0.0733098733159               
1003           0.0828807643837               
10495          0.115970588332                
5015           0.0923155655337               
9310           0.0141474469528               
3580           0.0888782676777               
8173           0.0643678156293               
5020           0.0918668582519               
447            0.106641887438                
2812           0.0651860729549               
3142           0.0786703602117               
10869          0.131434240651                
11041          0.0477970456699               
5407           0.0475468695415               
6058           0.0757464259905               
10948          0.0815301351308               
4106           0.25498662268                 
4297           0.0542629222458               
5351           0.12627303414                 
6421           0.0574264050505               
8411           0.0865063713561               
1682           0.0888782676777               
8804           0.0682118354534               
9278           0.0134607871586               
11292          0.131972231929                
2079           0.0909864483953               
119            0.194939089477                
4806           0.181061258396                
3706           0.159824865339                
