39
6206           0.14930150936                 
9309           0.0296676779478               
4809           0.121154740274                
1602           0.0865397906031               
7454           0.076615850288                
10105          0.119282585842                
12224          0.103454433229                
3661           0.076977215186                
6914           0.109011495553                
2021           0.0642692797694               
1158           0.324532391531                
5415           0.100543922954                
9310           0.0196797273432               
9546           0.0589065633912               
6889           0.251864255759                
2154           0.454308542718                
11029          0.0601159424019               
2817           0.34485072688                 
660            0.0616714668115               
11598          0.0759046071426               
1597           0.244407580298                
10816          0.112049340989                
5451           0.204418954635                
12107          0.139682568201                
7919           0.0395926673197               
5818           0.145578700563                
4738           0.251864255759                
1392           0.15548514712                 
8064           0.0712556427509               
6648           0.156593101613                
8294           0.106551339605                
628            0.107357568948                
1566           0.116258311072                
1909           0.0854938549186               
11591          0.0613563344867               
9770           0.196106103889                
10692          0.0435564362204               
9972           0.0803455807437               
4275           0.113412040701                
