238
10557          0.0472999231255               
7454           0.0193933493559               
7004           0.0252726742183               
7303           0.0490112103974               
6933           0.0170978293418               
10567          0.0618655483443               
6753           0.0253610811068               
8711           0.0722401182691               
9212           0.0722401182691               
10538          0.029804605157                
4911           0.0766194995975               
10242          0.0336720036988               
5415           0.0254501309601               
2522           0.0551869622047               
6216           0.0380392390233               
4641           0.077204755043                
7352           0.0711189420022               
2430           0.0258129516052               
8076           0.0496392609262               
10588          0.0687176524206               
10624          0.041814173628                
2825           0.0576490763245               
4952           0.0198753316093               
7355           0.0510011410664               
3258           0.0440797919389               
5899           0.256374051357                
6798           0.0227357821336               
1037           0.0326650556814               
10385          0.0223828960132               
11198          0.0687176524206               
5290           0.0301933457713               
7154           0.0146120385448               
3789           0.0687176524206               
12152          0.0355594710011               
7607           0.0687176524206               
2944           0.0979951670442               
4428           0.0138957933907               
8911           0.0245999811541               
478            0.0212538956338               
8319           0.0273823672369               
1353           0.0274874691772               
6145           0.0140357297809               
10526          0.0349620695518               
7726           0.0722401182691               
2065           0.0527563470662               
5898           0.197956246927                
7233           0.0353570812549               
10784          0.0271748317454               
2108           0.0576490763245               
3478           0.0687176524206               
11202          0.0525336762459               
12090          0.0602305497981               
3760           0.077204755043                
7171           0.0573191354398               
2433           0.0574983130198               
11072          0.0563313065028               
2246           0.0191063784799               
2626           0.0231731250833               
12161          0.0510011410664               
5407           0.016741606375                
2795           0.0411521583038               
9505           0.0293047683742               
9508           0.0510011410664               
9506           0.0602305497981               
3042           0.273666689514                
10137          0.0280269529483               
3576           0.0347692419309               
9310           0.0298885277258               
11399          0.0637530156467               
10813          0.0228075964208               
3651           0.027278159792                
12167          0.160135337166                
12149          0.0637530156467               
2697           0.0414786923446               
8859           0.0294463654697               
4036           0.0602305497981               
10183          0.0218386152583               
10285          0.0152682715008               
7237           0.01428696084                 
11077          0.0347692419309               
2561           0.0477198027767               
498            0.0380392390233               
8441           0.0231731250833               
11041          0.0168296952503               
5136           0.0428795671065               
4967           0.0587883788728               
5317           0.0533417598455               
5020           0.0970410120323               
2233           0.0388128205031               
1610           0.0587883788728               
2153           0.0340269358216               
1164           0.129451720866                
2305           0.0517434471757               
10906          0.088923348844                
10127          0.0503012762504               
8900           0.0453366394765               
6739           0.0602305497981               
9900           0.0533784457219               
8068           0.077204755043                
680            0.0428795671065               
12138          0.0183828760101               
774            0.0408341066332               
6759           0.0166106500372               
10595          0.0287073669249               
1332           0.0364042404771               
11965          0.133881138109                
10923          0.0230256016016               
9278           0.0106641973516               
4637           0.137435304841                
133            0.0411521583038               
29             0.0301933457713               
8291           0.00838687586198              
9309           0.0225288490902               
11394          0.0968276178961               
5165           0.0414786923446               
9879           0.12976903366                 
7520           0.0923965646689               
2579           0.0289428415064               
1602           0.0219053418586               
9441           0.0300623894335               
5320           0.0304595367084               
10613          0.0291829335296               
3802           0.0351579825452               
9313           0.0182829219786               
11956          0.0765834155589               
2781           0.0388128205031               
11711          0.0728084809542               
441            0.0232475587525               
7518           0.0338368449129               
11458          0.0261763683773               
9896           0.046278973619                
8420           0.0388128205031               
7285           0.0209407250878               
11102          0.0503012762504               
6235           0.0187910571696               
9379           0.041814173628                
10146          0.0787142025159               
10279          0.0235499025302               
660            0.0156105596514               
10292          0.0269707553402               
1503           0.0154911021101               
9772           0.0296777200748               
8721           0.0249252948669               
3456           0.0453366394765               
8528           0.0326650556814               
6031           0.0659854156422               
12132          0.0250977526596               
9517           0.0249252948669               
8485           0.0334983227603               
2923           0.0328272342228               
6138           0.0305948342272               
5232           0.0321910235464               
3603           0.0380392390233               
3730           0.0340269358216               
9262           0.0957545725776               
7393           0.0247552323989               
2089           0.0326650556814               
10789          0.0467788104019               
2141           0.0436450851676               
7166           0.0567248684634               
9257           0.0364042404771               
11334          0.0533784457219               
6063           0.0181345043933               
11806          0.0643820470929               
850            0.041814173628                
8874           0.0320370051526               
12129          0.0600983845197               
11591          0.0155307919369               
236            0.022452664298                
7183           0.0220398959694               
3175           0.120461099596                
3946           0.0666541420111               
5277           0.0231731250833               
9627           0.020635365101                
9261           0.0523737048791               
9640           0.0250112201379               
8995           0.0925579472381               
12218          0.00782332184502              
9890           0.0961110154577               
9082           0.0385494920559               
5118           0.0587883788728               
1331           0.0414786923446               
2094           0.205760791519                
3660           0.0542858460295               
3661           0.0389696393352               
9744           0.0212538956338               
4041           0.0427628831757               
9644           0.0402217639973               
7186           0.0551869622047               
10597          0.0448913430995               
2361           0.0351579825452               
8710           0.0722401182691               
11262          0.021972434086                
7670           0.044461674422                
6395           0.0169184224565               
7922           0.0593554401496               
5810           0.0587883788728               
9216           0.0457987434071               
2038           0.19604484159                 
8744           0.153166831118                
4734           0.0467788104019               
8057           0.0198187758465               
2156           0.0353570812549               
11967          0.0129586136582               
6992           0.137435304841                
3165           0.0382917077794               
7465           0.0382917077794               
5935           0.0467788104019               
6080           0.0563313065028               
10998          0.00977095782304              
10193          0.0428795671065               
9781           0.0385494920559               
4654           0.0231731250833               
7359           0.0787142025159               
8594           0.0304595367084               
4524           0.0288245381622               
8064           0.018036549464                
10498          0.349620695518                
1981           0.0285913063321               
8956           0.022452664298                
1739           0.0212538956338               
6421           0.0202202643025               
10769          0.0396385918359               
8930           0.0277004189075               
1909           0.0216405899038               
2644           0.0770989841118               
1644           0.0518107237234               
2548           0.0204012530011               
1794           0.0210027216803               
7800           0.0334983227603               
11292          0.0116171010873               
330            0.0516259032104               
3468           0.0342083361893               
7450           0.0542858460295               
3528           0.0312946990432               
2259           0.042514038444                
7547           0.0259053618617               
2412           0.077204755043                
