120
7520           0.0437920882068               
6206           0.0716470338098               
3384           0.103429609879                
8121           0.0407799696408               
7454           0.0551497949298               
10866          0.0775612837774               
5320           0.0577461607174               
2816           0.0596042029699               
7571           0.0596042029699               
11029          0.0288485292361               
8569           0.0886847600307               
2021           0.0925249171352               
7918           0.100754105021                
1798           0.0641704657667               
5443           0.0645093496819               
1139           0.0877371535234               
11996          0.218014269646                
1190           0.0686054569455               
4529           0.04041440089                 
4574           0.113986472506                
8420           0.0735825824312               
10545          0.0496458696707               
6192           0.0443582903235               
11259          0.193379178218                
8683           0.0682017400581               
660            0.118379986557                
3122           0.0707365980646               
11598          0.0728504350368               
2965           0.162457355549                
1053           0.176368870181                
5604           0.0971810908042               
10816          0.053770406988                
9595           0.0475811195882               
783            0.159853155524                
10105          0.171724522358                
9310           0.0094439372808               
4029           0.101754902827                
7919           0.0189997889923               
3870           0.0762537024235               
7154           0.0277019684933               
11377          0.117286678775                
2279           0.0859506464151               
11124          0.0686054569455               
5827           0.0345671752659               
5370           0.0374663398068               
8911           0.0233187142497               
4854           0.0762537024235               
3321           0.0412765262412               
11062          0.0546464783511               
9456           0.0698605267016               
10762          0.0648532542818               
7555           0.0513246590176               
8190           0.0356246852259               
9549           0.0799265777621               
288            0.162457355549                
236            0.042566476749                
10887          0.162457355549                
1491           0.109007134823                
9972           0.0385563586375               
3946           0.0631825236525               
4763           0.0698605267016               
12223          0.0352345393041               
11672          0.0730833559663               
9309           0.0427109103067               
2817           0.0827437438308               
5348           0.320066795629                
6329           0.0671114999143               
3661           0.0369399422862               
2269           0.0859506464151               
5232           0.0610287686632               
3179           0.0655567364787               
4852           0.0385563586375               
10457          0.109007134823                
4408           0.0387806418887               
11591          0.0294437704632               
8956           0.042566476749                
3077           0.0572415074527               
2133           0.054424341384                
3576           0.131833274536                
178            0.0735825824312               
8496           0.0995950181583               
8              0.144232004001                
2278           0.0631825236525               
664            0.0645093496819               
6040           0.042041863779                
5927           0.1740079862                  
7852           0.104774879744                
2097           0.109007134823                
367            0.210225881479                
5197           0.162457355549                
1668           0.0896727021448               
10285          0.0289460758515               
2109           0.0762537024235               
7237           0.0135428379086               
6042           0.0299774292745               
11041          0.0638125455455               
940            0.0459905567585               
5407           0.0317392710746               
9243           0.0338272517179               
3589           0.0492887374586               
289            0.0666536241173               
8694           0.0555569140963               
873            0.0409031165392               
8064           0.102582796394                
2362           0.0402938128997               
628            0.0515189123346               
9250           0.117286678775                
11869          0.0557902139085               
3858           0.0995950181583               
5567           0.0941076933236               
11292          0.154168494096                
532            0.0411513877392               
7671           0.0877371535234               
237            0.0859506464151               
7184           0.065202330573                
9278           0.0247103087062               
3187           0.0907045669511               
8057           0.0375730670565               
10948          0.054424341384                
8291           0.015900106626                
