393
10075          0.01688513824                 
4554           0.328628962006                
9782           0.0399346602169               
303            0.0241764744213               
7527           0.0132533736746               
6933           0.0105029390003               
8414           0.0801405384082               
6753           0.0155789300806               
7806           0.0247076237166               
10242          0.0413684092637               
11316          0.0422122187085               
1668           0.0290556302426               
10050          0.200536340094                
8254           0.0526392172884               
11272          0.0213582215489               
9790           0.0162037146365               
9659           0.0380030743957               
4332           0.0297398735236               
1086           0.02209863753                 
4828           0.0526392172884               
6052           0.0129784060995               
9595           0.0154171713823               
2342           0.0196798496548               
7004           0.0310492461216               
6798           0.0139662484693               
3746           0.0135387760816               
10385          0.0137494758415               
1981           0.122942461431                
1254           0.0844004344667               
1533           0.0915529103078               
4428           0.00853597655155              
8911           0.0075556989225               
10749          0.0562669563111               
4294           0.0399346602169               
8319           0.0168205757014               
2876           0.0353203475245               
2880           0.00951595066586              
3013           0.0391625171264               
2739           0.0397601210237               
8354           0.0926979487631               
7704           0.0199673301084               
11696          0.0287355185466               
4122           0.0293899737112               
11965          0.191896054779                
4295           0.142277153995                
7209           0.0226361153823               
10830          0.050558301847                
12170          0.0405338468144               
4786           0.0265717208388               
9835           0.0317130146415               
8943           0.0265717208388               
10425          0.0274137221113               
12256          0.0160861889708               
9170           0.0281334781556               
299            0.0474257179985               
557            0.0475695219623               
9310           0.033660132617                
10383          0.0422535456783               
481            0.0388197987696               
10561          0.0287355185466               
7804           0.0218436473626               
7183           0.0135387760816               
3969           0.0422122187085               
10183          0.0134151323729               
10285          0.014068603769                
9474           0.0509594717317               
3875           0.0333469774455               
7237           0.017552529646                
726            0.0282885604053               
11041          0.0103382282671               
3364           0.0265717208388               
1838           0.0556992293445               
2805           0.0337702764801               
9278           0.0123738387068               
4297           0.0352102814363               
7079           0.0439401238554               
4134           0.0206842046319               
864            0.0517954078435               
6102           0.01688513824                 
3012           0.0263402721291               
11869          0.018077071257                
8411           0.0187108345528               
11014          0.0273121368199               
5709           0.0526392172884               
6759           0.0714257046471               
6775           0.0158001663115               
7184           0.0211267728391               
2264           0.0327895751058               
3053           0.0526392172884               
218            0.0526392172884               
9991           0.0281334781556               
2353           0.0588172236646               
869            0.0617986325087               
7511           0.0361128155443               
12066          0.0382717811059               
3348           0.103876065741                
12058          0.0148028309239               
188            0.0212416069716               
7936           0.0243493898429               
716            0.0422122187085               
11679          0.0526392172884               
8293           0.0601849641254               
3740           0.0123143141756               
2781           0.0238421309527               
1531           0.0252791509235               
6858           0.0265717208388               
11238          0.0428418754104               
11276          0.0526392172884               
2045           0.0301068482346               
12260          0.0526392172884               
10430          0.0270571466525               
11991          0.0163231058666               
11029          0.00934746225416              
1727           0.0380030743957               
1503           0.0570957039951               
562            0.0470662043947               
2680           0.0290556302426               
8165           0.0470440385134               
10816          0.0174226160924               
6806           0.0250837765734               
8528           0.0200656516336               
3938           0.0322706459424               
3884           0.122211428076                
7919           0.0307814323893               
10944          0.0439703339808               
4123           0.0248933489447               
11122          0.0240074450704               
2990           0.0474257179985               
4220           0.0333469774455               
9889           0.0250837765734               
4906           0.0154171713823               
2874           0.0273121368199               
6244           0.0380030743957               
5610           0.0336411514028               
12128          0.0293899737112               
4982           0.0201429616479               
1566           0.018077071257                
12129          0.00922938306976              
899            0.0198702772835               
8213           0.0250837765734               
236            0.0275846668957               
234            0.0258977039218               
8859           0.0361769174469               
11616          0.0322706459424               
6475           0.0281334781556               
7625           0.0422122187085               
2258           0.0269946705258               
8352           0.0180014777607               
69             0.0327670395245               
4772           0.0388059074798               
6468           0.0659101857832               
2145           0.0287355185466               
10564          0.076502788376                
3427           0.0103382282671               
8688           0.0308993162544               
3046           0.0263402721291               
7802           0.117855186092                
7550           0.0317852201287               
7584           0.10822858661                 
1521           0.046733863006                
4040           0.0474257179985               
9152           0.0443760164163               
8832           0.0217193223903               
5383           0.0166301480727               
3581           0.0240074450704               
8136           0.0470781356226               
8730           0.0236803722544               
6470           0.117487551379                
11922          0.018077071257                
3259           0.0132533736746               
10109          0.0420273312028               
4654           0.0142349016551               
2925           0.017852532506                
8594           0.0187108345528               
10473          0.0226361153823               
3555           0.0261157333781               
2362           0.0391678437477               
12227          0.0210136656014               
2745           0.0189629751314               
6421           0.0124210037598               
5631           0.0254797358658               
663            0.017149077236                
1678           0.0912405980757               
9546           0.00915941522036              
9018           0.0645412918848               
3618           0.0602136964692               
1794           0.0258033110799               
4581           0.0361128155443               
11217          0.0211267728391               
12084          0.0304926502134               
189            0.046733863006                
5538           0.022362576526                
938            0.0146567779936               
2357           0.0483529488426               
11318          0.0405338468144               
11772          0.0175632087759               
5683           0.008621937368                
7454           0.00595652118244              
3730           0.0209022340881               
10081          0.036933745929                
2453           0.0236803722544               
4802           0.0143266282745               
11344          0.0278496146722               
5787           0.0140260971014               
9671           0.0273121368199               
7352           0.0436872947252               
8001           0.0215970190522               
11073          0.0247076237166               
6639           0.0126022532427               
2638           0.0247705443014               
1831           0.0327895751058               
9182           0.0526805442581               
326            0.0191358905529               
6115           0.0278496146722               
5996           0.0144663503649               
8076           0.0304926502134               
9787           0.0546242736397               
10148          0.0215970190522               
6383           0.0330116462008               
956            0.0180014777607               
4203           0.0189629751314               
7506           0.0474257179985               
8997           0.0115750017805               
6093           0.0526392172884               
1882           0.0458399577313               
3871           0.0214766726516               
3024           0.0339490178365               
2548           0.00626609119547              
7154           0.0448797758003               
8803           0.0213582215489               
4633           0.0164444228446               
8919           0.049890444218                
1440           0.0443760164163               
3942           0.0204723176745               
7682           0.0422122187085               
6145           0.025865812104                
4283           0.328628962006                
8938           0.018077071257                
11730          0.0154707053419               
2881           0.016144722259                
7778           0.0353203475245               
10692          0.00677261517045              
4790           0.0361128155443               
7285           0.0514542878684               
8166           0.0738674918579               
6284           0.031329232668                
2888           0.0193128749438               
9819           0.0238421309527               
7476           0.0218624459381               
2460           0.0878160438796               
11569          0.0483529488426               
3209           0.0422122187085               
5111           0.0380030743957               
23             0.0770574508934               
4784           0.0212416069716               
11835          0.0134561215183               
6191           0.0443760164163               
12218          0.0192229950306               
4921           0.00925285107498              
3567           0.0214766726516               
2075           0.0184668729645               
3580           0.019223862194                
3550           0.0380030743957               
6040           0.0136223490478               
9121           0.0187108345528               
7735           0.114942074186                
5984           0.0339005195373               
3289           0.0194029537399               
6042           0.00971324695018              
8778           0.0219700619277               
9243           0.021921322644                
5317           0.0163835197623               
10193          0.0263402721291               
1438           0.0236803722544               
4121           0.0166930897753               
8736           0.0914779506403               
1342           0.023366931503                
404            0.0369987194186               
8804           0.029507661637                
6394           0.0385907159013               
5476           0.274137619885                
11266          0.0278496146722               
6915           0.0333469774455               
7503           0.023366931503                
2051           0.0380030743957               
2387           0.0474257179985               
10610          0.0217193223903               
6422           0.0189629751314               
3349           0.0393596993096               
193            0.0427164430978               
10265          0.0321723779416               
8291           0.0309115890049               
3962           0.0380030743957               
11034          0.0526392172884               
2706           0.0526392172884               
10812          0.0204723176745               
7524           0.0201652754685               
8524           0.0122790846519               
11918          0.012349709486                
9441           0.0184668729645               
703            0.0308993162544               
3284           0.0275760758159               
2538           0.0377559712887               
3509           0.0380030743957               
7526           0.0245263742337               
441            0.0142806251368               
1841           0.0215970190522               
11862          0.00963865305379              
7728           0.0346034730011               
10586          0.0315088170009               
3850           0.0317852201287               
6235           0.0230861266958               
3564           0.0391625171264               
1875           0.0849785567907               
10292          0.0331354574277               
6279           0.0222294493414               
4076           0.0444588986828               
6962           0.0310492461216               
12020          0.0140993756539               
915            0.0301068482346               
1235           0.0526392172884               
7349           0.0198702772835               
4060           0.0183872797395               
4029           0.0164852444567               
265            0.0526392172884               
7234           0.0422122187085               
11992          0.0331354574277               
5755           0.0214766726516               
6163           0.0145609615441               
10734          0.0322706459424               
344            0.0474257179985               
273            0.0278496146722               
5127           0.0163835197623               
5987           0.0194029537399               
2853           0.157917651865                
8190           0.0115430633479               
9565           0.0263402721291               
12191          0.0443760164163               
5370           0.0121397938272               
11591          0.0095403315286               
2473           0.0443760164163               
9606           0.0232149770506               
10099          0.0526392172884               
6809           0.0170159500515               
2573           0.0346034730011               
4496           0.0526392172884               
8970           0.0303101441121               
9955           0.0162631733617               
141            0.031329232668                
110            0.0166930897753               
8602           0.0650526934467               
12007          0.0290556302426               
8697           0.0526392172884               
2337           0.0361128155443               
5855           0.0369987194186               
9239           0.0369987194186               
9554           0.0158565073208               
11262          0.0539893410516               
3863           0.0247076237166               
6283           0.0635704402574               
2241           0.0241764744213               
8384           0.0339490178365               
812            0.0409446353491               
7922           0.0182305763721               
1767           0.0261157333781               
5675           0.0290556302426               
8218           0.00902140236522              
1785           0.0369987194186               
9153           0.0219700619277               
1393           0.0420310887124               
980            0.0369987194186               
10598          0.0327895751058               
1897           0.0226361153823               
8269           0.0287355185466               
10676          0.0268105183421               
8675           0.0281987513078               
3808           0.0211267728391               
2206           0.0159704714642               
1899           0.0236803722544               
10813          0.0560414516165               
11115          0.0247076237166               
3650           0.0369987194186               
6013           0.0273121368199               
4182           0.0204723176745               
5999           0.0130559479159               
6329           0.0326180690427               
5479           0.161462222571                
9237           0.01290165554                 
3702           0.0266676363602               
8177           0.0333469774455               
2661           0.0903853562851               
10998          0.00600215219947              
8482           0.0210136656014               
