41
4554           0.142669017409                
5480           0.157176052808                
7527           0.0747986277397               
1664           0.109505273863                
10425          0.0773579937273               
4006           0.068905110892                
9310           0.0172699199677               
3427           0.058346297828                
10813          0.079070879996                
8089           0.235933652046                
7802           0.0739049242029               
9121           0.10559913142                 
10285          0.0264665254793               
562            0.0885431787177               
6042           0.109638128466                
6253           0.22102316073                 
8218           0.0509144715735               
1882           0.129354457896                
4297           0.0662392534517               
11064          0.068905110892                
1981           0.0991222270949               
5479           0.13017874302                 
1533           0.0861168412001               
117            0.120540301816                
1471           0.149963949122                
6285           0.208811243733                
4283           0.285338034818                
2764           0.169915297705                
9565           0.148657712211                
4982           0.0568408439568               
5038           0.594164371298                
10033          0.143801067165                
9237           0.0728136211696               
10050          0.102888677934                
9278           0.00410792699395              
9781           0.13364592235                 
4060           0.103773071382                
7014           0.0841019175451               
2652           0.111601964224                
11965          0.0773579937273               
11245          0.228762592316                
