29
5899           0.17731340243                 
7171           0.092500464494                
7454           0.0469448939629               
3468           0.331228337217                
11064          0.096223227639                
2548           0.0493846958189               
1164           0.20890657575                 
7359           0.19054108822                 
9313           0.0885138320224               
2094           0.199231568768                
5787           0.0552716611735               
3642           0.104769442316                
9505           0.141874332143                
10498          0.169263247695                
9262           0.231790196404                
4911           0.123647002832                
3321           0.105406855095                
3042           0.331228337217                
8692           0.204106545961                
12035          0.160530012859                
2522           0.267178819016                
10490          0.224052222171                
850            0.202436609695                
7386           0.180638319671                
8743           0.126321688868                
8744           0.185383156708                
3175           0.291596538764                
10784          0.131562585847                
9379           0.202436609695                
