144
1186           0.098392412412                
1556           0.08340644505                 
7454           0.0360321214671               
6850           0.068047635374                
8414           0.0484785250639               
2021           0.0604511595591               
10578          0.12767484118                 
2638           0.0374604250425               
4574           0.111709601862                
10636          0.268438903307                
12243          0.0578783077964               
7453           0.0250552440636               
2659           0.0418465845197               
2385           0.0803686785903               
10865          0.0535549193302               
3274           0.0488312368639               
9584           0.0976624737278               
2750           0.055614063707                
4408           0.0380060016783               
9087           0.134470136894                
2954           0.102682009927                
9301           0.068047635374                
2548           0.0189523844677               
9481           0.12767484118                 
3338           0.0869132890642               
478            0.0394889472198               
8919           0.0502994530715               
3598           0.111906120317                
8790           0.0499234204541               
2343           0.0888927505034               
2880           0.028781891289                
8190           0.0349130849967               
10692          0.0204844140562               
4790           0.109226620401                
11041          0.0312689475339               
11965          0.0414576954706               
2103           0.12767484118                 
8306           0.0668394157722               
5348           0.156836743532                
7163           0.0706754906466               
9835           0.0479595035699               
12281          0.118450730791                
7949           0.0635578157307               
3718           0.0512676611212               
1951           0.032797470804                
8173           0.0842191738664               
2133           0.0533372195312               
9310           0.00925529539129              
2173           0.0518690033237               
3651           0.0506818058599               
2160           0.0508754194148               
9121           0.05659268579                 
10183          0.0405753345243               
10243          0.143443562043                
4862           0.160737357181                
7237           0.0265446416159               
726            0.0427807109819               
2687           0.0889542163873               
9397           0.159212282906                
5407           0.0311052816813               
7850           0.159212282906                
5738           0.0616066672451               
4106           0.08340644505                 
4297           0.035498940258                
6714           0.0479595035699               
7919           0.0372405394631               
1682           0.0581443863312               
6759           0.0308619696787               
8804           0.0446243543736               
2610           0.132901053446                
9278           0.00660456061972              
10948          0.106674439062                
119            0.0850197618668               
10924          0.0357976244879               
2206           0.0966083977645               
2579           0.0537747225415               
5320           0.05659268579                 
624            0.071144568201                
9313           0.0339689887197               
441            0.043193099109                
7918           0.0987415498564               
2789           0.0660681739347               
11862          0.0291530162469               
8524           0.0371392509261               
10545          0.0486541974071               
660            0.0580076779115               
11598          0.0356976267208               
5361           0.0622386371996               
881            0.0736470286596               
10441          0.0578783077964               
394            0.109226620401                
1554           0.0438974728792               
4029           0.0249305892016               
8287           0.0776891786749               
11906          0.157460020615                
4771           0.116288772662                
395            0.0764591788365               
2663           0.071144568201                
4982           0.0304621447056               
4986           0.0299914495272               
11591          0.0288556335105               
8859           0.0273551256645               
12223          0.0345307322083               
6547           0.0741823346607               
11054          0.109226620401                
3415           0.0702158900577               
9309           0.0558103510667               
2216           0.093457899538                
11812          0.133678831544                
9082           0.0716235217943               
10157          0.0612971460706               
10459          0.097605615661                
10105          0.0560981129338               
12224          0.0973083948142               
9949           0.0818368947979               
201            0.0508754194148               
10866          0.0760120033567               
2837           0.0551400995764               
8545           0.0726127844086               
6395           0.0314337993813               
2816           0.0584136137975               
8289           0.0991751659132               
11793          0.0947582223239               
10590          0.20172216384                 
11967          0.0240766219806               
2079           0.119047126922                
3589           0.0483041988823               
3812           0.0592409578963               
8941           0.23365445519                 
8912           0.08340644505                 
366            0.0488312368639               
6421           0.150273994672                
8767           0.168467578297                
3098           0.0375684986681               
1909           0.0402074107843               
697            0.0331515550787               
3179           0.0642472459271               
3702           0.0403293920706               
5277           0.0430548041215               
1102           0.104973347076                
2065           0.0490096648797               
367            0.0257533295453               
2686           0.0501106598271               
3706           0.0522789145108               
