266
8680           0.121626159407                
9790           0.0243104927639               
8173           0.0208878149023               
4006           0.0183173829174               
9198           0.0555093150479               
10242          0.0310325884102               
2805           0.0253328351067               
8336           0.033154667298                
6216           0.0350574934183               
680            0.0395184073134               
4610           0.05701615252                 
4952           0.0183173829174               
12177          0.0362720536409               
11254          0.0665775009116               
2659           0.0207573565879               
6214           0.0270076834022               
10972          0.0726469276739               
10100          0.0671013118922               
7186           0.0254305371761               
6798           0.0209536140305               
4333           0.0289751774273               
3746           0.0203122756324               
8112           0.0903388306414               
8958           0.0280719340107               
2944           0.0903137132046               
4428           0.025613114134                
8911           0.0226716858576               
478            0.0195878867566               
1102           0.0260352095936               
8319           0.0252359716922               
11230          0.0162251968114               
7704           0.0599141178435               
11965          0.0411289082764               
12129          0.0138468774208               
2433           0.052991247512                
8943           0.0398656506653               
8296           0.0304055093961               
2795           0.0379264032595               
8970           0.0227372104373               
9505           0.0270076834022               
8956           0.0206926886831               
9506           0.0555093150479               
4648           0.0484157689931               
9310           0.0642732630526               
3651           0.025139932657                
7386           0.0687738574597               
9543           0.0457482354508               
3859           0.027826608729                
1424           0.0395184073134               
2151           0.0692121049584               
7237           0.00658353122295              
11041          0.0155104819555               
2131           0.0451694153207               
77             0.0228147675709               
682            0.0398656506653               
6648           0.0182652603374               
11119          0.0352901721464               
1164           0.0795363413987               
11310          0.0431120043377               
9879           0.0398656506653               
230            0.0218458642475               
9773           0.0476874828566               
11869          0.0271210966032               
11927          0.0510581850987               
9517           0.0229714995142               
7352           0.0655442092211               
10614          0.0558972094239               
6759           0.0153086068308               
1245           0.0519157180235               
9278           0.00655218204608              
133            0.0379264032595               
945            0.0541801902015               
7944           0.0446188418099               
1716           0.0271210966032               
2579           0.0266741265511               
3404           0.0367970096186               
3740           0.0184752109239               
2781           0.0357704369032               
1531           0.0379264032595               
9410           0.0310325884102               
6646           0.033154667298                
5293           0.0322215310997               
8805           0.0402239194392               
6197           0.0182133774023               
8528           0.0301045710682               
7919           0.0184725985653               
1966           0.0417828794913               
11906          0.0260352095936               
4182           0.0307146936276               
5461           0.0633311472392               
3188           0.0587556687203               
9082           0.0355277497323               
4911           0.0470757332309               
3321           0.0802624386757               
3992           0.0352901721464               
71             0.0398656506653               
7065           0.0608130797033               
6383           0.0247637472054               
8995           0.0426513477848               
9173           0.033154667298                
11806          0.0593353928775               
850            0.0385365258189               
3060           0.050933836529                
8859           0.0407072718916               
3507           0.0341719790211               
6620           0.0209536140305               
313            0.0579503548545               
5810           0.0541801902015               
10757          0.0541801902015               
985            0.0500305931124               
10470          0.0789748116218               
69             0.0245802550566               
5102           0.0398656506653               
5118           0.0541801902015               
2094           0.189632016297                
2327           0.0608130797033               
3661           0.0897874083173               
10097          0.0348295155935               
201            0.0252359716922               
4041           0.059116304662                
10597          0.0413724881374               
2837           0.027351400893                
697            0.0164443205607               
10543          0.027705917541                
2852           0.0213566753949               
12175          0.0409764994893               
1686           0.0343869287298               
8744           0.0352901721464               
8343           0.0322215310997               
2028           0.0287096470936               
11967          0.0119428391497               
8485           0.0308725216341               
7973           0.0555093150479               
529            0.0587556687203               
7359           0.0725441072818               
3332           0.0440938858322               
3946           0.0614293872551               
663            0.0257288237548               
10927          0.05701615252                 
11952          0.0302540370747               
8545           0.036018458283                
10232          0.0322215310997               
1644           0.0716242287923               
1794           0.0387128026732               
9781           0.0355277497323               
6610           0.0313596988067               
10770          0.0608130797033               
3655           0.0500305931124               
5093           0.0549366799102               
4809           0.0141316753383               
4439           0.0541801902015               
7454           0.0268097720219               
7303           0.180677661283                
7726           0.0665775009116               
5787           0.0105217025768               
3504           0.0283227114092               
10128          0.142305958861                
11073          0.0370689388855               
6639           0.018907206967                
2522           0.0508610743521               
1232           0.0608130797033               
8121           0.0198242203896               
5090           0.050933836529                
2430           0.118947881745                
6287           0.0341719790211               
9221           0.05701615252                 
129            0.0725441072818               
5899           0.20252391663                 
2548           0.0470051985249               
5290           0.027826608729                
6655           0.0382273415874               
8757           0.0711529794305               
8379           0.0266741265511               
3705           0.0633311472392               
12138          0.0169419150141               
1075           0.0357704369032               
10075          0.0253328351067               
471            0.0623899167688               
6145           0.0129355243966               
5898           0.243252318813                
8568           0.0665775009116               
10692          0.0203219589814               
11985          0.0435493366218               
6422           0.0284502214496               
2881           0.0242219862827               
10974          0.0608130797033               
7171           0.0176087049848               
9405           0.019764671341                
5370           0.0182133774023               
12218          0.0072100825656               
6045           0.0484157689931               
9511           0.162540570604                
9638           0.0395184073134               
8836           0.0302540370747               
10500          0.0665775009116               
9811           0.0417828794913               
11529          0.0711529794305               
8218           0.0406045296108               
9893           0.039181530998                
9642           0.0402239194392               
6739           0.0555093150479               
2961           0.0789748116218               
873            0.0198840853497               
9512           0.052991247512                
9379           0.0770730516377               
8743           0.072141087008                
11262          0.0202501018194               
29             0.027826608729                
8291           0.00772946181049              
2166           0.0440938858322               
5068           0.0711529794305               
1140           0.0519157180235               
703            0.0463583580102               
10613          0.0268953987095               
9313           0.016849795984                
11956          0.0352901721464               
7476           0.0164001540914               
7518           0.0155922541866               
5840           0.150091779337                
532            0.0200047765377               
11466          0.0379264032595               
8524           0.0184223559396               
6235           0.0173181004657               
11891          0.0193564013366               
4753           0.0188522943598               
1115           0.0608130797033               
11992          0.0248566244252               
9262           0.132373125124                
6406           0.0500305931124               
9647           0.0633311472392               
8190           0.0173181004657               
8422           0.027235661227                
11724          0.0280719340107               
9088           0.0500305931124               
6809           0.0255290925494               
5995           0.0711529794305               
9261           0.0241341685748               
9309           0.00692096721682              
110            0.0250447040876               
5101           0.0422087609211               
9744           0.0195878867566               
3142           0.0255290925494               
3042           0.157634399583                
7364           0.248260707282                
3965           0.0379264032595               
4852           0.0187432643472               
3391           0.0258300308773               
2038           0.0451694153207               
5232           0.0296676964388               
4734           0.129336013013                
2065           0.0243104927639               
6992           0.253324588957                
2963           0.0382273415874               
2819           0.0491943203287               
10498          0.289993779897                
10248          0.0225836772048               
8930           0.0510581850987               
1909           0.0199442695911               
4267           0.0281966260917               
6329           0.0489370091504               
9237           0.0193564013366               
2750           0.0275865035323               
1629           0.050933836529                
2825           0.0265650965385               
10998          0.00900505105692              
3528           0.115366525083                
