71
6278           0.107071112751                
4809           0.0434428724525               
8524           0.0566330629737               
7454           0.0549448185744               
10613          0.0826804570385               
9313           0.25899389855                 
441            0.065864481401                
7518           0.0479329091318               
11272          0.0985074653588               
11466          0.11659140618                 
7358           0.151230659653                
11029          0.0431119609883               
2430           0.0731326970289               
9410           0.0953987936956               
11891          0.0595044574879               
9595           0.0711064108218               
5899           0.311294325269                
8681           0.109963644844                
2548           0.0289001947077               
8112           0.138857502847                
2944           0.0925459303189               
9262           0.203467340327                
12138          0.0520819673135               
3108           0.166557965423                
3321           0.0616846694152               
2105           0.114812026986                
11177          0.0772838932211               
6406           0.153801486608                
5127           0.0755633610103               
10526          0.0990537804099               
8859           0.0417134033612               
4147           0.0907665511241               
10784          0.0769911464307               
9261           0.074192024798                
12181          0.113955433124                
12039          0.110726099465                
10804          0.242780320528                
9309           0.0212760829024               
11890          0.092902496222                
8310           0.162902978709                
5102           0.12255294122                 
4772           0.0894894637653               
5370           0.0559906318587               
9505           0.0830256368893               
3661           0.0552039702863               
10097          0.107071112751                
3042           0.096918319325                
8743           0.0739241447891               
2036           0.175276135515                
10813          0.0646179896245               
2160           0.0775791315034               
7364           0.286196381087                
12177          0.111505689324                
8836           0.0930054110599               
4734           0.132532715391                
5383           0.0767008494331               
7237           0.0202387544547               
1164           0.0611266366512               
8594           0.0862973015953               
6105           0.0920924560344               
10498          0.0990537804099               
12227          0.096918319325                
10490          0.131116588612                
11988          0.194689368805                
8930           0.0784802286279               
1644           0.0733945117719               
313            0.0890740062394               
3528           0.088663465486                
7516           0.242780320528                
1515           0.0532384173595               
6063           0.0513782862127               
