123
2802           0.0648115955933               
7454           0.0153904911762               
10498          0.0554915412561               
6850           0.116261434425                
6933           0.0271375497639               
3802           0.0558024929273               
9313           0.0290185201352               
5787           0.0181203522209               
11029          0.0483040455783               
3740           0.0318177905956               
2020           0.124061129039                
1562           0.0712512116584               
7918           0.0843514558627               
6639           0.0325617690916               
12041          0.0412645892831               
7364           0.0534439581633               
2522           0.0437961715259               
6743           0.169443757818                
5580           0.119196271767                
8524           0.0317267643644               
6192           0.0371368131114               
2430           0.163880512488                
8620           0.0648115955933               
10816          0.0450166483126               
3108           0.0933084852649               
6421           0.0320934557118               
3868           0.0331390609886               
9595           0.0398349695828               
8528           0.0518457376299               
2211           0.0955974884168               
5899           0.232522868849                
8681           0.0616034250211               
9484           0.0821268211664               
2548           0.0161903598257               
5290           0.0479226577261               
8112           0.0777902349217               
8689           0.0686561539161               
4771           0.0496707175897               
4152           0.136009490168                
3243           0.0821268211664               
9262           0.113985718296                
10613          0.0463189388012               
8692           0.0669146254137               
1800           0.166762133942                
71             0.0686561539161               
80             0.0421757279314               
12127          0.192531031083                
4982           0.0260227458284               
4160           0.109068155667                
2882           0.0669146254137               
9757           0.0629140832449               
9554           0.0409701281219               
236            0.0356367046681               
7095           0.0809486383352               
850            0.132734301528                
965            0.104731569422                
11150          0.0526284231971               
9261           0.0415635807934               
313            0.0499007092069               
3060           0.0877176532157               
11890          0.0520454916568               
7171           0.0606510085511               
9508           0.0809486383352               
8690           0.0455641229621               
11062          0.0457500962937               
2635           0.209463138845                
2444           0.0428077857478               
2094           0.130632809761                
4110           0.0777902349217               
9505           0.0930246283523               
12218          0.012417119252                
7179           0.109174936512                
4512           0.122538822918                
6132           0.0833810669709               
3042           0.0542952211722               
3863           0.0638396898371               
481            0.0334342676497               
10597          0.0712512116584               
11086          0.0521031462254               
10490          0.146907297354                
10568          0.0734536486769               
5839           0.408028470504                
2964           0.175435306431                
12175          0.0705692446739               
3965           0.0653164048803               
12168          0.0742469859653               
4734           0.0742469859653               
6008           0.0595981358836               
7237           0.0226761598224               
4667           0.109068155667                
11967          0.0205678168843               
940            0.038503348501                
8218           0.0233095475104               
5020           0.0513409283429               
1430           0.0496707175897               
1164           0.0342441375336               
7359           0.0624673034571               
2638           0.0320011321897               
960            0.0513741773926               
6105           0.154775081847                
117            0.0551854866657               
2592           0.0705692446739               
5330           0.0833810669709               
11869          0.0467076330548               
210            0.0323730873684               
11927          0.0879318048574               
663            0.0886197543154               
10614          0.0962655155414               
8930           0.0879318048574               
7481           0.114658987716                
3661           0.0618523267253               
10724          0.104731569422                
9278           0.0112840907281               
8594           0.048345154036                
11292          0.0184385779368               
29             0.0479226577261               
4202           0.109068155667                
3528           0.0993414351793               
3718           0.0437961715259               
6000           0.0564397324701               
2627           0.0588505796879               
3706           0.0446600499619               
4952           0.0315459810622               
