45
1886           0.114167080667                
9955           0.11542317627                 
3348           0.134041886924                
7527           0.282185976585                
1353           0.119837392376                
8293           0.085429080396                
12256          0.114167080667                
5401           0.269715845562                
201            0.119379178403                
3786           0.123159986417                
9310           0.0217175518629               
2362           0.0926608198875               
10442          0.287677271939                
8131           0.0876484965871               
10586          0.0745415763962               
12066          0.135811456919                
10285          0.033282617453                
11029          0.132681827764                
4029           0.0584996308675               
7453           0.0587921335176               
2661           0.128296792744                
6052           0.0921104892392               
2385           0.188585114969                
7237           0.0311435025358               
6042           0.0689369651267               
90             0.159673785428                
10998          0.0425985418658               
5867           0.126182393574                
8291           0.0365643459935               
1392           0.171585545247                
3022           0.277944655507                
4428           0.060581628458                
8911           0.0536243910816               
4854           0.17535522398                 
8721           0.108667055588                
1612           0.099749441247                
9565           0.186942474592                
6775           0.224274234887                
9237           0.183131548615                
11822          0.314945961103                
1978           0.188585114969                
9278           0.00516586745665              
7800           0.146042970442                
2683           0.108667055588                
1515           0.163847117149                
