22
5407           0.104896922615                
1186           0.110603523611                
1882           0.233781407133                
4976           0.424161245911                
11117          0.289967510026                
2021           0.101930287454                
2059           0.108846536589                
10989          0.452630764695                
10248          0.153536359023                
11262          0.137671419716                
12209          0.299774683479                
6048           0.224092352893                
9546           0.0934250852185               
6759           0.104076397002                
7953           0.22280293744                 
367            0.0868484344254               
11029          0.0953431454588               
10987          0.299774683479                
660            0.0978101880457               
10948          0.179870102028                
7285           0.131207099834                
12223          0.116448633431                
