23
1554           0.129283007642                
1838           0.248078007502                
8218           0.0803605920576               
7527           0.118058026029                
11818          0.338522707979                
7079           0.195704294363                
188            0.189215383971                
2548           0.0558169093861               
1981           0.156449052877                
5479           0.205466943663                
10425          0.122097588057                
5787           0.0624706349241               
6880           0.248078007502                
3187           0.26179917405                 
2745           0.168917851908                
471            0.185214212479                
6538           0.189215383971                
6759           0.0908919807935               
11076          0.329576143208                
3857           0.355728833359                
11035          0.376016804279                
7919           0.0548387940377               
6042           0.0865233856243               
