202
6101           0.101232334486                
169            0.045236024467                
4554           0.0486152263207               
52             0.101232334486                
7539           0.101232334486                
4809           0.018114414651                
2357           0.0464946302659               
7527           0.0254880301419               
11424          0.0641307479245               
5726           0.170682163164                
8414           0.0308242189301               
5787           0.0134870409026               
4387           0.0223839258626               
4006           0.0234797829375               
3349           0.113541037967                
6386           0.0602503518102               
11772          0.0675528519246               
11836          0.0408504832089               
1895           0.0950322044014               
8304           0.0471675349305               
4874           0.0679258054918               
9986           0.171581397628                
113            0.0594235643991               
10202          0.0438026902411               
2659           0.026607415985                
1876           0.0783430352395               
5984           0.0325976421178               
6383           0.0317429302932               
273            0.107117151547                
10105          0.0356690000853               
4104           0.101232334486                
8378           0.0578995412131               
9085           0.0410747488137               
1981           0.236434981736                
1287           0.0331097253904               
1533           0.0586895431258               
12152          0.0420082883089               
3730           0.0401978232527               
12138          0.0434333320288               
4283           0.291691357924                
10836          0.0811798059287               
840            0.08706462299                 
11730          0.0595045176805               
7555           0.0319820240302               
11501          0.0602503518102               
11244          0.0912060702074               
4560           0.0506559059193               
4986           0.0381390731273               
8945           0.0498047873978               
6042           0.0373597752725               
10692          0.0260493099859               
2233           0.0458516425547               
2108           0.0340519550882               
6599           0.0347646530152               
9069           0.02452086822                 
2246           0.0451427556782               
23             0.0493973001204               
11835          0.0258779416678               
9549           0.0498047873978               
10425          0.0263601477116               
3077           0.0356690000853               
8970           0.029145253341                
9833           0.054671805055                
8956           0.0265245226822               
2317           0.0382132307416               
1838           0.0535585757737               
7689           0.0611272773712               
10605          0.044078219367                
2075           0.0355142944207               
10137          0.0331097253904               
2133           0.0339135344936               
8218           0.0693975076998               
6040           0.0261976196898               
9121           0.0359834655517               
106            0.0586414905994               
11824          0.0594235643991               
9638           0.0506559059193               
5162           0.0299603896505               
2687           0.0282799882738               
11261          0.0611272773712               
3364           0.0511010130924               
7079           0.0422514006157               
9243           0.0210788341905               
5738           0.0391715176197               
4423           0.0303858568454               
4297           0.0677141335173               
6441           0.107117151547                
9891           0.0749796758439               
11563          0.0779520697706               
760            0.0630587878346               
7876           0.0753148173033               
4134           0.039778523119                
2059           0.0410448510509               
10246          0.0449377697406               
4479           0.0350598641137               
2881           0.0310484845349               
109            0.0406296416406               
2336           0.043532311495                
7602           0.0912060702074               
3776           0.105049866336                
8804           0.0567472243438               
4041           0.0252590305029               
5736           0.085341081582                
9278           0.0139979796698               
8057           0.0468259412332               
7208           0.03731450436                 
8291           0.0495393054652               
2353           0.0282783690862               
10924          0.0227612909621               
6975           0.0630587878346               
7014           0.0286581756131               
3348           0.0726428087364               
1522           0.0282799882738               
7393           0.0292446684523               
1852           0.0468271700091               
5325           0.0630587878346               
441            0.0274635736432               
8328           0.0478732769343               
11991          0.0627830806788               
10586          0.0403971445146               
8524           0.0472286811506               
10393          0.0686656692547               
11029          0.107858605153                
2077           0.0620608168664               
660            0.0184415817232               
3122           0.044078219367                
1503           0.0183004601965               
1509           0.0972304526413               
1938           0.0201985722573               
10718          0.0310484845349               
423            0.0535585757737               
6182           0.0530325235559               
1554           0.0279114373369               
189            0.179751078962                
4029           0.031703354778                
7919           0.0355181146695               
6799           0.0498047873978               
5479           0.310513692343                
4220           0.256522991698                
6163           0.0560053969418               
4906           0.0296493057953               
10163          0.0779520697706               
12020          0.0542300127459               
8288           0.0417691945719               
9764           0.0571937992092               
2758           0.0641307479245               
1566           0.0347646530152               
8279           0.0310484845349               
12129          0.0177493519499               
2073           0.0486152263207               
1618           0.0455405586994               
6759           0.0588691245497               
6620           0.0268589847911               
2258           0.0259572012729               
1886           0.0309359171049               
4190           0.0652885530245               
3064           0.0713380001705               
8352           0.0692385529949               
9098           0.101232334486                
4852           0.0240256908095               
4226           0.0753148173033               
7198           0.0238872702149               
11848          0.0912060702074               
11262          0.0259572012729               
8305           0.114387598418                
9309           0.0532290476323               
1750           0.0565208945447               
10564          0.04904173644                 
2361           0.0415339887107               
3427           0.0198818112397               
10923          0.0272013638937               
8720           0.0308242189301               
7802           0.0251834959095               
7584           0.208138210351                
8190           0.0221988720582               
2661           0.0347646530152               
2100           0.0611272773712               
10717          0.0586895431258               
9238           0.0482394950204               
2502           0.0679258054918               
8136           0.0679032167152               
11580          0.101232334486                
10595          0.0339135344936               
1897           0.043532311495                
627            0.0385889620419               
11459          0.0558779068334               
7154           0.0517859274076               
5655           0.0552622887458               
7877           0.0350598641137               
2745           0.0364683659872               
6421           0.0477745404298               
10235          0.0468271700091               
1867           0.0511010130924               
9546           0.0176147943121               
6329           0.0209096528262               
7662           0.054671805055                
9237           0.024811628598                
626            0.0552622887458               
1794           0.024811628598                
3391           0.0331097253904               
8205           0.0446455407762               
10998          0.0115429504919               
