81
6394           0.0510136501595               
3348           0.262147467412                
11772          0.0696512127786               
5683           0.0341924076542               
7527           0.0525595044516               
757            0.417507457849                
11501          0.124243757424                
11773          0.10445881058                 
8293           0.0477356478062               
6233           0.10445881058                 
4006           0.0484182476619               
7596           0.094551818934                
11991          0.0647332804858               
10586          0.0833039620999               
906            0.108312978417                
11029          0.0741393091332               
1875           0.0962866607962               
10202          0.0903266231205               
1503           0.0377378366946               
2745           0.0752023296336               
8319           0.0667061191485               
6798           0.0553865843234               
9238           0.0994758692274               
2548           0.0248497217515               
5089           0.0979841428008               
5479           0.182948014691                
23             0.101863408083                
2730           0.0799703465531               
5830           0.0581250485436               
12138          0.0447824801564               
1440           0.175983978845                
273            0.110444478688                
1651           0.175983978845                
9096           0.0979841428008               
2739           0.0525595044516               
10692          0.0268584668282               
8166           0.146469829587                
5787           0.0278119643775               
9309           0.0182941584109               
6329           0.0431183180763               
2246           0.0930900055756               
69             0.129945733218                
10459          0.127977162699                
11890          0.0798818556238               
6013           0.108312978417                
10564          0.0505650956621               
5518           0.208753728924                
11715          0.0979841428008               
7922           0.0722978226914               
7584           0.214603504715                
10285          0.0185974997909               
8832           0.0861333008402               
7237           0.104413293104                
10669          0.108312978417                
6042           0.0385202635082               
8136           0.0466749738517               
9243           0.0434671911991               
1897           0.179538136691                
3708           0.132245619306                
1438           0.0939103251354               
8291           0.0612937445137               
8912           0.109359693252                
160            0.140071502436                
3012           0.10445881058                 
7996           0.134633158162                
1981           0.139302425557                
11266          0.110444478688                
7919           0.024414264208                
2793           0.127977162699                
7589           0.0903266231205               
3098           0.0492585373684               
8524           0.0486957223322               
6759           0.0404651647145               
9018           0.127977162699                
5508           0.0886842829098               
9278           0.0144327919943               
4283           0.100250674139                
7624           0.0546968816431               
189            0.0926672989466               
2353           0.0874702982691               
9588           0.0644956034357               
