74
3348           0.0703239526937               
11772          0.392378844846                
7527           0.0493488359587               
4428           0.063567287384                
5320           0.0696696499826               
5787           0.0261130328772               
11728          0.0659299418733               
8820           0.392003449498                
3465           0.0972417343734               
2763           0.0505666890984               
441            0.0531737989562               
10132          0.118505905776                
2638           0.0461164665448               
10586          0.15643045357                 
11029          0.0348052045266               
10202          0.0848088990486               
1503           0.0708651396891               
10972          0.0450742547826               
11654          0.1069964845                  
7919           0.0229228858229               
2702           0.131515045059                
2548           0.0233317428528               
1981           0.0653964741411               
5479           0.0858861937545               
8379           0.066200535371                
1341           0.0696696499826               
7237           0.0490175328617               
1440           0.165233759222                
4283           0.282380177923                
840            0.0842854032621               
9096           0.0919986487712               
10692          0.0252177810167               
4183           0.124167216596                
311            0.176589299841                
2258           0.0502572250751               
9633           0.0429805084806               
11812          0.0822841085714               
7293           0.145821334315                
9405           0.0490524711916               
3079           0.0906647676701               
11835          0.0501037660109               
8956           0.0513556485705               
11459          0.108188417963                
1334           0.122091733228                
7244           0.0972417343734               
7584           0.100747079532                
10183          0.04995114324                 
10285          0.0349228926718               
2627           0.0848088990486               
2502           0.131515045059                
10669          0.101696533479                
6042           0.108501603171                
6253           0.145821334315                
3708           0.124167216596                
9278           0.00542045814157              
7014           0.0554867362967               
10564          0.0474762583305               
760            0.122091733228                
3319           0.0747143010667               
873            0.0493488359587               
8064           0.041254734111                
7996           0.252817818815                
7154           0.0334219006905               
11586          0.138727136295                
373            0.0858861937545               
6329           0.0404843772361               
2607           0.115053368789                
9237           0.0480392161627               
4067           0.196001724749                
3391           0.0641056369531               
8291           0.0191831777136               
2353           0.027375685556                
722            0.0818053582956               
6000           0.0813346546249               
