43
1186           0.146901817281                
7171           0.0795009296082               
8345           0.179988039442                
770            0.209301737982                
11068          0.356560629813                
4802           0.0970438365883               
9313           0.0760745577599               
11731          0.168619303917                
2021           0.0676910824086               
7918           0.110567314792                
9546           0.0620428461503               
10545          0.108962518179                
10183          0.0908696651337               
3849           0.158279857542                
660            0.129909915194                
9474           0.172591294776                
11598          0.0799458938348               
2812           0.0955045025763               
2687           0.0996078029931               
11041          0.0700277354409               
11967          0.0539203090396               
5743           0.257420243678                
10988          0.234392469391                
5407           0.139322401819                
4029           0.111665587919                
4976           0.281682064955                
9891           0.132046744639                
2153           0.14158481328                 
4971           0.199077951316                
8911           0.0511798029163               
478            0.0884366685431               
210            0.084868845599                
8411           0.126740998369                
6242           0.0815346041195               
4986           0.0671667407641               
9627           0.171725972042                
9539           0.287426013366                
1644           0.107791246363                
1794           0.174783086145                
2065           0.219517196255                
10948          0.119450285125                
5787           0.0475040689614               
12223          0.0773325989639               
