33
2907           0.22516860733                 
5232           0.0938855117985               
10613          0.170224761338                
2094           0.120020770337                
3661           0.170483140819                
11711          0.106173410233                
2430           0.0752837873884               
7518           0.0493427849182               
5840           0.316650660737                
11073          0.117307264023                
7386           0.10881985427                 
11927          0.0807886087379               
5330           0.153215105879                
7364           0.29461442529                 
7453           0.0393301332717               
9004           0.123992710334                
2432           0.384894534954                
5899           0.320450588462                
2852           0.0675847012221               
9700           0.125058779125                
1164           0.0629245864623               
10498          0.305901903554                
9262           0.0698173439602               
478            0.061987245184                
8112           0.142941791378                
4982           0.047817543025                
9114           0.153215105879                
6132           0.306430211757                
8743           0.0760985144164               
9278           0.0103674204376               
6809           0.0807886087379               
9495           0.210689183781                
9379           0.121951546083                
