120
850            0.0768772342885               
2802           0.075075337146                
3868           0.0383870533296               
7454           0.0178277714554               
3243           0.095132649202                
6850           0.0673364565909               
10613          0.160962397928                
4110           0.090109309298                
9313           0.100841917068                
6235           0.0345482017033               
3740           0.0368565429433               
4006           0.0365416889087               
1562           0.0825347484251               
7918           0.0977095831337               
12041          0.0477993625101               
9554           0.047458269674                
2638           0.0370689190137               
5580           0.0690362596967               
8524           0.0367511015491               
10393          0.0534323407352               
6192           0.0430179004134               
2430           0.047458269674                
8620           0.075075337146                
10710          0.157548325048                
8369           0.0690362596967               
1154           0.0642793335115               
10718          0.0483208923175               
1800           0.193171041605                
10816          0.0521456078702               
9595           0.0461433443237               
2211           0.110736568164                
5899           0.269345826364                
3275           0.0745053903365               
8681           0.0713591119069               
9484           0.095132649202                
2548           0.018754309492                
5290           0.111023641766                
8112           0.090109309298                
8689           0.0795287302405               
2944           0.0600561704509               
10912          0.157548325048                
9262           0.0880245389486               
4507           0.09248115325                 
8692           0.077511408521                
7458           0.157548325048                
71             0.0795287302405               
6744           0.157548325048                
12127          0.111510385891                
6242           0.0360265246312               
4982           0.0602875580719               
4160           0.126340487125                
2882           0.077511408521                
8930           0.101856925988                
236            0.0412802306939               
7095           0.093767886115                
7704           0.059761895718                
965            0.121317147221                
11150          0.121925608491                
2624           0.157548325048                
9858           0.070874970742                
9379           0.0768772342885               
12181          0.0739495177359               
8385           0.0998069635642               
9309           0.0138067666175               
11890          0.030143779036                
10858          0.0825347484251               
7171           0.0702558681596               
9508           0.093767886115                
8690           0.0527797821027               
11062          0.105990413359                
7179           0.0632320890382               
2444           0.0495869437879               
2094           0.0756600894124               
11083          0.157548325048                
313            0.0578031220068               
9505           0.0538781314709               
12218          0.0143835282205               
2635           0.121317147221                
4512           0.141944406087                
6132           0.0965855208027               
1953           0.0817447832835               
481            0.0387290097251               
10490          0.255257908182                
10568          0.0850859693939               
7386           0.0685991256412               
2964           0.101608860707                
7364           0.123814979119                
3965           0.0756600894124               
11029          0.0279768031794               
4203           0.0567558775334               
10498          0.0642793335115               
4734           0.0860049417453               
7237           0.0262672185164               
4667           0.126340487125                
11967          0.0238249926238               
940            0.044600844085                
8594           0.0560012248643               
960            0.0297549663223               
6105           0.179285687154                
117            0.063924811279                
80             0.0488547915669               
2059           0.03193914063                 
11869          0.0541043815814               
210            0.0374997780318               
663            0.153980731506                
10614          0.0557551929454               
6008           0.0690362596967               
7481           0.13281669863                 
5109           0.0802434473014               
5999           0.0390762407198               
6329           0.0325417841722               
2313           0.0842030446027               
3661           0.0716474303658               
10724          0.121317147221                
9278           0.00435702340013              
12175          0.0817447832835               
8057           0.0364377086014               
29             0.0555118208831               
3718           0.0507318530413               
4952           0.0365416889087               
