315
4554           0.173746696955                
9790           0.0185616855104               
7527           0.0455460293431               
1664           0.022226479136                
6933           0.0120313307802               
4207           0.0262553031299               
4387           0.0133330421963               
4006           0.0559431689665               
10242          0.0236941781575               
85             0.0182945007008               
2765           0.0299161050854               
7352           0.0500446868933               
12066          0.0219205528099               
10063          0.0375611268644               
10285          0.0107439149845               
2860           0.0543271269795               
1086           0.0253144398826               
5984           0.0194168681815               
10972          0.097068640948                
2342           0.0225436690525               
2852           0.0489191102885               
6241           0.0322274728699               
1254           0.0322274728699               
1533           0.034958575175                
12152          0.0250223434466               
4428           0.00977813518869              
8911           0.0173104143534               
4294           0.0228729837738               
11177          0.0191949841686               
840            0.0518602634434               
10786          0.0234514573275               
4986           0.0340764534195               
2739           0.0455460293431               
9539           0.0162025613745               
3159           0.0369666829267               
8526           0.0294236270676               
11965          0.0942089329362               
8955           0.0265932295658               
11672          0.0271263492611               
7209           0.103720526887                
10653          0.028733977524                
7116           0.0508336316336               
3281           0.0602992967195               
10425          0.109910421759                
8970           0.0173604440527               
9111           0.0543271269795               
10720          0.0369666829267               
236            0.0157993991907               
9310           0.0490742868562               
481            0.0148229570092               
10183          0.0307346153364               
3859           0.0424926606849               
12109          0.0158984349899               
5377           0.0483549572394               
7237           0.0100533903031               
480            0.0421260077179               
7079           0.0251671539086               
1838           0.0319023014618               
4297           0.0134446984414               
6648           0.0139459953133               
12236          0.0464323480127               
1230           0.0404601782726               
6102           0.0193422701426               
4121           0.0191222747103               
2059           0.0122242348005               
4479           0.0208834969565               
1127           0.120598593439                
11014          0.0312866096227               
5413           0.0322274728699               
5834           0.03819964261                 
4041           0.0150456055654               
9278           0.0233462098333               
9991           0.0322274728699               
4125           0.0375611268644               
3348           0.0865397464312               
1886           0.0184270574641               
4524           0.0202831333898               
12243          0.0219205528099               
12082          0.0459712261714               
3740           0.0141062979775               
1852           0.0557854451                  
5325           0.0375611268644               
11238          0.0327174945534               
11458          0.00920984004098              
9006           0.03819964261                 
2084           0.0195680302985               
11991          0.018698450599                
6197           0.01390638136                 
6962           0.0177837722638               
8602           0.0745191867702               
10950          0.0273116471483               
10279          0.0165714993124               
6806           0.028733977524                
3938           0.0369666829267               
3884           0.0233326137928               
7919           0.0423129101239               
2298           0.0598322101708               
10351          0.0353957968076               
2730           0.0230997342199               
4193           0.0448614618935               
8771           0.0413679665477               
1998           0.0508336316336               
11105          0.0194168681815               
310            0.0413679665477               
5610           0.0385366248763               
4982           0.0115370866417               
8966           0.0254642874799               
12129          0.0105724464939               
899            0.022761807784                
7099           0.0225436690525               
6991           0.0602992967195               
6759           0.0233770288703               
6620           0.015998622394                
313            0.0221232920384               
8348           0.0483549572394               
2258           0.0154614727548               
8686           0.0232153872271               
5480           0.0957069043853               
8352           0.0618631794771               
9689           0.028733977524                
1255           0.0353957968076               
8795           0.0195680302985               
7184           0.0484022981259               
425            0.0423827874994               
1750           0.0336668141489               
10564          0.0292118346598               
3427           0.0118426512769               
9546           0.041969187583                
8131           0.0141468440273               
7802           0.0600024527732               
1882           0.0262553031299               
7584           0.402928671427                
3290           0.0233326137928               
6639           0.0144361380499               
2738           0.022226479136                
5987           0.022226479136                
10669          0.0625732192454               
8136           0.0269644821404               
11967          0.00911866437886              
3748           0.0543271269795               
3259           0.015182009781                
6128           0.0602992967195               
8017           0.0267672964893               
10518          0.0644549457398               
6904           0.019799865442                
10449          0.0508336316336               
7327           0.0508336316336               
2353           0.0168440822483               
2362           0.0149558545489               
11936          0.0250223434466               
2745           0.0217224746688               
10458          0.0319023014618               
9772           0.0208834969565               
4491           0.0304384480193               
3618           0.0689760170651               
189            0.0267672964893               
897            0.0423827874994               
7547           0.0182289793229               
2357           0.0553892888177               
3384           0.0575849525057               
11772          0.060357041302                
11182          0.0413679665477               
7454           0.0409398988091               
3243           0.0364106177593               
8958           0.0214336424949               
4802           0.016411444809                
5787           0.0241007703334               
4786           0.0304384480193               
2763           0.0155566783607               
2337           0.0413679665477               
11707          0.0602992967195               
4529           0.0150006131933               
3945           0.0588472541352               
2105           0.0285158387925               
3801           0.0191949841686               
5869           0.0602992967195               
3258           0.0155089440577               
8407           0.0309945131867               
11949          0.0369666829267               
2548           0.00717793523025              
7154           0.0308464189678               
5827           0.0128302984563               
1069           0.0413679665477               
2118           0.0309945131867               
6337           0.134584385681                
8919           0.0571505211198               
5409           0.0364106177593               
3942           0.0469029146551               
4283           0.405408959561                
8938           0.0414153074342               
11730          0.0177220084175               
8293           0.0689431035794               
9130           0.0230997342199               
8166           0.0634625385632               
12159          0.0483549572394               
2460           0.0402380275346               
11569          0.0276946444088               
11072          0.0396389838889               
5111           0.0435332966044               
23             0.147118135338                
5369           0.0464323480127               
4921           0.0105993295724               
2075           0.0423083590421               
8875           0.0543271269795               
9419           0.0329171224135               
10591          0.0271263492611               
2160           0.0192683124381               
9121           0.0214336424949               
9588           0.0186297966925               
7735           0.0329171224135               
6052           0.0297340576344               
10472          0.0508336316336               
2146           0.0179717656053               
6042           0.0445068897396               
9243           0.0125556610327               
438            0.03819964261                 
8187           0.0543271269795               
150            0.024201149063                
5648           0.03819964261                 
4247           0.0358882748254               
1438           0.135631746306                
760            0.0751222537288               
873            0.015182009781                
8842           0.0169569446536               
7996           0.0388892921535               
2246           0.0134446984414               
2764           0.0344880085326               
10610          0.0248799266559               
3349           0.0901746762099               
367            0.00975369256331              
8057           0.0139459953133               
193            0.0244662782792               
7624           0.0157993991907               
8291           0.00590164258226              
9434           0.077778584307                
1123           0.022226479136                
6975           0.0375611268644               
4587           0.0423827874994               
6394           0.014735483977                
7524           0.0230997342199               
3555           0.0598322101708               
1602           0.01541426157                 
5227           0.0208834969565               
11918          0.0141468440273               
4547           0.0225436690525               
9069           0.0146059173299               
11835          0.0770713078502               
2887           0.0200381115798               
3722           0.0273116471483               
11862          0.0110412736056               
532            0.0152741606024               
10586          0.144375969362                
7285           0.0294709679541               
1899           0.0271263492611               
1875           0.0278127627199               
4078           0.0269449526734               
1503           0.0218014310367               
12020          0.0161511222984               
4592           0.0483549572394               
10109          0.0240715824158               
231            0.0543271269795               
4029           0.0566525509799               
11064          0.0139857922416               
755            0.0464307744541               
4219           0.0483549572394               
5479           0.237803487656                
11992          0.0189786710583               
320            0.0332838168883               
10638          0.0364106177593               
273            0.0319023014618               
9096           0.0566061735136               
1981           0.181071123906                
12248          0.0739333658535               
2946           0.0448614618935               
4183           0.03819964261                 
9309           0.00528433619813              
5999           0.0299117090979               
110            0.0191222747103               
7728           0.0396389838889               
4151           0.068135263037                
8341           0.0275010178408               
6887           0.0329171224135               
2813           0.0319023014618               
5855           0.0423827874994               
7198           0.0142285130716               
9551           0.0213394774082               
3142           0.0194921177398               
2920           0.0476363036048               
7922           0.0417669939129               
5675           0.133135267553                
8218           0.0310026010683               
1965           0.0369666829267               
2798           0.0508336316336               
159            0.0221232920384               
980            0.0423827874994               
346            0.0508336316336               
5350           0.0267672964893               
1897           0.0777903951651               
2771           0.0435332966044               
1050           0.03819964261                 
7877           0.0208834969565               
10813          0.0160491563785               
6013           0.0312866096227               
3134           0.0349299525658               
4267           0.0215288481008               
6329           0.012454887724                
9237           0.0295582189726               
3702           0.0152741606024               
6756           0.0289577828258               
2661           0.0207076537171               
11292          0.0326986971489               
8482           0.0240715824158               
2652           0.0226520480874               
9491           0.0369666829267               
1515           0.0132228144285               
