282
4554           0.206549160476                
7527           0.0360965869231               
3995           0.0326930655191               
6933           0.014302782819                
11501          0.0426637925559               
8414           0.0218268946591               
8571           0.0278789692573               
4207           0.0312121664157               
4006           0.0665049453426               
4125           0.0446524702706               
10242          0.0281675145047               
2657           0.0484228925152               
2765           0.0355641085466               
7352           0.0297464304223               
10285          0.0191584645278               
1448           0.0255933815099               
9984           0.0349786532665               
4952           0.0332524726713               
11105          0.0230826708781               
6798           0.0190190782454               
2852           0.0581547812905               
1981           0.0956695114461               
1533           0.0415585704961               
6999           0.0404994213583               
4428           0.0116241957381               
8911           0.0102892648173               
4294           0.0271912829359               
11177          0.0228188963294               
840            0.0616512087083               
2880           0.012958713336                
2739           0.0902414673079               
9539           0.019261519834                
3159           0.0439457984408               
5190           0.038311850425                
11965          0.018665847417                
7209           0.0308256043542               
10653          0.0341588015126               
4099           0.0349786532665               
2073           0.0344248600794               
10425          0.0559975422509               
8970           0.0206380046783               
7099           0.0267997953254               
9310           0.0583392543789               
7804           0.0297464304223               
8125           0.0517521542799               
10183          0.0182685746163               
3859           0.0505150517662               
7237           0.0657327966458               
726            0.019261519834                
11041          0.0140784816168               
1838           0.0379252883634               
4297           0.0159829868689               
7079           0.0299185803386               
12236          0.0551985313624               
4134           0.0281675145047               
11927          0.0231721271578               
6680           0.0533451108835               
8521           0.0574841191098               
6102           0.0229939891214               
4121           0.0227324597074               
2059           0.0145321061049               
6052           0.0353476914934               
7589           0.0620341237416               
5834           0.0454115344342               
1364           0.0432847510913               
7184           0.0287701988535               
10050          0.0248261914602               
9278           0.0198241797065               
2353           0.0200241564782               
3348           0.115737745363                
188            0.0289265786683               
10646          0.0404994213583               
12082          0.0273251760701               
10585          0.0306376600185               
11238          0.0194471928139               
3543           0.0314110596342               
11458          0.0109486094523               
2971           0.0274608426749               
9966           0.038311850425                
2084           0.0232623716086               
11991          0.0444572396612               
11029          0.0127292677341               
6197           0.0165318330968               
1517           0.038311850425                
6962           0.042282510063                
1509           0.0344248600794               
562            0.0213647405281               
10279          0.0591003339484               
1554           0.0197643289491               
5629           0.0716834871283               
11560          0.0480988473532               
3884           0.0554753773751               
7919           0.0419178043698               
3138           0.03719335714                 
2730           0.0823825280246               
11689          0.0439457984408               
4906           0.0209949285584               
8771           0.049178021285                
6171           0.0716834871283               
1852           0.0663174440388               
1566           0.0246171499411               
12129          0.0125684688444               
899            0.0270591175033               
3994           0.0329232477659               
236            0.0187822427481               
8859           0.0123163286316               
10972          0.0989097345955               
6759           0.0138952445492               
313            0.0263000533397               
9763           0.0324679426348               
1886           0.0219059890977               
5480           0.151701153454                
8352           0.073542622734                
10564          0.034726875565                
2362           0.0177794413099               
9546           0.0249463748465               
7802           0.0713306006046               
938            0.0199594334941               
7584           0.294768915452                
2738           0.0264227216192               
8832           0.0295771260897               
9395           0.03719335714                 
10669          0.03719335714                 
8136           0.0320552346974               
11967          0.0108402203042               
6457           0.0409991633439               
3259           0.0180482934616               
10109          0.0286161707041               
8531           0.0645838031191               
4654           0.0193849270968               
6904           0.0235379760092               
7327           0.0604307542067               
3555           0.0355641085466               
2745           0.0258235637566               
697            0.0149261038683               
6337           0.0533310701974               
10943          0.0239173778615               
3468           0.0286161707041               
12152          0.0297464304223               
7547           0.0216705148442               
10728          0.0198939848438               
11604          0.0341588015126               
2357           0.0329232477659               
3384           0.0684566889881               
11772          0.0956695114461               
11182          0.049178021285                
7454           0.032446091071                
5787           0.0191005794314               
2763           0.0184936975006               
4529           0.0178326501512               
11076          0.0503844351006               
3942           0.0557579385146               
6383           0.0224774420805               
3258           0.0184369512119               
8319           0.0229060685909               
8407           0.0368461144315               
8997           0.0472881171425               
9238           0.0341588015126               
2548           0.0341323667557               
7154           0.0366700608021               
5827           0.0152525913946               
1069           0.049178021285                
8919           0.022646746413                
3945           0.0349786532665               
4636           0.0400229317751               
9240           0.0365102588048               
471            0.0283148937224               
4283           0.55079776127                 
8938           0.0492342998822               
11730          0.0421356609909               
10039          0.0645838031191               
10786          0.0278789692573               
8293           0.0655673594471               
9130           0.0274608426749               
8166           0.0754439324125               
11985          0.0197643289491               
12159          0.0574841191098               
2460           0.0239173778615               
8971           0.03719335714                 
11569          0.0658464955317               
11072          0.0471226157844               
755            0.0827949910865               
23             0.139914613066                
3642           0.0181029212119               
4921           0.0126004273069               
2075           0.0251479774708               
8875           0.0645838031191               
9419           0.0391317021789               
10591          0.0322476614801               
2644           0.0322476614801               
2045           0.0409991633439               
9121           0.0254802015858               
2771           0.0517521542799               
7735           0.0391317021789               
5984           0.0230826708781               
2146           0.0213647405281               
6042           0.0529095566838               
11411          0.0503844351006               
9243           0.0149261038683               
438            0.0454115344342               
8218           0.0245704861751               
1438           0.0967429844403               
1430           0.02617883679                 
760            0.0893049405413               
10326          0.0439457984408               
873            0.0180482934616               
960            0.013538320669                
7996           0.0462313861882               
4146           0.0831311816782               
195            0.0471226157844               
10246          0.0318208214315               
3349           0.0267997953254               
367            0.0115951384735               
8057           0.0165789259563               
193            0.0290853830728               
8291           0.0210475250839               
6975           0.0893049405413               
4587           0.0503844351006               
3801           0.0228188963294               
5227           0.0248261914602               
11918          0.0168176938523               
9069           0.0173634377825               
11835          0.0916219658405               
10236          0.0404994213583               
441            0.0194471928139               
7518           0.0141527042526               
8328           0.0677989586693               
5334           0.0274608426749               
3722           0.0324679426348               
11862          0.0131258080516               
532            0.0181578418739               
10586          0.071513914095                
7285           0.0175174659318               
3857           0.0271912829359               
1875           0.0330636661935               
5205           0.0135033029293               
1503           0.012958713336                
490            0.0284644245374               
4060           0.0250395883227               
4029           0.0336741274765               
2246           0.0159829868689               
5479           0.125644238537                
2626           0.0193849270968               
2229           0.0409991633439               
11220          0.0349786532665               
10638          0.0432847510913               
273            0.0379252883634               
9096           0.100939682497                
2946           0.0533310701974               
4183           0.0454115344342               
9309           0.00628199110849              
5999           0.0355588826198               
8602           0.0442940088547               
6887           0.0391317021789               
3938           0.0878915968815               
6463           0.0604307542067               
3634           0.0404994213583               
7198           0.0169147815831               
9554           0.0215932112402               
3142           0.0231721271578               
2920           0.0566297874448               
812            0.0278789692573               
5675           0.039567626644                
1965           0.0439457984408               
9153           0.0299185803386               
159            0.0263000533397               
980            0.0503844351006               
1897           0.154128021771                
7346           0.0283148937224               
189            0.0318208214315               
8912           0.0375527862614               
1471           0.108555201246                
1899           0.0322476614801               
210            0.0170621608008               
6013           0.03719335714                 
2160           0.0229060685909               
9237           0.035138655416                
2661           0.0246171499411               
11292          0.0388720393721               
6072           0.0349786532665               
10998          0.0081736625675               
1515           0.0314384246402               
