259
9595           0.0231606612909               
1326           0.0244315795942               
4340           0.0519835511841               
9963           0.0747927630831               
7352           0.13125969878                 
10395          0.0712459480278               
4952           0.0366826328788               
1612           0.0211139260941               
5557           0.0790780002376               
2852           0.0855383202452               
4962           0.0666644911814               
7013           0.0477497913983               
11936          0.0328149246951               
8112           0.0904568675027               
2944           0.0602878114983               
4428           0.0641164506753               
478            0.0196134803209               
8319           0.0252689450533               
9004           0.0392327256494               
11806          0.0297064602986               
6108           0.026384575974                
2880           0.0142954699515               
9757           0.0365792113745               
11230          0.0324927933592               
850            0.0385868777055               
4763           0.034005420859                
10023          0.0712459480278               
8306           0.0663959744793               
8102           0.0588324389715               
4804           0.042263910956                
8190           0.0173407283237               
9505           0.0811289150543               
8956           0.0207197257834               
10875          0.0712459480278               
3042           0.315680729885                
10466          0.0307548254957               
3652           0.0555818436082               
9310           0.0643572426014               
3651           0.0251727805335               
12167          0.0492585977067               
12149          0.0588324389715               
7386           0.0344318587462               
26             0.0264916787937               
3188           0.0588324389715               
9557           0.0712459480278               
10183          0.020153070194                
726            0.0212484427171               
11041          0.0155307479761               
11119          0.0353362823421               
3171           0.0436492268234               
1164           0.0995503296378               
9879           0.0399177391885               
3946           0.123019301983                
10064          0.0588324389715               
6469           0.0790780002376               
8347           0.0271565330716               
11638          0.0446771408603               
11927          0.0255624489027               
8411           0.0281086128448               
2881           0.0242536347689               
5994           0.0492585977067               
680            0.118710126384                
10614          0.0559702448076               
5413           0.042263910956                
6759           0.0459858272434               
4041           0.0197311820403               
9278           0.00874765751691              
7944           0.0446771408603               
1716           0.0271565330716               
960            0.0149348667032               
8121           0.0198501227478               
7251           0.0331979872396               
10415          0.0666644911814               
1353           0.0253659350298               
454            0.0288793157926               
8297           0.0790780002376               
2781           0.0358171746136               
11711          0.0335944932871               
11226          0.042263910956                
3543           0.034651268803                
1927           0.0712459480278               
2789           0.0328149246951               
6646           0.0331979872396               
9538           0.0577586315853               
3122           0.0344318587462               
1503           0.0142954699515               
8528           0.0602878114983               
3896           0.0399177391885               
6133           0.0237360207787               
11850          0.063413895818                
1876           0.0305989711228               
1629           0.0510003867617               
9082           0.0355741703472               
4906           0.0231606612909               
7166           0.0261733686492               
5068           0.0712459480278               
129            0.072638893529                
7175           0.0555818436082               
4982           0.0756501144979               
10540          0.063413895818                
3060           0.0510003867617               
1614           0.0431683345519               
9114           0.0484790291148               
8859           0.0135868200262               
10972          0.0181854620666               
230            0.0218744080888               
313            0.087039109322                
3258           0.0203388156844               
5810           0.0542509821251               
2431           0.063413895818                
4358           0.0624714355343               
9890           0.0295643293317               
69             0.0246123716573               
5118           0.0542509821251               
2094           0.189879789795                
3661           0.0719237797515               
4938           0.0500959631658               
9015           0.0464189299153               
6798           0.0209809920563               
697            0.0164658067364               
7932           0.0414265454969               
6395           0.0312252541019               
1686           0.0344318587462               
4094           0.0542509821251               
7721           0.0358171746136               
2888           0.0290130364407               
7465           0.0353362823421               
803            0.063413895818                
3589           0.0239918640758               
8291           0.00773956113772              
7359           0.0363194467645               
6904           0.0259660369077               
8594           0.0281086128448               
5330           0.0484790291148               
8199           0.0500959631658               
628            0.0250774275382               
3332           0.0441514989743               
911            0.158156000475                
5755           0.0322636318041               
5456           0.0216618765024               
5277           0.0641537401839               
9770           0.0458080101688               
2065           0.0243422568929               
3468           0.0631361459771               
12059          0.0431683345519               
5093           0.0275042301323               
4961           0.060892538171                
7454           0.0447413361885               
6717           0.0458080101688               
7303           0.135685301254                
11969          0.0530604859612               
6233           0.0395700421279               
3504           0.0283597179094               
2986           0.0790780002376               
8309           0.0418374730689               
2638           0.0372118965489               
2579           0.0267089790077               
6192           0.0215919118028               
2430           0.166744618934                
6287           0.0342166281838               
10624          0.0385868777055               
7950           0.0519835511841               
9410           0.0932194069204               
4275           0.0529833575874               
4511           0.0464189299153               
3404           0.0368450886505               
5899           0.202788534705                
6568           0.0376824541096               
1561           0.0406469769049               
2548           0.0470666155928               
5290           0.0557259340414               
7154           0.013484254152                
2627           0.0342166281838               
6145           0.0129524259736               
8164           0.190241687454                
5631           0.0382772894934               
8166           0.0277421181374               
9069           0.0191545639323               
7171           0.052895137641                
10339          0.0492585977067               
9405           0.0197904958924               
2626           0.0213845800613               
5050           0.0790780002376               
9005           0.0555818436082               
6191           0.0666644911814               
630            0.037975957959                
11965          0.020591323687                
8836           0.0302935670482               
10500          0.0666644911814               
2687           0.0220910140104               
10692          0.0203485116856               
7939           0.0542509821251               
5317           0.0246123716573               
1430           0.0577586315853               
10225          0.0570906499166               
4146           0.0733652657576               
8488           0.0555818436082               
9512           0.106120971922                
2128           0.0530604859612               
9379           0.115760633116                
8743           0.0722353466683               
8057           0.0182891257559               
11310          0.0431683345519               
103            0.0236520110023               
2166           0.0441514989743               
10924          0.0177800638625               
7520           0.0426326127237               
10399          0.0790780002376               
11082          0.0492585977067               
10613          0.0807916208421               
9313           0.0168718119546               
11956          0.0706725646842               
5840           0.200383852663                
8524           0.0184464266195               
6197           0.0182371750305               
6678           0.0363194467645               
10393          0.0268192165932               
3304           0.0477497913983               
10288          0.0531996130728               
5513           0.0542509821251               
3868           0.0192675575027               
1531           0.037975957959                
4753           0.0188769267979               
4029           0.012382594501                
11064          0.0183413164394               
9262           0.0220910140104               
9647           0.063413895818                
8583           0.0510003867617               
8874           0.0295643293317               
9088           0.0500959631658               
3886           0.0790780002376               
6809           0.0255624489027               
5995           0.0712459480278               
9309           0.0138600203274               
4267           0.0282334678487               
2676           0.034005420859                
4226           0.117664877943                
420            0.0358171746136               
12129          0.0138649697731               
7364           0.0932194069204               
5232           0.0594129205973               
4734           0.0863366691038               
11704          0.0790780002376               
11469          0.0492585977067               
6981           0.0320856869787               
8064           0.0166444549302               
6105           0.0299962008631               
10498          0.225845422628                
4043           0.0446771408603               
3098           0.0186596265839               
6236           0.0638210021985               
8930           0.0511248978055               
5999           0.0196134803209               
6681           0.0399177391885               
9237           0.0193816924417               
12089          0.060892538171                
2990           0.0712459480278               
10998          0.00901681707111              
3528           0.0288793157926               
