60
1886           0.0919146007796               
1186           0.0619590209311               
9790           0.0925861286759               
10427          0.159129438247                
2009           0.127777144575                
7251           0.126269028048                
7428           0.124101665741                
11360          0.187355793908                
7571           0.110351506723                
9313           0.0641721825341               
454            0.109842898291                
201            0.096110800593                
2021           0.114200716354                
7918           0.0932683161894               
8173           0.0795509139648               
10242          0.118187124037                
10582          0.19398071395                 
11731          0.142237681931                
10866          0.143597332097                
11592          0.223770038617                
5927           0.214772812456                
12157          0.102858336727                
2750           0.105062764073                
11029          0.0534103051352               
5348           0.0987621996154               
660            0.164376955377                
11598          0.0674378220931               
1706           0.128551524282                
11292          0.0815509394355               
2687           0.0840234935794               
1053           0.217686780392                
7454           0.0340348647844               
4690           0.108843390196                
3589           0.182506808985                
11872          0.151827702469                
4297           0.0670624755067               
627            0.114652784611                
12051          0.0874865939803               
10810          0.270985001135                
6169           0.110351506723                
8082           0.181617027136                
8911           0.0863447583928               
8790           0.0943123410751               
6603           0.118805507526                
11586          0.106441820711                
5611           0.15319216345                 
6759           0.0583025879258               
367            0.0486516504239               
4820           0.147976448704                
1794           0.0737185495274               
9539           0.0808187613921               
9278           0.0083179606973               
2065           0.185172257352                
9406           0.107386406228                
9729           0.223770038617                
3870           0.141176469719                
5787           0.0400717384927               
119            0.080307125457                
12223          0.065233394747                
626            0.164191389284                
