65
3348           0.118208700701                
1522           0.061358506145                
7527           0.276504261414                
6933           0.0438244248183               
8414           0.133757341646                
8293           0.050225397585                
1531           0.105479451903                
7856           0.237240571244                
9953           0.219641704144                
8420           0.0994833613157               
12066          0.0798461646635               
906            0.113962262054                
12114          0.257860159349                
6540           0.147377216473                
2659           0.057729560614                
6906           0.141655224294                
2370           0.219641704144                
4029           0.0687861137045               
11818          0.15857112725                 
3057           0.130723943235                
7237           0.018309863454                
8911           0.0315268097215               
11220          0.107176301264                
11188          0.139143158494                
11150          0.0849896322907               
7014           0.0621790513997               
2795           0.105479451903                
12293          0.125623438062                
6599           0.0754281492271               
9309           0.096241637214                
9633           0.0963288679193               
1900           0.15857112725                 
2246           0.0489726520545               
7828           0.0645528611682               
11835          0.0561468352627               
12256          0.0671210200444               
7390           0.219641704144                
2222           0.148370106669                
2712           0.108970164824                
11230          0.0451248924124               
2362           0.108954152329                
481            0.0539929935354               
3046           0.109907072257                
9278           0.00303711272179              
10703          0.134652071853                
10704          0.197887925734                
6042           0.04052936618                 
9243           0.0457343109439               
8218           0.037642584585                
6937           0.219641704144                
8291           0.0214968814653               
960            0.0414820754698               
8912           0.115063570429                
2603           0.110872812092                
6421           0.051827716549                
444            0.144385995286                
6775           0.131855131333                
4267           0.0784193704134               
9237           0.107666555661                
6422           0.0791246600549               
11822          0.185162781115                
383            0.154380368913                
10998          0.0250445011445               
2549           0.113962262054                
2259           0.108970164824                
