33
11664          0.260778409582                
5683           0.0719095570731               
11882          0.169880025937                
11062          0.14767737798                 
1326           0.135639769013                
12082          0.167353584209                
12224          0.134163665834                
4921           0.0771715676032               
3784           0.142470857494                
2021           0.166693720226                
2561           0.122241947332                
8016           0.215994658595                
4164           0.207618035284                
9012           0.192377659346                
1314           0.179121924907                
11029          0.0779606533619               
10393          0.148895503452                
11598          0.0984359976671               
5383           0.138700448742                
1309           0.283145044031                
6383           0.137663540991                
10816          0.145309870947                
5407           0.257317898943                
4887           0.139754784328                
1954           0.221616162892                
6102           0.140827143615                
4428           0.0711926179476               
644            0.395544786466                
12077          0.210835740102                
9278           0.00607067914103              
11292          0.0595181445283               
12223          0.0952182928485               
6000           0.182182604635                
