234
9790           0.0218287996131               
9840           0.0332848225932               
9671           0.0367934868653               
4387           0.0156798425538               
4006           0.0164474856608               
7374           0.034054754251                
2638           0.0500543788872               
8146           0.0568661004026               
9182           0.0354842414199               
3654           0.0348880366034               
6192           0.0193624411278               
5996           0.0584649391203               
7453           0.0334786558895               
12109          0.0186967800614               
2659           0.0186383789854               
1592           0.597678626389                
9984           0.0346025935407               
9584           0.0869973126304               
7439           0.0231023428228               
11960          0.354564046503                
4275           0.0237562831724               
8686           0.0273016173793               
3992           0.0316876380737               
2399           0.0517947699078               
7186           0.0228345062957               
2852           0.0575295522132               
10385          0.0185225770548               
2548           0.0084413513896               
914            0.0391422303112               
7154           0.0120919388499               
1533           0.0411117692854               
8379           0.0239511460748               
5827           0.0150886089423               
5331           0.0275792390917               
910            0.0709128093007               
8141           0.0330406527389               
1075           0.0321188758622               
8919           0.0448065370143               
2971           0.0271656078387               
2275           0.0498427459536               
6913           0.0337574468986               
10849          0.021908899308                
4425           0.0268989461691               
1459           0.0568661004026               
2739           0.0714170163152               
5703           0.0441724061699               
7095           0.0422051089694               
10477          0.0527577014207               
9145           0.126750552295                
10692          0.0273711422465               
6421           0.0334658574468               
8166           0.0248776085278               
8136           0.0158553024988               
9835           0.0640831800548               
5049           0.136508086896                
12039          0.0646831568465               
8955           0.0312740068206               
1431           0.044923309543                
5195           0.0597810558697               
7476           0.0147259737086               
3740           0.0165892020777               
4186           0.0410781087                  
755            0.0273016173793               
2626           0.0575295522132               
9520           0.0268989461691               
11835          0.108764312424                
3077           0.0249859791719               
6027           0.0275792390917               
12218          0.0194221625674               
8143           0.115090730426                
1951           0.0146079231465               
812            0.0275792390917               
209            0.0709128093007               
10536          0.102391521238                
9310           0.0535897532942               
10383          0.0284608869709               
481            0.0174320030391               
8908           0.0405583763871               
8444           0.0351817545204               
6528           0.0597810558697               
10753          0.0709128093007               
8554           0.0240500010894               
2680           0.0391422303112               
7231           0.0263857955768               
3649           0.0321188758622               
11041          0.0139271221606               
8097           0.0405583763871               
9243           0.0147656315229               
6628           0.0566170295935               
4297           0.0158111518467               
6648           0.0164006839211               
3171           0.0391422303112               
10224          0.0709128093007               
7615           0.0428193915046               
2034           0.0348880366034               
960            0.0267855370969               
8483           0.0357960370556               
7554           0.044923309543                
4146           0.0493424569823               
3115           0.0709128093007               
10783          0.0428193915046               
11638          0.0400640071879               
115            0.0277209555086               
4479           0.0245592820774               
5605           0.0527577014207               
12209          0.0395926404019               
220            0.0306835936925               
2650           0.0498427459536               
6130           0.0375175490078               
8222           0.0638894548517               
6273           0.0286155855275               
9278           0.00686386664468              
4749           0.0382973612696               
10265          0.0216704751633               
7208           0.0261386477479               
1411           0.0568661004026               
2078           0.0254314380977               
1161           0.0387109925227               
10273          0.033791556112                
10924          0.0159441851621               
3348           0.0763289565899               
7524           0.0271656078387               
1522           0.0792400343493               
8121           0.017800500326                
3801           0.022573567619                
12058          0.0199416021075               
11918          0.0166368847945               
12184          0.05851827767                 
10075          0.0227467779673               
6006           0.0527577014207               
7698           0.0405583763871               
11238          0.0192381136952               
441            0.0192381136952               
11836          0.0572311710549               
2887           0.0235650971489               
11862          0.012984690904                
6646           0.0297701324163               
10586          0.028298023747                
711            0.0325692859528               
1875           0.0163540973625               
6197           0.032708194725                
12156          0.0316876380737               
6217           0.0410781087                  
10718          0.0434986563152               
11869          0.024352487989                
4794           0.0546050852852               
10391          0.0283085147968               
3050           0.0597810558697               
4907           0.0597810558697               
210            0.0168787234493               
4753           0.0169277916258               
4690           0.0256617334344               
3109           0.0303082708354               
7452           0.0217493281576               
7919           0.0331737127939               
12132          0.0207692095459               
7942           0.0434733318542               
4417           0.0284608869709               
12127          0.0250955214132               
4906           0.0207692095459               
10294          0.0434733318542               
9625           0.0178542540788               
5604           0.0424196499846               
9957           0.0457343469717               
4986           0.0133581272886               
8874           0.0265116674891               
12129          0.0124333437179               
4430           0.080304604989                
605            0.241005578175                
8741           0.0260172982899               
11989          0.0387109925227               
7014           0.060224781513                
8188           0.0231023428228               
568            0.0709128093007               
8048           0.0486493024388               
6475           0.037899955094                
8987           0.0248776085278               
313            0.0260172982899               
9972           0.0168298917469               
8602           0.021908899308                
10352          0.0638894548517               
9689           0.033791556112                
69             0.0220710237048               
7377           0.0346025935407               
5989           0.0703635090408               
11890          0.0271355478229               
9583           0.029596922068                
9554           0.0213610600183               
5079           0.0597810558697               
10232          0.028932253757                
6808           0.0527577014207               
3863           0.0332848225932               
9574           0.0441724061699               
5456           0.0388503632589               
12056          0.0722354652057               
2361           0.0290943781538               
7802           0.0352818583513               
7922           0.0736778462322               
11878          0.0280104768803               
159            0.0260172982899               
1010           0.0224880602876               
10983          0.0375175490078               
2406           0.0597810558697               
10205          0.0597810558697               
2156           0.029259138835                
11967          0.0107236757865               
8196           0.0511957606189               
4998           0.0595402648326               
8010           0.029259138835                
6329           0.0146471207143               
4654           0.0191765174044               
8066           0.0439792745083               
8064           0.0149258334155               
10473          0.0304941945588               
3716           0.141825618601                
11968          0.0286155855275               
6285           0.0498427459536               
7923           0.0457343469717               
5780           0.0475817308361               
490            0.0563168001428               
10290          0.0597810558697               
3098           0.0167329287234               
4553           0.0597810558697               
2053           0.0348880366034               
2049           0.130419995563                
4945           0.0297701324163               
1644           0.0214375325219               
5277           0.0191765174044               
2661           0.024352487989                
3523           0.0319009629768               
6853           0.0283085147968               
5538           0.0301256972719               
10728          0.0393602044202               
6063           0.0150068943169               
