170
6206           0.03934355209                 
1186           0.0183771650539               
12072          0.0530951762186               
5683           0.0146120171136               
2660           0.0819460970108               
7454           0.0302844195244               
8958           0.0317101624641               
2812           0.0477897970148               
5787           0.011885354888                
2021           0.287913297346                
11073          0.0418732130812               
2657           0.0301311938893               
4574           0.125186835521                
7358           0.0555700896611               
2430           0.0268727951089               
1010           0.0282905921331               
9444           0.0333523995449               
6383           0.02797322218                 
7439           0.0290633762877               
8997           0.0196167191765               
9085           0.0361968181242               
2548           0.0106194498841               
5290           0.0314330421013               
1981           0.029765225175                
5281           0.0752061959663               
2146           0.0265884628451               
4014           0.0296455338294               
11334          0.0555700896611               
8790           0.02797322218                 
3205           0.0686946840428               
7344           0.0356128823814               
6145           0.0146120171136               
4686           0.0306360929448               
1805           0.0715391026221               
9313           0.019033593052                
6498           0.382834445966                
9972           0.0423449241034               
12184          0.110426379913                
554            0.0752061959663               
7171           0.198908595196                
6431           0.0943961963136               
9835           0.0268727951089               
4784           0.0719983714426               
11386          0.0586441907543               
2323           0.0418732130812               
3642           0.0450582442036               
4921           0.0313625145918               
9746           0.0663706248419               
8173           0.0707848633251               
11148          0.114385889778                
1142           0.282844942435                
5228           0.0686946840428               
9310           0.0518595144256               
6848           0.0250040355444               
7346           0.105713827703                
8859           0.0306553918387               
10499          0.0686946840428               
10183          0.0227352780989               
10285          0.0238427478956               
3545           0.0363975629761               
11458          0.0408766998942               
7237           0.0223103450501               
7231           0.0331940492521               
2622           0.0644056607856               
11041          0.0175206988773               
6772           0.0443855384389               
5020           0.0336751265204               
7174           0.0715391026221               
1432           0.0663706248419               
7600           0.0663706248419               
11927          0.0865132774956               
5591           0.0301311938893               
4146           0.0413827695668               
7815           0.0663706248419               
7166           0.0295269559079               
6759           0.0172926599756               
11049          0.0663706248419               
2249           0.0953583508502               
9509           0.0892102448711               
9278           0.00616780794585              
9797           0.0686946840428               
29             0.0942991263038               
119            0.142915489369                
7520           0.0240475594296               
8897           0.0813731724666               
10134          0.0627035314976               
9986           0.100803223762                
7393           0.025771647439                
890            0.143078205244                
3802           0.109804559645                
9750           0.0627035314976               
4712           0.0892102448711               
7698           0.0510235417938               
4492           0.0510235417938               
10390          0.0752061959663               
1158           0.0285066487401               
2561           0.0496791107918               
6473           0.0892102448711               
9966           0.0476791754251               
532            0.0225974709768               
6719           0.0752061959663               
11102          0.0523665759371               
10393          0.0302555561893               
10292          0.0280781366376               
3148           0.0538679603732               
7456           0.0586441907543               
11056          0.0401322800049               
1503           0.0161271449845               
10248          0.0255106068905               
5350           0.0396010767001               
807            0.160749347493                
9676           0.0752061959663               
1974           0.0438900999573               
6138           0.191106090653                
4911           0.0265884628451               
12035          0.0345196097331               
10749          0.0953583508502               
4982           0.0170686289957               
9627           0.0214826241818               
12129          0.0312829698493               
2073           0.0428418080699               
11591          0.0161684644199               
10185          0.0467345185366               
7058           0.0752061959663               
7949           0.0356128823814               
579            0.0230154439843               
5426           0.0450323892487               
3946           0.0346954336881               
12223          0.0386967012802               
335            0.0425106976448               
8352           0.0305079809655               
2065           0.0274612242546               
4852           0.0211724620517               
3661           0.0405696779408               
7463           0.0803746737466               
9067           0.0492419914724               
9744           0.088506202835                
11197          0.0657662611081               
10564          0.0216088334766               
10866          0.0212956227648               
6745           0.103354758389                
7576           0.0803746737466               
12157          0.0305079809655               
4997           0.115070107435                
1393           0.0237440442658               
5331           0.0346954336881               
660            0.0487545218537               
11967          0.0134906761172               
2438           0.0421879706693               
7465           0.0398639114684               
4998           0.112354911428                
2173           0.0290633762877               
1579           0.0575350537174               
6849           0.038128629926                
2828           0.0458550640136               
11778          0.0368087933044               
7359           0.0409730485054               
4918           0.267630734613                
3981           0.0409730485054               
8064           0.0187771048283               
6913           0.0424677873257               
1899           0.0401322800049               
1396           0.0925744165345               
1048           0.0372337338085               
11598          0.0400043760814               
6681           0.0450323892487               
11292          0.012094082926                
10998          0.0101721396147               
6063           0.0188790816493               
6000           0.0370194928891               
