329
5920           0.102380565686                
8520           0.102380565686                
3086           0.0273166690348               
6933           0.0363472295303               
6753           0.0179711903325               
4006           0.014083917234                
5136           0.0303850162619               
11836          0.0490068265124               
3757           0.0607223594913               
2870           0.0296300646531               
12243          0.0220743484649               
1690           0.0257965159991               
1777           0.0309274722684               
9116           0.108420206073                
9595           0.0177845923865               
487            0.109416577441                
10100          0.0257965159991               
12107          0.0250544854204               
2254           0.0273166690348               
6705           0.142576541695                
2151           0.0266079920428               
4316           0.0776139993871               
6294           0.0347299780625               
4930           0.0547082887205               
4425           0.0691003851909               
6051           0.146082653849                
2882           0.0298744884241               
2739           0.122308219946                
8554           0.0411878425441               
9145           0.0271339997599               
7462           0.0416582061946               
9602           0.0243709454911               
11965          0.015811651225                
5049           0.0233782675027               
12039          0.0553879326147               
5693           0.0547082887205               
863            0.109416577441                
2923           0.0232618030684               
7828           0.0178463468826               
9534           0.0159599705645               
4430           0.0687645171731               
8956           0.0159102485369               
1951           0.0250174141871               
9100           0.0607223594913               
1142           0.0275032669809               
9310           0.0105896988038               
10149          0.103811412092                
8603           0.0407440488332               
10285          0.0216385896197               
11042          0.0372260429557               
7237           0.025309813435                
480            0.0212107829091               
498            0.0269550971315               
7005           0.0293923382734               
7036           0.0511902828429               
6628           0.0484809395963               
4297           0.0135390270936               
12048          0.121444718983                
12031          0.093516239208                
2522           0.0195530978644               
11954          0.0287159072917               
2059           0.012310000621                
9517           0.0176623865624               
10611          0.0324535823727               
5109           0.0309274722684               
9278           0.00671714513331              
2079           0.0908073460839               
6990           0.135528636217                
104            0.0212107829091               
4686           0.0208529396135               
1716           0.0208529396135               
8380           0.0315061179836               
3348           0.0108933641828               
1522           0.101779394287                
8121           0.0304849967328               
11271          0.0607223594913               
6002           0.121444718983                
10535          0.0361400686911               
8143           0.172465544067                
6492           0.0303850162619               
1184           0.0391621413014               
2683           0.0176623865624               
11455          0.100791605657                
7106           0.0391621413014               
3121           0.0275032669809               
11788          0.0339264647622               
1445           0.187676456522                
8541           0.0547082887205               
7705           0.0703500455927               
10718          0.0558715922879               
1154           0.0247745750147               
7919           0.00710162992342              
7552           0.0399170929102               
4244           0.0391621413014               
11122          0.0276939663073               
7805           0.0309274722684               
2089           0.0231468812549               
12108          0.0202601697375               
3992           0.0271339997599               
6242           0.0138853623433               
4982           0.0232360627952               
1566           0.0208529396135               
9627           0.0438674604111               
12129          0.010646623288                
899            0.0229215057244               
12144          0.0416582061946               
7099           0.022701836521                
605            0.0257965159991               
11616          0.0372260429557               
2608           0.0278889513687               
6877           0.0378246575406               
3415           0.026779808946                
11712          0.042680147179                
8634           0.121444718983                
1709           0.0222785101215               
7695           0.0416582061946               
5232           0.0684329278452               
2174           0.0289355764951               
972            0.0547082887205               
323            0.0678060442789               
5417           0.0391621413014               
9058           0.0361400686911               
11363          0.042680147179                
7833           0.0384676531434               
3046           0.0303850162619               
11155          0.0474746901846               
6612           0.0214891962101               
675            0.0366660764082               
3290           0.0234963165356               
3047           0.0324535823727               
10545          0.0371126851746               
5987           0.0223824211848               
447            0.0798239761284               
8136           0.0135768331233               
11967          0.0550958482056               
2049           0.0372260429557               
627            0.0462937625097               
3101           0.0703500455927               
6904           0.0199387822522               
8066           0.0188296398295               
2603           0.0306520056375               
6019           0.0182913916165               
10416          0.0356441354238               
8721           0.0176623865624               
1372           0.0438387283114               
7914           0.0321261295463               
6139           0.0275032669809               
3070           0.0264395116019               
10157          0.0467565350053               
7535           0.0438387283114               
8399           0.0321261295463               
1795           0.0511902828429               
330            0.0182913916165               
5538           0.103186063996                
10155          0.0451762120722               
10728          0.0168519940616               
6000           0.0503958028283               
2063           0.0327938797167               
4809           0.0108655994549               
5683           0.00994589979373              
7759           0.0607223594913               
7454           0.0137423783707               
10081          0.0213025982641               
8958           0.0215840219636               
6711           0.0298744884241               
4802           0.0165265882967               
5787           0.00808995416651              
5021           0.0251979014142               
9585           0.0451762120722               
6386           0.0361400686911               
3246           0.0486942179497               
10486          0.0303850162619               
2638           0.0142871225423               
4529           0.0151058582184               
10893          0.0194034998468               
5915           0.0335173377516               
5996           0.0166877657502               
3050           0.0511902828429               
1592           0.170596618438                
12058          0.0170759153945               
6381           0.0339030221394               
6383           0.0380808292993               
9584           0.0744954563839               
4275           0.0203424117758               
8686           0.0233782675027               
2399           0.0221758288039               
2548           0.028913183879                
5290           0.0641861868601               
7154           0.0103542796433               
5383           0.0383676612868               
8379           0.0205092721121               
5222           0.0624239443698               
8919           0.0767353225736               
2590           0.0372260429557               
8938           0.0208529396135               
6145           0.0198917995875               
2880           0.0109771954638               
10692          0.0390630022881               
8166           0.0213025982641               
11985          0.0334843277198               
9819           0.0275032669809               
2756           0.042680147179                
2419           0.0607223594913               
9405           0.0151967121384               
7923           0.0391621413014               
5370           0.0140039492018               
12218          0.00554370712027              
9583           0.0506874557466               
8178           0.0438387283114               
812            0.070847981647                
3580           0.0221758288039               
6040           0.0157141617715               
8892           0.0287159072917               
6068           0.0242404697981               
6528           0.0511902828429               
7238           0.0607223594913               
10513          0.0486942179497               
4768           0.0469926330712               
4862           0.0306520056375               
4423           0.0364527980547               
3496           0.109416577441                
3259           0.0305770549866               
7842           0.0351750227964               
325            0.0511902828429               
6772           0.0453175746552               
1369           0.0356441354238               
4971           0.0339030221394               
6043           0.0301259979204               
12238          0.0647520658907               
614            0.02985391118                 
4146           0.014083917234                
1574           0.0237373450923               
109            0.0243709454911               
10305          0.0486942179497               
10685          0.0607223594913               
6130           0.0321261295463               
3349           0.022701836521                
6083           0.042680147179                
11852          0.0684329278452               
2641           0.046758119604                
2078           0.0217768403449               
10924          0.0273058859959               
10106          0.0188993307269               
1743           0.0331480705307               
10234          0.046758119604                
3801           0.0193296571025               
7393           0.0175418780963               
10613          0.0206794044273               
8162           0.0547082887205               
11919          0.0519057060458               
11835          0.0465672263162               
4359           0.0195530978644               
6226           0.0451762120722               
11862          0.0111187397133               
1643           0.0825098009426               
10586          0.048462972707                
8524           0.0141646291656               
7991           0.0511902828429               
6678           0.0557779027373               
1875           0.0140039492018               
5624           0.0280884192356               
11513          0.0399170929102               
5604           0.018161889659                
3868           0.0147951585736               
11085          0.153570848529                
490            0.0482238542993               
4060           0.0212107829091               
8052           0.0511902828429               
9873           0.0438387283114               
1335           0.0253437278733               
4222           0.0234963165356               
6700           0.124974618584                
3250           0.0733321528165               
1745           0.0607223594913               
395            0.0291609520256               
9625           0.0305770549866               
8451           0.0375210084879               
9564           0.0607223594913               
5483           0.0303850162619               
986            0.0607223594913               
11209          0.0246379348667               
6132           0.0372260429557               
9858           0.0546333380696               
269            0.0351750227964               
2570           0.0547082887205               
8406           0.0339030221394               
9309           0.0212856454222               
110            0.0192564375113               
6801           0.0511902828429               
8602           0.018760504244                
6785           0.0291609520256               
262            0.080391952019                
4742           0.0233782675027               
2493           0.0391621413014               
5223           0.042680147179                
9554           0.0182913916165               
1762           0.0287159072917               
9395           0.0315061179836               
12056          0.0309274722684               
2241           0.0278889513687               
324            0.0607223594913               
7922           0.0630900497326               
2816           0.0222785101215               
9444           0.022701836521                
10595          0.0203424117758               
10273          0.0289355764951               
8000           0.0511902828429               
6853           0.0727214093944               
8291           0.0297152439552               
11105          0.0195530978644               
8064           0.0255618648113               
6802           0.0547082887205               
2636           0.121444718983                
11968          0.0245034132562               
11778          0.0501089708408               
210            0.014453184455                
12245          0.0347299780625               
38             0.0814880976665               
3098           0.0286566820101               
11724          0.0647520658907               
3450           0.0351750227964               
6329           0.0125422718165               
3579           0.046758119604                
11292          0.00823202819599              
10998          0.0138476543669               
4705           0.0607223594913               
7015           0.109416577441                
1515           0.0133155863318               
4417           0.389935127858                
