34
7520           0.149103767824                
1186           0.113945224233                
1602           0.141397854706                
579            0.142704270105                
8350           0.281726779293                
4784           0.223208273811                
9313           0.118015320747                
5787           0.0736935987584               
9744           0.137192802841                
2021           0.21001988148                 
11055          0.259629417263                
11458          0.0844835555736               
2561           0.154014435912                
6200           0.199264252985                
10285          0.049277953506                
7171           0.123330690098                
660            0.100765359414                
11598          0.124020968129                
10137          0.180912539344                
562            0.164858309321                
11292          0.149975579677                
4297           0.123330690098                
5407           0.108066207824                
5348           0.181627805149                
627            0.210851253863                
6138           0.197488080886                
7440           0.210851253863                
6759           0.107220891401                
9278           0.0152970767222               
133            0.265635064644                
119            0.147688153883                
12223          0.239933868555                
9012           0.242379455929                
313            0.202941024392                
