278
1186           0.0131310138895               
9790           0.0392436718125               
7519           0.0384902096588               
16             0.0637432901676               
85             0.0193393908401               
6714           0.0192013863286               
8304           0.029700133666                
10680          0.044803479786                
3313           0.0474237236319               
9053           0.0369249762945               
10865          0.085766417024                
3769           0.044803479786                
267            0.127486580335                
7439           0.020766619693                
9595           0.0186693738929               
4887           0.0202913054079               
2254           0.0286756703015               
2852           0.0172377081851               
3734           0.0327647643529               
3870           0.029919617142                
11922          0.0218903710555               
1533           0.0184776168418               
8911           0.0182990984154               
9456           0.0274111308148               
7344           0.0254464304926               
7555           0.0604146722957               
6037           0.429858379281                
2480           0.0390780344801               
8554           0.0432369331604               
9627           0.0306999078135               
11740          0.0263009433021               
3722           0.0577431029494               
2923           0.0244190752012               
475            0.0374174272234               
9520           0.0241793739067               
7828           0.0187342006684               
10068          0.0574300200404               
9583           0.0266045755351               
9310           0.0444661405976               
10383          0.0255833973369               
10813          0.0169658037098               
10183          0.0324900224407               
10285          0.0454302141254               
1503           0.0576165486268               
7237           0.0531379477145               
11041          0.0250380882619               
6857           0.0574300200404               
7079           0.0798137266054               
11119          0.0569678265006               
3668           0.0316247629887               
11836          0.128612276793                
2059           0.0129224217919               
8862           0.0303751182291               
6680           0.0237181045335               
9278           0.0105769835424               
1267           0.0511167499132               
2079           0.0238312503799               
3682           0.0360134037932               
960            0.0120387154331               
3348           0.0114353078475               
1522           0.284914421089                
2663           0.0284839132503               
3001           0.032466110597                
8842           0.0179254402989               
3659           0.0460197002017               
3740           0.0298239579594               
6858           0.0321769395316               
8143           0.0517273388089               
11292          0.0172831413786               
2561           0.0177485779747               
4993           0.0397064300745               
10430          0.0327647643529               
2373           0.0369249762945               
162            0.0403814146376               
8528           0.0242984360401               
5455           0.0493305113749               
7919           0.0223648056826               
12132          0.0373387477859               
623            0.113814099348                
4182           0.024790886969                
5759           0.0574300200404               
5232           0.0239458194818               
4906           0.0186693738929               
3321           0.0161956445764               
942            0.044803479786                
6756           0.0306117061673               
2758           0.0807628292751               
7834           0.0637432901676               
899            0.0240618481019               
9981           0.0537369937591               
230            0.0528976480637               
12223          0.0138249539714               
11617          0.0303751182291               
11287          0.0574300200404               
152            0.0360134037932               
69             0.0198395703426               
4852           0.0151283341288               
4772           0.046991888332                
2444           0.0200626375776               
2338           0.117943259958                
3661           0.0144941018642               
10606          0.0511167499132               
10866          0.0304326720134               
4716           0.0384902096588               
8545           0.0872152142148               
7802           0.111001610971                
6395           0.0125850453147               
11097          0.0288715514747               
4316           0.0203688218205               
6639           0.030521315726                
7198           0.0300823487742               
5383           0.0201382240986               
7721           0.0288715514747               
8136           0.0570091162849               
664            0.0253114928615               
665            0.0258636694044               
5833           0.0637432901676               
628            0.0202144431501               
6646           0.0535205474908               
8225           0.0303751182291               
10924          0.0143321754038               
10943          0.0425362218873               
5277           0.0172377081851               
3604           0.0301445205071               
3468           0.0254464304926               
938            0.0177485779747               
3384           0.0202913054079               
5093           0.0221706431231               
11772          0.063804332831                
5683           0.0104407072097               
7004           0.0563984764678               
5787           0.0169848569851               
6914           0.0821034492919               
2021           0.0847092012652               
5465           0.0574300200404               
6570           0.0327647643529               
11958          0.0374174272234               
4529           0.0634294919837               
8146           0.0511167499132               
10202          0.0275813810709               
8967           0.0511167499132               
1154           0.0260071073847               
3274           0.0195503992772               
9584           0.0586511978317               
4275           0.0427088890286               
7324           0.0748348544467               
8997           0.028033422045                
159            0.0233868635388               
2569           0.0374174272234               
5928           0.0643538790633               
2548           0.0151758057914               
7154           0.0217388078232               
447            0.0279317367074               
5827           0.0135631007645               
8919           0.161105792788                
4636           0.0355896937454               
2538           0.0228602357462               
9836           0.0316247629887               
2881           0.0195503992772               
9917           0.0427710607615               
2880           0.0115233097254               
10692          0.0246038294018               
12239          0.107473987518                
11985          0.0175750846623               
9819           0.0288715514747               
552            0.0333931599474               
90             0.0272440045936               
9405           0.127621975107                
8690           0.0213544445143               
10186          0.0355896937454               
6715           0.0688507432194               
12218          0.00581950593706              
2222           0.0215296061339               
5083           0.114860040081                
172            0.0474237236319               
3796           0.0188652550662               
722            0.0266045755351               
5291           0.044803479786                
4425           0.0241793739067               
6042           0.0352866750709               
8778           0.0266045755351               
6338           0.0351848216019               
4709           0.0397064300745               
5407           0.0249070355599               
9243           0.0265455548569               
8218           0.0109244380579               
150            0.0255833973369               
8186           0.0344253716097               
2153           0.0253114928615               
1369           0.0374174272234               
12238          0.0906312986869               
614            0.031339139963                
1706           0.0272440045936               
8191           0.0224598141885               
2150           0.0574300200404               
9139           0.0286756703015               
5447           0.0351848216019               
7740           0.0551627621417               
7718           0.0303751182291               
11262          0.0490336636336               
367            0.0618646474264               
8291           0.00623871481182              
2175           0.029700133666                
327            0.0427710607615               
7520           0.0171826740388               
10812          0.24790886969                 
1938           0.267088501287                
7524           0.0244190752012               
3614           0.0703696432038               
5337           0.0390780344801               
8595           0.0390780344801               
6100           0.0397064300745               
5563           0.0427710607615               
10279          0.0175179802527               
7075           0.0920394004035               
10586          0.0381555001839               
8524           0.0148693179017               
6235           0.0139780352807               
1875           0.0294012882549               
660            0.0348365105151               
6279           0.026918679886                
10288          0.042883208512                
11598          0.0285842792632               
5604           0.0190654416631               
1080           0.0364577906343               
3868           0.0310624321563               
4863           0.0532091510702               
3532           0.0245413337282               
4029           0.00998137676642              
11064          0.0147845905605               
4222           0.0246652556875               
2229           0.0364577906343               
618            0.0511167499132               
6163           0.0176325493546               
5792           0.0821034492919               
1506           0.0981686617773               
11591          0.0231056673047               
11891          0.0156232181079               
2181           0.0253114928615               
9309           0.0335169058957               
10858          0.0333931599474               
8602           0.0196938372575               
8956           0.0167017816439               
1913           0.0270798898202               
10459          0.0390780344801               
3861           0.0602890410141               
4642           0.0874613947011               
1951           0.026262027779                
323            0.177948468727                
10791          0.0511167499132               
158            0.0474237236319               
2241           0.0585528472364               
2075           0.0223624001743               
11715          0.029919617142                
7364           0.0250474707956               
5572           0.164441814019                
10717          0.0184776168418               
10703          0.0781560689602               
2812           0.0170735934116               
9313           0.0680002530312               
12106          0.0511167499132               
11096          0.0574300200404               
940            0.0360905715166               
5350           0.0282961102359               
12051          0.0185410883426               
8              0.0282961102359               
11586          0.0225582813475               
3098           0.0300823487742               
8001           0.0261528404698               
11573          0.0301445205071               
2750           0.0222660170156               
11738          0.0272440045936               
6532           0.029919617142                
3523           0.0286756703015               
10998          0.00726828682092              
8482           0.0254464304926               
9588           0.0196938372575               
1515           0.0279560705615               
