205
10777          0.0718218122008               
4431           0.0813830711388               
4554           0.139081542514                
9782           0.0366189391905               
11772          0.0966297553048               
3624           0.0377379834025               
12082          0.0367992552334               
7527           0.097223711337                
7454           0.02184783702                 
4428           0.0469634755236               
11424          0.0611564456856               
11501          0.114912034781                
8414           0.0587892619941               
5787           0.0385845874771               
7803           0.0634607865312               
3297           0.0428536133339               
5415           0.0286711853199               
2337           0.132457668525                
7419           0.0869760490772               
9216           0.0515951867476               
2307           0.183469337057                
7352           0.0400599975122               
8089           0.0383334995146               
12243          0.105282380074                
2435           0.0355839052722               
8026           0.0526992943248               
4169           0.0456529754506               
6383           0.0302707336996               
7439           0.0314504249226               
6756           0.0927210283427               
6798           0.0512265987131               
917            0.0362652279936               
9238           0.0460022088092               
5788           0.0545412237982               
2548           0.0344749565219               
1981           0.0966297553048               
8813           0.0774147901392               
4738           0.0718218122008               
10601          0.0813830711388               
8911           0.0138567188444               
8938           0.0331523127783               
9661           0.0574560173906               
8919           0.0304987385742               
3945           0.0471063163864               
4294           0.0366189391905               
9240           0.049168954262                
4283           0.3245235992                  
840            0.041513338448                
11730          0.056744774096                
4380           0.0774147901392               
9278           0.0160185254859               
7778           0.19432647998                 
3159           0.0591825153882               
4432           0.0591825153882               
11965          0.0251375977041               
9633           0.0211693167045               
7209           0.041513338448                
3223           0.124521106526                
346            0.0813830711388               
3187           0.107799055186                
11569          0.0443382686552               
9405           0.0483199168415               
23             0.188425265546                
9549           0.047494904924                
604            0.0965373080152               
4006           0.0895632822881               
530            0.0774147901392               
4921           0.0169691986366               
9310           0.0336713205408               
4960           0.0718218122008               
481            0.023731095458                
10591          0.0434284457102               
2160           0.0308479719328               
7244           0.0478947584526               
2964           0.124521106526                
10183          0.0246025840173               
3859           0.0340147173856               
5984           0.0310858050807               
8836           0.0369819596376               
657            0.0647754933266               
7237           0.0321903335227               
726            0.0518795987066               
4540           0.0869760490772               
6042           0.0356270765775               
11411          0.0678535312012               
5407           0.0188604805092               
1838           0.051074597386                
8218           0.0496342048984               
4523           0.0813830711388               
10109          0.0385378585243               
6648           0.0893084276853               
12236          0.0743367522646               
1164           0.097223711337                
10127          0.0566675753244               
4146           0.022390820572                
6008           0.0423017805142               
421            0.0622605532628               
6759           0.0374258997917               
9542           0.0869760490772               
10610          0.0398319926376               
9201           0.0313278109521               
10050          0.0668676647258               
8881           0.0574560173906               
8291           0.00944834714092              
2353           0.0269668544196               
10329          0.0869760490772               
3348           0.0519552959858               
697            0.0402024495272               
5227           0.0334338323629               
7393           0.0278883380543               
8293           0.022075155061                
7079           0.0402918345805               
11835          0.0493555115223               
5326           0.0515951867476               
11226          0.0515951867476               
4668           0.0532863608313               
7124           0.0869760490772               
6989           0.0634607865312               
10653          0.0460022088092               
11862          0.0176767373574               
532            0.0244534584476               
10586          0.115570729532                
10746          0.0634607865312               
3123           0.0965373080152               
8073           0.050088893805                
1875           0.0445273724159               
660            0.0175862846998               
1739           0.0239438603063               
10718          0.0296084954493               
12020          0.0258574469842               
10092          0.0417711773729               
3109           0.0412602307805               
4029           0.105815477762                
7919           0.0112902766143               
10944          0.0268796909333               
11064          0.022390820572                
755            0.111501349569                
1959           0.0443382686552               
5479           0.126905341543                
74             0.0483065496547               
2626           0.0261059939041               
1341           0.034314598345                
11892          0.0743367522646               
3181           0.10539858865                 
273            0.051074597386                
319            0.0375450574484               
80             0.0299356407634               
4113           0.0383334995146               
5610           0.0308479719328               
3394           0.0743367522646               
4986           0.0181851157962               
9096           0.0453123660253               
12129          0.0169261596599               
899            0.0364409498712               
3857           0.109856817572                
1618           0.0434284457102               
10425          0.0502751954082               
579            0.0249057606358               
4467           0.0696954606746               
446            0.0393869869218               
1886           0.029501148753                
9309           0.0253801761696               
5480           0.102149194772                
8620           0.0460022088092               
8602           0.0298257279838               
3809           0.0460022088092               
11278          0.0545412237982               
1171           0.0965373080152               
9949           0.0496212564502               
9554           0.0290799257687               
9416           0.0328764239647               
3142           0.031206277295                
10564          0.0233836216479               
3427           0.0189597182095               
11262          0.049506678814                
8131           0.0905946379877               
7802           0.0480310350217               
1210           0.0743367522646               
7584           0.297727538701                
5675           0.0532863608313               
6639           0.0231118102747               
3849           0.128560840002                
4047           0.0662288342624               
5366           0.0538995275932               
8136           0.0215846507295               
11967          0.0145986994828               
2101           0.0538995275932               
6058           0.030046436386                
11112          0.0434284457102               
10193          0.0483065496547               
4654           0.0261059939041               
2362           0.0239438603063               
2745           0.0347770097172               
6421           0.0227794091096               
6013           0.050088893805                
7196           0.0662288342624               
9546           0.0839892131681               
2146           0.0287722405766               
5999           0.0239438603063               
6527           0.0743367522646               
3080           0.0487310133253               
10943          0.0322099184349               
3528           0.03525546164                 
9121           0.034314598345                
6063           0.0204296683958               
