22
5899           0.199355213747                
8971           0.242012270459                
5247           0.393214949004                
2548           0.0555237024154               
7303           0.26677614958                 
1164           0.234875731282                
7359           0.214227231834                
2094           0.22399802515                 
3642           0.117793321209                
941            0.237567439667                
10498          0.190304345083                
9262           0.260604012529                
4911           0.139017549384                
3321           0.118509970706                
3042           0.18620164934                 
2712           0.2314109647                  
2522           0.150195895639                
10568          0.251904131494                
7386           0.203093451118                
8743           0.142024725373                
11956          0.208428118372                
3468           0.18620164934                 
