30
11967          0.0629548347691               
5788           0.235201343543                
3348           0.0746832980574               
11112          0.187279053672                
8463           0.186026700067                
6648           0.0962825030246               
9891           0.154171612489                
3319           0.158691603699                
23             0.203139352803                
1981           0.138900735329                
11501          0.247770980257                
5479           0.182420468745                
11837          0.18986574812                 
6058           0.129571023797                
4146           0.096557259167                
4472           0.232434119064                
697            0.0866836998147               
6759           0.0806969600359               
7590           0.285602517051                
12243          0.151338477091                
9278           0.0057564695312               
8859           0.143054737304                
8293           0.0951959961235               
6532           0.390806389225                
7624           0.109078317194                
9238           0.198378044429                
10842          0.244370934927                
2353           0.0581453802181               
2502           0.27933518902                 
2259           0.206539398133                
