15
10613          0.198166504594                
6263           0.238740032852                
11728          0.195732823377                
4961           0.448073500177                
10498          0.4748193741                  
9278           0.00804612855631              
2963           0.281660768228                
6933           0.116102689724                
9313           0.124150052927                
5290           0.205027701805                
3740           0.136126183143                
3661           0.13231153072                 
3108           0.399202072684                
9261           0.177821637054                
5899           0.248700884297                
