166
4809           0.0587497845837               
4802           0.029786161557                
4387           0.0241989753814               
761            0.0842729836083               
5136           0.0547634506918               
10486          0.0547634506918               
9963           0.0517551861578               
10905          0.0922611495814               
7453           0.0172227318162               
1448           0.0390740580814               
1086           0.0459447662802               
9590           0.0464935157435               
9410           0.0430040515491               
9825           0.0750813197263               
4952           0.0253836924208               
11177          0.0348381819019               
5899           0.140325854156                
6798           0.0290369042374               
3746           0.028148156281                
1426           0.158022626388                
10416          0.0642420539095               
3031           0.0814218837645               
9441           0.076788097106                
2944           0.0834360646277               
4428           0.0354939029252               
478            0.054288638813                
10613          0.0745417106202               
8103           0.0693309296923               
9877           0.109440979436                
6145           0.0179256706083               
132            0.105722679383                
6108           0.0365152612348               
2881           0.0335661187185               
3160           0.0547634506918               
11230          0.0224844022305               
2835           0.0459447662802               
10692          0.0281615751822               
11985          0.0301746971966               
11740          0.0451561409447               
9069           0.0265091963773               
12217          0.0693309296923               
2739           0.0275547827361               
9005           0.230769545958                
8190           0.0239989160851               
9505           0.0374264561466               
12218          0.0199830422281               
4677           0.063232072538                
7359           0.100529497826                
481            0.0269031153179               
3651           0.0348381819019               
26             0.0366634875109               
10285          0.00974990292472              
12109          0.0288550678277               
7237           0.0182465292514               
3449           0.109440979436                
11150          0.0423478256831               
9243           0.0227880575005               
8218           0.0187561890469               
4423           0.0656995208311               
4297           0.0488032546217               
11945          0.0573327815603               
6739           0.0769231819859               
10330          0.0326180857331               
6043           0.0542966173668               
6102           0.0702110009268               
5598           0.168545967217                
614            0.0269031153179               
2059           0.0221865312236               
1571           0.061831483339                
4479           0.037902769772                
6751           0.109440979436                
7461           0.0681720473772               
8858           0.0986017136196               
6759           0.0212142186979               
6775           0.0328497604155               
11620          0.0670931537533               
1332           0.092987031487                
2610           0.0456774477188               
10923          0.0588140917947               
9278           0.0121064291402               
945            0.0750813197263               
8291           0.0107112616502               
1803           0.0557411287193               
10924          0.295283279451                
1716           0.0375836208367               
7520           0.0295009666304               
1938           0.0218364176059               
2663           0.048904086314                
10498          0.0446516534839               
7393           0.031616036269                
10896          0.109440979436                
9313           0.0466999069179               
4413           0.109440979436                
5162           0.0323897932839               
214            0.0415136143044               
11458          0.0167155169193               
11664          0.0325035229127               
11862          0.0400790013603               
8708           0.06110401473                 
6235           0.0239989160851               
6670           0.109440979436                
11048          0.0509922175221               
8839           0.0513690491308               
7452           0.0335661187185               
10590          0.0693309296923               
6974           0.0411126242558               
11064          0.0253836924208               
2246           0.0244016273109               
5766           0.0842729836083               
4222           0.0423478256831               
8865           0.0470622240544               
9262           0.183438797347                
2353           0.0152856912042               
5792           0.0704817862554               
11806          0.0411126242558               
8966           0.0462167340925               
4424           0.0719432805468               
1233           0.0750813197263               
8859           0.0188036481274               
7014           0.030981986377                
9261           0.100333270538                
9309           0.00959087353679              
4765           0.109440979436                
1216           0.079011313194                
2905           0.109440979436                
5229           0.04345735155                 
4852           0.0259738664249               
1331           0.0529743296459               
8006           0.0814218837645               
2254           0.0492333143698               
2361           0.0898037258049               
4060           0.0382285681195               
11262          0.028061997633                
7932           0.0573327815603               
8319           0.0349712699822               
3290           0.0423478256831               
3878           0.0456774477188               
10717          0.031724256459                
2738           0.0403402324472               
8287           0.0534027880926               
2938           0.236419951121                
5119           0.0573327815603               
8136           0.0734092973545               
10296          0.0877624478027               
940            0.030981986377                
8485           0.385040121316                
3589           0.0332038379205               
2902           0.109440979436                
627            0.0417180323138               
11817          0.0538433173659               
8784           0.0534027880926               
6474           0.0877624478027               
10082          0.0842729836083               
12222          0.175524895605                
2014           0.0922611495814               
2548           0.0260553706151               
6421           0.0516484433881               
10235          0.0506242533676               
663            0.0356542499267               
8930           0.0353774682756               
1909           0.0552763685881               
8925           0.0464935157435               
10943          0.0365152612348               
5277           0.0295954548637               
4466           0.0922611495814               
6000           0.0454146221196               
