190
2116           0.0914103070187               
7454           0.0257976219544               
8345           0.115081804947                
2852           0.0308255943536               
6850           0.0487195063957               
8494           0.0914103070187               
5787           0.0151867146709               
4387           0.0252048093978               
1186           0.117408678481                
2021           0.0865614400436               
4529           0.0283571889161               
11064          0.0264387693774               
5364           0.0960959980069               
3327           0.0609228785973               
10865          0.038343275567                
129            0.0523540106891               
7439           0.0371362241359               
8542           0.113989910049                
1053           0.0412503568076               
10105          0.120492314987                
4480           0.0585920891681               
6798           0.0302438274874               
3328           0.116116034075                
4661           0.0547418500564               
11922          0.0391457896352               
2548           0.013569182988                
7393           0.032930161526                
507            0.282198376017                
3068           0.0531117166392               
4428           0.0184846061437               
8911           0.016361820804                
1102           0.0751569048088               
4294           0.0432391338668               
593            0.182820614037                
4686           0.0391457896352               
6108           0.0380330235074               
9539           0.0306293541405               
9598           0.048426025651                
88             0.0575409024733               
9406           0.20349088563                 
5958           0.0848061964917               
9972           0.0270534740519               
9899           0.224800841158                
7476           0.0236714979279               
7171           0.0254158845849               
1175           0.0560813228727               
9405           0.114110970931                
8350           0.0580580170377               
4784           0.0459985727888               
2181           0.0452636628405               
12218          0.0104068201775               
1951           0.0234817356961               
8173           0.0602977099391               
10137          0.0372823035066               
178            0.103259983817                
9310           0.079517253559                
2278           0.0886653628389               
9012           0.0998987076574               
5093           0.0396469904312               
3007           0.113989910049                
10285          0.0304654772764               
4124           0.0615616954016               
10620          0.199624105118                
11458          0.03482059974                 
2151           0.0499493538287               
2146           0.0339738613254               
480            0.0398175442478               
6042           0.0210339781473               
4709           0.0710056286813               
5407           0.155891350675                
2456           0.147032789953                
11097          0.0516299919085               
6648           0.0263635371852               
5642           0.0609228785973               
3906           0.17555160545                 
873            0.0287001013851               
3171           0.0629197934237               
2059           0.0231087176988               
10181          0.0434520485413               
12051          0.0331563837829               
8411           0.0405182002599               
2265           0.0669122844497               
6759           0.0441919817164               
8795           0.0369914432656               
11262          0.0292283987448               
9278           0.0141858390046               
11852          0.0856429532143               
8291           0.0111564768362               
6273           0.0459985727888               
119            0.121741800704                
960            0.0215284163355               
2070           0.0422144097947               
2687           0.031843909714                
2763           0.0294083756109               
8186           0.0615616954016               
1602           0.0291391506274               
579            0.0294083756109               
7571           0.0418219151241               
9313           0.0243204977526               
12082          0.130356145624                
454            0.0416291585471               
3784           0.0739828865312               
3543           0.0499493538287               
11292          0.10817394334                 
1158           0.0364248560283               
10132          0.0344600986471               
2789           0.0473022876529               
8420           0.0516299919085               
8524           0.0265902843366               
10545          0.0348345459578               
2279           0.0603081739227               
5348           0.0374297048806               
660            0.041531280543                
11598          0.0255581364992               
10288          0.0766865511341               
562            0.0339738613254               
4291           0.15297200242                 
11891          0.0279384578693               
915            0.065196199695                
1554           0.0314289129804               
7452           0.034961299443                
4029           0.0178493491123               
4479           0.0394782040435               
8862           0.0543187680704               
4368           0.065196199695                
6138           0.040698177126                
8005           0.0615616954016               
12128          0.0636438122042               
1566           0.0391457896352               
8279           0.034961299443                
8394           0.0735163949766               
11591          0.0206595308366               
236            0.029867215549                
1190           0.0481377395294               
9595           0.0333857923733               
280            0.0512797044154               
8188           0.0371362241359               
446            0.0465076061123               
12223          0.0494453692454               
8987           0.0799798058005               
3642           0.0287869695412               
4267           0.040698177126                
9357           0.0441080193657               
2408           0.0502718938865               
6773           0.0698818906832               
2628           0.0688307039884               
262            0.0377285708925               
12224          0.278676367662                
3661           0.0518385970789               
509            0.133681457105                
9744           0.0565451541721               
6892           0.0622265934615               
1762           0.0539063981799               
8970           0.0328182178506               
10564          0.0276110550736               
10866          0.0272108447511               
1396           0.0591442688497               
9546           0.0198346588504               
7932           0.0597158271661               
7953           0.0473022876529               
11715          0.0535042113098               
964            0.0580580170377               
12157          0.0389820923713               
2816           0.0418219151241               
8702           0.0848061964917               
2817           0.0580580170377               
9153           0.0475760376373               
5366           0.0636438122042               
2812           0.030532113609                
9875           0.0496330770822               
6431           0.0603081739227               
6058           0.0709568280149               
8675           0.030532113609                
2828           0.0585920891681               
7722           0.0585920891681               
6346           0.0531117166392               
2925           0.0386595523136               
7154           0.0194373771877               
2561           0.0317391650401               
5054           0.0801205055035               
3858           0.0698818906832               
5611           0.0580580170377               
5927           0.040698177126                
2790           0.0801205055035               
11217          0.0457499001622               
10728          0.0316350896658               
367            0.0368767995125               
9588           0.0352178045971               
10115          0.0575409024733               
1515           0.0249964346071               
