194
3297           0.0429735965919               
3468           0.0386457583596               
7454           0.0219090074666               
3995           0.0441515506442               
7303           0.221475301628                
1326           0.0299092352481               
9840           0.0454392333972               
11344          0.0512175980834               
5787           0.012897539382                
4911           0.0577055964896               
4809           0.0173226564693               
6639           0.0231765196441               
2522           0.0623456807183               
7352           0.040172159093                
2430           0.116645379625                
5494           0.0680435102276               
9410           0.0380398541229               
9901           0.0720229017788               
9625           0.0487479610833               
4408           0.0231092075804               
9851           0.0968075970254               
5899           0.248254516934                
6798           0.0513700249899               
2852           0.0261790865084               
4661           0.0464903161903               
9700           0.0484418002616               
2548           0.0230476539213               
11070          0.174439136186                
8112           0.055368825407                
6999           0.0546939304947               
5827           0.0205984220421               
2944           0.0738045745155               
3751           0.058455481295                
478            0.0240108992826               
1102           0.0319140498983               
8319           0.0309343413166               
6145           0.0158564105109               
2880           0.017500570199                
2882           0.0476278830555               
12231          0.0649568543396               
8316           0.0603025678761               
10692          0.0124553637763               
7285           0.023657105015                
9972           0.0229755582142               
11965          0.050415957908                
6982           0.0968075970254               
9633           0.0212285874028               
7171           0.0431696228531               
10339          0.0603025678761               
9405           0.0484552048743               
4784           0.0390649601914               
11386          0.0636384665756               
4804           0.0517396450119               
9505           0.0662122233077               
3718           0.0311728403592               
3042           0.154583033438                
1003           0.0659369453789               
6195           0.0968075970254               
9310           0.0731587888389               
5317           0.0602611231969               
2092           0.0493066194637               
564            0.0576168850426               
7386           0.0421516160794               
722            0.040404645268                
8859           0.0997982291406               
2640           0.0390649601914               
10183          0.0246714673146               
11077          0.0392794234298               
2561           0.0269549497654               
2687           0.0270439057105               
11150          0.0374593800672               
8218           0.0165910575758               
5020           0.036542978698                
6648           0.0223896192469               
1430           0.0353541712894               
1164           0.121869902708                
9786           0.0613276739445               
1617           0.058455481295                
9879           0.0977349047249               
11869          0.0332451339476               
9517           0.0281585434947               
680            0.0968836005232               
7359           0.0444624087104               
2128           0.0649568543396               
10466          0.0376501775996               
8743           0.117907725035                
9278           0.00535445826443              
1603           0.055368825407                
8057           0.0223896192469               
2353           0.0135211786478               
10906          0.0502291346901               
7364           0.0380398541229               
6278           0.0426941405864               
1602           0.0247468495272               
3404           0.0451059015621               
7393           0.0279664209369               
3235           0.0512175980834               
9313           0.0826181526026               
3740           0.0226469774015               
2781           0.0438475251797               
441            0.0262631755321               
10132          0.0585314847928               
529            0.0720229017788               
4055           0.0698905968087               
11862          0.0177262293926               
8524           0.0225821875791               
9379           0.0944764130645               
5205           0.0182360312096               
5127           0.0301305615985               
4029           0.0151588205946               
10022          0.0968075970254               
655            0.0613276739445               
69             0.0301305615985               
6254           0.0720229017788               
9262           0.162263434263                
8904           0.0968075970254               
3321           0.0245964936796               
9617           0.193615194051                
10314          0.0507145389435               
71             0.146602357087                
7065           0.0745448832722               
5091           0.0493066194637               
8995           0.104564339038                
9647           0.15526307832                 
4982           0.0185222331805               
8190           0.0212285874028               
850            0.0944764130645               
9627           0.0233121344734               
12129          0.0169735501977               
9088           0.0613276739445               
7183           0.02489885767                 
3946           0.112950532799                
4519           0.0968075970254               
9261           0.0295837472474               
313            0.0355178726295               
3658           0.0447804135614               
5810           0.0664142643974               
5101           0.0517396450119               
6568           0.0922620152611               
3661           0.0440246861694               
9890           0.0361927675418               
11360          0.0603025678761               
5118           0.0664142643974               
2094           0.232451580952                
2583           0.0872195680928               
7198           0.0456863756178               
9744           0.0240108992826               
4041           0.048309980375                
9309           0.0169674910669               
9015           0.0568262354648               
2712           0.04802885611                 
6433           0.0624348728462               
10564          0.0234490920456               
10568          0.052282169519                
3968           0.0464903161903               
7953           0.040172159093                
7568           0.115233770085                
2453           0.0435500384068               
8903           0.163221861423                
8173           0.0256043556962               
9216           0.0517396450119               
1686           0.0421516160794               
2038           0.055368825407                
8744           0.043258814981                
7919           0.0113218875816               
330            0.0291613449062               
11105          0.0311728403592               
3259           0.0243739805417               
1852           0.0447804135614               
774            0.0461310076306               
8594           0.0344106737278               
4524           0.0325635871468               
10498          0.276480849265                
12059          0.0528468439136               
2233           0.0438475251797               
11968          0.0390649601914               
3332           0.108100875286                
8451           0.0299092352481               
11115          0.0908784667945               
11622          0.0680435102276               
663            0.0315384810783               
6236           0.0390649601914               
8930           0.0625872997527               
1909           0.0244477545928               
697            0.0201575049754               
6681           0.0488674523624               
5286           0.0776315391602               
1644           0.117062969586                
3648           0.0546939304947               
2825           0.0325635871468               
10998          0.0220768454146               
9613           0.136087020455                
11233          0.0636384665756               
3706           0.0317877238898               
