52
1886           0.088207537543                
9955           0.0891780195714               
3348           0.155344754863                
7527           0.14534797                    
1709           0.105900853506                
11821          0.0995431271121               
6933           0.0575921610683               
1353           0.0925885222366               
8842           0.0811703298295               
8414           0.0878890526922               
8293           0.0660040422532               
5401           0.208387307745                
201            0.0922344978893               
2222           0.0974907841508               
5136           0.144435114304                
9310           0.0167793707266               
2362           0.357957070515                
2241           0.132570074804                
10586          0.115184322137                
12066          0.104930371478                
11029          0.0512561818845               
6639           0.0691036098139               
10285          0.0257147481687               
11063          0.577287229887                
7237           0.0240620295543               
480            0.100825414328                
77             0.0833852826049               
9243           0.0601020506977               
10288          0.0970922923239               
8291           0.0282502705956               
5867           0.194981568302                
7800           0.112835422635                
6913           0.0687031835304               
5830           0.0803694583892               
10882          0.094405714093                
12255          0.110574934571                
2745           0.103982201369                
10246          0.128131000547                
5127           0.0898379309815               
6264           0.0819870611366               
6775           0.173278302976                
5999           0.0715914141031               
614            0.0709552536774               
9237           0.0707453622155               
9278           0.0199562100108               
2661           0.0991244069346               
6532           0.135482596315                
7014           0.081713016386                
2353           0.0403150372813               
9602           0.115847240869                
1909           0.0728939512986               
444            0.189745821674                
