208
7519           0.0508229660449               
1186           0.0346767179996               
11772          0.0280826862184               
7454           0.0190483547117               
7004           0.0496461806767               
10081          0.0295275997407               
3812           0.0313176891485               
3384           0.0535857993446               
5787           0.0224270228061               
1337           0.0577425731444               
8048           0.0577425731444               
4387           0.0186106359221               
60             0.0841674571403               
2021           0.11185111481                 
4863           0.0351290224461               
6395           0.0332349101952               
5415           0.0499947804882               
10183          0.0643503629341               
11836          0.101892778985                
4529           0.0418765569986               
9462           0.0841674571403               
2659           0.0442443327203               
10865          0.0849353070335               
1102           0.027747041653                
4945           0.0353346083581               
9584           0.0516291954468               
7439           0.0274205107449               
10972          0.019355877671                
1706           0.0359733327686               
7324           0.0988129007411               
4408           0.0200918450445               
8997           0.0185078448435               
2254           0.0378637225145               
6914           0.0813078348856               
2569           0.0494064503706               
10385          0.0219847193443               
3101           0.0975124237077               
7154           0.0143521002048               
3106           0.0553292104396               
8911           0.0120811820157               
8919           0.0797723074495               
10849          0.0260039950706               
6145           0.0137860435863               
7555           0.0531815382997               
6037           0.464392237242                
7845           0.0359733327686               
2881           0.0258145977234               
4411           0.0469930876658               
11230          0.051876042342                
2880           0.0152155258204               
88             0.0424868432711               
8554           0.0285453002903               
10692          0.0216581410762               
11041          0.0165303062888               
9405           0.063192634227                
475            0.0988129007411               
3642           0.0212556183615               
6715           0.0454557017983               
8956           0.0441064929965               
10812          0.130936819292                
9583           0.0351290224461               
12227          0.0335997928916               
557            0.0253537565538               
10495          0.0802153906695               
9310           0.0538208566791               
1334           0.0524288790664               
2686           0.026490963739                
2239           0.0481393339216               
10285          0.0449899776536               
3545           0.0343401178444               
4768           0.0325683196689               
6042           0.0310619852835               
6578           0.0758313343665               
5407           0.0164437844553               
9243           0.0175255453932               
8218           0.0432743039905               
8675           0.0450883830416               
4717           0.0709550151424               
7079           0.0351290224461               
11119          0.037610524047                
11008          0.0841674571403               
960            0.0158960741213               
614            0.0206903009926               
10866          0.0200918450445               
8778           0.175645112231                
5373           0.0591590888188               
1574           0.032902410124                
2246           0.0562994665641               
9139           0.0378637225145               
9128           0.0758313343665               
2605           0.0359733327686               
8804           0.0235906323658               
9496           0.212865045427                
8795           0.0546272159401               
10923          0.0226159916325               
9278           0.00814682435134              
1267           0.0674952115926               
2079           0.0314670883739               
7694           0.0542827695947               
2078           0.0301849482091               
11285          0.0626188923685               
10924          0.0189243880548               
1129           0.0417577422883               
7014           0.0476544530931               
6278           0.0371195790244               
1522           0.188102326242                
10075          0.0269984855843               
9313           0.0359153621816               
8595           0.103198274943                
3740           0.0196899681261               
1852           0.0389334479417               
5563           0.0564754566954               
5792           0.0271026116285               
11458          0.012855354193                
10132          0.025444522894                
5569           0.194434738408                
7740           0.109256426977                
1643           0.0381223665257               
10586          0.100762022731                
8524           0.0981681894602               
7877           0.0291497733912               
1503           0.182586309845                
5205           0.0634198316003               
1938           0.251905056827                
10998          0.00959713905377              
11598          0.0566145729247               
9053           0.0487562118539               
5455           0.0651366393379               
7061           0.036647891785                
7503           0.0373625465403               
5572           0.108565539189                
7919           0.0295307760047               
11065          0.0475525598423               
8944           0.0515991374713               
5089           0.0395062458626               
4182           0.0654684096458               
6169           0.0308803142947               
2730           0.0322432598003               
2802           0.0401076953347               
6163           0.0232822441103               
942            0.0591590888188               
11400          0.0758313343665               
839            0.0626188923685               
4464           0.0841674571403               
8190           0.0184567768985               
8422           0.0290264237664               
3994           0.038656964892                
11591          0.0305090191839               
234            0.0414091241693               
8139           0.0709550151424               
6048           0.0351290224461               
8188           0.0274205107449               
9309           0.0442561520284               
1231           0.0494064503706               
12218          0.00768415021012              
10776          0.0395062458626               
1913           0.0357566335188               
69             0.0785892687106               
3179           0.0339642596617               
4772           0.0310243457525               
2444           0.0794728912169               
11890          0.0161037905626               
3661           0.0191381978281               
10097          0.0371195790244               
323            0.140979262997                
1743           0.0459466468208               
10564          0.0611620526809               
2361           0.0345325456774               
3427           0.0495909188665               
8545           0.0383866954734               
8720           0.0512562737757               
10543          0.0295275997407               
938            0.0234354497871               
367            0.0272289577307               
343            0.0674952115926               
4203           0.0303208421181               
447            0.0368814230642               
5331           0.0327342048229               
1035           0.0371195790244               
8136           0.0188188919136               
7802           0.125629670996                
8900           0.0445301311465               
2825           0.0283117690112               
664            0.0334216195145               
5818           0.0361940083726               
5670           0.0790124917251               
2699           0.0626188923685               
12051          0.024481890632                
8594           0.0299176820327               
8064           0.0177156913776               
665            0.0341507204973               
2175           0.078432874137                
1722           0.0975923281962               
499            0.0494064503706               
3098           0.0198605593975               
6236           0.0339642596617               
8001           0.0690650913547               
6139           0.0381223665257               
6264           0.0239071370265               
327            0.0564754566954               
1644           0.025444522894                
2750           0.0294003341829               
11292          0.0114104406708               
330            0.0253537565538               
3468           0.0335997928916               
4706           0.0841674571403               
9012           0.0368814230642               
1515           0.0184567768985               
