37
1186           0.0824998769059               
7171           0.0892952453277               
9313           0.085446753036                
5787           0.0533564514638               
941            0.203978927324                
11711          0.170138238798                
4921           0.070397245323                
9744           0.198663689907                
2021           0.076030454486                
11148          0.171169343381                
11073          0.187979751758                
5015           0.151914801686                
10866          0.0956015931498               
11914          0.151914801686                
12157          0.13695826679                 
11102          0.2350871887                  
1602           0.102376432944                
660            0.0729572459396               
3926           0.297955009032                
10620          0.116892012817                
11458          0.0611687149006               
2812           0.107270418465                
2438           0.189392780492                
5632           0.231993205146                
10285          0.0356787669319               
2548           0.0476734744274               
4244           0.258289830642                
7359           0.183938678694                
237            0.211884546757                
897            0.281492472584                
4911           0.119362529825                
4686           0.137533394809                
8879           0.360822829364                
4547           0.149727602103                
367            0.0647808036816               
119            0.106930804672                
12223          0.0868597817704               
