113
2070           0.0668508751088               
8897           0.082328330165                
1186           0.148743008655                
1886           0.110328198007                
1602           0.0922897052852               
7454           0.020426598545                
10545          0.0551640990036               
5830           0.050262243828                
9313           0.0385140184537               
5787           0.0240497301921               
12138          0.0387245773249               
11831          0.0945661759412               
3786           0.0595093580767               
2021           0.137078974827                
7518           0.0356396223459               
1158           0.115365038291                
5443           0.143359364077                
8158           0.09550421817                 
4529           0.0449065355618               
4574           0.0633281388369               
10987          0.10078654568                 
8524           0.0421084597874               
11102          0.211925017677                
6192           0.0492887955285               
3857           0.0684736314448               
10427          0.09550421817                 
660            0.065769069429                
7656           0.114356232456                
5205           0.0340042869711               
3530           0.121123477489                
10975          0.0681408098143               
11598          0.0404739471529               
6214           0.0617321668423               
9625           0.0454495728505               
4277           0.36102957627                 
8287           0.0880839428523               
3664           0.068810803808                
10416          0.105962508839                
3951           0.0903282550109               
7154           0.0307810930233               
507            0.148963418595                
5611           0.0919408624905               
2607           0.211925017677                
2812           0.0967015065996               
8911           0.0259106320434               
478            0.0895450879913               
8790           0.0566031433113               
6756           0.0866893697944               
8451           0.0557710286175               
4686           0.0619913983559               
6995           0.0860193758007               
4578           0.0796107328287               
12223          0.0783018457491               
6338           0.0996399872104               
9309           0.015819435402                
7847           0.103244911502                
11812          0.0757824883669               
7171           0.0402486765639               
1484           0.139002043475                
2246           0.0402486765639               
395            0.0866893697944               
4804           0.0964776664694               
5632           0.104567935781                
12224          0.220656396014                
9505           0.0617321668423               
8956           0.0472978185939               
4921           0.0317306475569               
9744           0.179090175983                
8173           0.0954876473719               
11148          0.0771523670059               
178            0.081761421224                
2920           0.0713031305553               
9310           0.0104936482047               
9546           0.0314102295421               
451            0.134299365494                
367            0.087597327451                
2817           0.0919408624905               
4029           0.0282662866562               
10285          0.0321634851928               
6052           0.0445066311406               
7919           0.0211116503341               
7237           0.0150481491439               
2561           0.150786731484                
8753           0.0665382249961               
11967          0.0272980591479               
5407           0.0352671491803               
8218           0.0309369443645               
727            0.09550421817                 
10109          0.0720618122643               
11927          0.0583525131393               
774            0.0860193758007               
8059           0.0547672708921               
10866          0.0430911812556               
960            0.0340924693424               
9966           0.0964776664694               
177            0.107436814011                
10573          0.15217793148                 
11239          0.144757656162                
210            0.0429662739002               
3623           0.130323307914                
109            0.0724496890246               
7359           0.0829079796933               
6759           0.0349912821818               
697            0.0375872126959               
941            0.0919408624905               
3706           0.0592738010196               
9278           0.00748824675605              
8849           0.0732433922169               
3746           0.0464282985553               
2353           0.0252126152692               
119            0.144593030329                
10115          0.0911219582033               
1515           0.0395844342301               
