214
8793           0.0662196127073               
4809           0.011849272554                
9790           0.0203841121301               
7454           0.0149864890134               
3347           0.0558245880535               
6933           0.0132125929814               
4802           0.0180227561239               
6709           0.0596610823641               
4387           0.0146421092531               
3348           0.0118795508493               
85             0.0200906945352               
7615           0.0399854913345               
11272          0.0268684306481               
5996           0.0727941005052               
1690           0.0281318992373               
2659           0.0522145258413               
1592           0.664431761732                
10975          0.0249966115357               
9590           0.0281318992373               
8033           0.0346904295805               
9584           0.0609297009148               
7439           0.0215733688941               
4952           0.0153589477163               
1952           0.0662196127073               
2399           0.0483668555425               
12291          0.111649176107                
2852           0.0358147298948               
9923           0.0492660577103               
12216          0.0353916361895               
3995           0.0302011275347               
11542          0.0558245880535               
1533           0.0191954420269               
3743           0.0444326464991               
5222           0.0340376218453               
3166           0.0394118636363               
8919           0.0418411223178               
6603           0.0261566697054               
6145           0.0108463116039               
1459           0.106205104042                
2739           0.0166726124932               
8354           0.0388710330565               
2896           0.0465440216777               
8554           0.0449166172786               
9145           0.0887714000422               
10692          0.0255596479225               
1162           0.0492660577103               
9972           0.0157160451599               
4763           0.0284760084027               
6422           0.0238552344367               
5049           0.152968346365                
12039          0.0302011275347               
1431           0.0419501665327               
12184          0.0546453838428               
7476           0.0137513699617               
2632           0.0228368374832               
4186           0.0383594512147               
755            0.0254947243942               
7923           0.0427075273671               
11835          0.0677106690703               
5370           0.0152717401017               
2629           0.0419501665327               
8970           0.0190649301756               
12218          0.0120911684441               
2049           0.0811923043769               
812            0.0257539723701               
9310           0.0346451830603               
10813          0.0176248974281               
6040           0.0171367798492               
4249           0.0731033887184               
7804           0.0274790915021               
8859           0.0227551014783               
3755           0.0454295633997               
10285          0.0117987759052               
5814           0.0509911768423               
2151           0.0290168389825               
5162           0.0195981393622               
7231           0.0246395140921               
4425           0.0251187030258               
8441           0.0358147298948               
11041          0.0130053885144               
8097           0.0378741161559               
9243           0.0137884031174               
6628           0.264349826872                
1920           0.0492660577103               
6772           0.0164734059943               
10330          0.0197362726067               
11836          0.0267217306677               
6102           0.0212413362577               
614            0.0325566142801               
8191           0.0233323412257               
5164           0.0315551418789               
11869          0.0227407761587               
8678           0.0394118636363               
4479           0.0458677681388               
5605           0.0492660577103               
441            0.0179648846334               
12179          0.029204210634                
10610          0.0273226919214               
6273           0.106886922671                
9278           0.0137348525615               
8066           0.0205343051122               
10265          0.0202362660096               
7624           0.0347012370736               
104            0.0231310153497               
1691           0.0531025520209               
2053           0.0651581088037               
3754           0.198658838122                
8406           0.0369722951231               
7014           0.0562389467643               
11831          0.0346904295805               
6913           0.0157616450516               
1522           0.110993580087                
8121           0.0166224163055               
11060          0.0328533332931               
12058          0.0186218143287               
3001           0.0337273658795               
10075          0.0212413362577               
8842           0.0186218143287               
3740           0.0464738549018               
1531           0.0318009208715               
8143           0.107473722593                
157            0.0427075273671               
10681          0.0465440216777               
1010           0.0209997411958               
6465           0.0365516943592               
10586          0.0132125929814               
7453           0.0104209834059               
6235           0.0145210590835               
6197           0.0152717401017               
10292          0.0208420382252               
1503           0.0119709714562               
5205           0.0124740512225               
10288          0.0222745755031               
10998          0.00755064787308              
10718          0.0203099003049               
5604           0.0198061028809               
4147           0.0247570554695               
4411           0.0369722951231               
7452           0.0406198006099               
214            0.0251187030258               
4503           0.0444326464991               
11384          0.0283023896012               
2626           0.0179073649474               
8502           0.0388710330565               
10294          0.0405961521885               
4500           0.0383594512147               
12127          0.0234346336728               
9096           0.0310819453198               
3019           0.0662196127073               
6853           0.0264349826872               
4430           0.0249966115357               
605            0.112527596949                
8741           0.0242954049267               
11989          0.0361489970239               
3523           0.0297896731796               
491            0.0558245880535               
6475           0.0353916361895               
8987           0.0232311428364               
9155           0.0454295633997               
9309           0.00580316380941              
7951           0.0431467377882               
7183           0.0170316458876               
3079           0.0306312906634               
8913           0.0260205240586               
2444           0.0208420382252               
11890          0.0126698228793               
7198           0.0156254994048               
6808           0.0492660577103               
10943          0.0220943422594               
10564          0.0160399580334               
2264           0.0412489599237               
8720           0.040326400649                
10543          0.0232311428364               
6395           0.0392218612086               
7922           0.0917355362775               
6873           0.0353916361895               
9830           0.079970982669                
159            0.0242954049267               
7721           0.029993164016                
9444           0.049514110939                
1834           0.0328533332931               
5977           0.0558245880535               
8069           0.0383594512147               
10595          0.022184029748                
4998           0.0555997332018               
3035           0.070783272379                
10577          0.0662196127073               
5928           0.0334269609913               
5818           0.0284760084027               
12056          0.168636829397                
8059           0.0200906945352               
5351           0.0343583969441               
6010           0.0662196127073               
8064           0.0139380024266               
665            0.0268684306481               
12095          0.0596610823641               
8874           0.0247570554695               
11968          0.106886922671                
1739           0.016424252849                
490            0.0525896058998               
11586          0.0234346336728               
3098           0.0156254994048               
2117           0.0509911768423               
1824           0.0388710330565               
11292          0.00897728157306              
69             0.0206103051931               
6329           0.0273554713328               
10157          0.0254947243942               
10232          0.108069763837                
5456           0.0181395719188               
6610           0.0262948029499               
2732           0.0662196127073               
7000           0.0427075273671               
5538           0.168791395424                
