472
4554           0.0525810991539               
4082           0.0734669728803               
2357           0.0502875117357               
2920           0.0216243178754               
4737           0.0769580173085               
5403           0.0395235470724               
6933           0.0109231532074               
11417          0.0493231831256               
10111          0.0407293781814               
1176           0.0407293781814               
2298           0.0271606030278               
3786           0.0180475845253               
11772          0.018265898742                
2805           0.0175606991452               
2657           0.0184904812016               
6714           0.0164909135237               
5998           0.0493231831256               
11014          0.0284048736165               
12066          0.0199015022618               
9272           0.0461514654171               
10587          0.0317126368126               
9046           0.0271606030278               
10975          0.0413305424387               
4428           0.0266324824827               
5834           0.0346811633992               
10110          0.0317126368126               
273            0.0289638555288               
6186           0.0353072909458               
6798           0.0145250269243               
11484          0.0395235470724               
3746           0.0140804517075               
3741           0.0651653805269               
6241           0.0292590761635               
11694          0.0493231831256               
12152          0.0227175942604               
6324           0.0493231831256               
2944           0.0417369246825               
3730           0.0217385157921               
5216           0.0255076548926               
12171          0.0461514654171               
4294           0.0207662070503               
11177          0.0174269793357               
6561           0.0439010958899               
840            0.0235417682931               
7555           0.0345910140494               
2880           0.00989667625741              
7362           0.0367334864402               
2739           0.0137836305779               
8354           0.0321355732373               
3418           0.0461514654171               
8554           0.0185667980836               
4592           0.0439010958899               
4568           0.0493231831256               
8955           0.0241437897548               
8306           0.0229827863808               
9633           0.0480195684001               
2945           0.0384790086543               
10830          0.0262905495769               
11411          0.0384790086543               
7163           0.0486036475671               
3450           0.0317126368126               
8296           0.021077072527                
8970           0.0157614143939               
2317           0.0413305424387               
1951           0.0112774364738               
1028           0.0493231831256               
2133           0.0183400454428               
9310           0.00954732208886              
5258           0.0335617687317               
8933           0.0407293781814               
7183           0.0140804517075               
10183          0.0139518611126               
2627           0.0236879859777               
10285          0.0243857956297               
6572           0.0461514654171               
11045          0.0204672247332               
2680           0.0302181228196               
3649           0.0495920711679               
7005           0.0264991597627               
3364           0.0829045025488               
6003           0.0321355732373               
1838           0.0868915665863               
4297           0.0488253555941               
7079           0.0685471997141               
358            0.0384790086543               
4134           0.129070578908                
8159           0.0493231831256               
10107          0.026933850387                
5388           0.0407293781814               
3030           0.0395235470724               
3012           0.027394125395                
3617           0.0493231831256               
10455          0.0380820584776               
2059           0.0221965785845               
5158           0.0493231831256               
11869          0.0376006409017               
2977           0.0421555736758               
7352           0.0454351885207               
6759           0.0212238257388               
8804           0.0920647188881               
3502           0.0313113992045               
4041           0.0273195804673               
11816          0.0493231831256               
9278           0.0166538785056               
10032          0.027394125395                
2353           0.0688167605723               
1722           0.0158693115303               
10108          0.0367334864402               
2532           0.0375576604729               
2070           0.020274068787                
6278           0.0241437897548               
12140          0.0493231831256               
2579           0.0184904812016               
11627          0.0407293781814               
5323           0.0353072909458               
188            0.309280533993                
2044           0.0439010958899               
2781           0.0247960355839               
8950           0.0232572853654               
6881           0.0325826902635               
11458          0.033446173369                
3439           0.0295658769904               
11299          0.0557663715675               
9019           0.028139681496                
2084           0.0177656650642               
10430          0.028139681496                
11991          0.0509285409151               
11788          0.0152934890983               
11029          0.0194428935177               
6491           0.0199929935781               
8258           0.0233982336538               
6197           0.0126254972896               
3122           0.0238369889279               
1503           0.0197933525148               
1509           0.0262905495769               
5361           0.0428016100041               
562            0.0163164285565               
10718          0.0335813194232               
8165           0.0733893494233               
8528           0.0417369246825               
3938           0.0335617687317               
3109           0.0233982336538               
3275           0.0258893119689               
3884           0.0211835016296               
7919           0.0128051891732               
10944          0.0152431839837               
7681           0.0375576604729               
1726           0.0267134860016               
4182           0.0212913987659               
10884          0.0461514654171               
1341           0.0194594401103               
2730           0.0209720720463               
8641           0.0235417682931               
3312           0.0517786239377               
4906           0.0160340001051               
3321           0.0139094630773               
5285           0.0395235470724               
10100          0.0232572853654               
2874           0.056809747233                
5091           0.0278831857837               
8141           0.0510153097851               
6242           0.0125185833014               
9913           0.0439010958899               
4820           0.026933850387                
12129          0.019197286641                
4885           0.0191229401272               
3414           0.0439010958899               
8859           0.00940608176037              
12148          0.0286793726011               
6408           0.0923029308342               
7432           0.0317126368126               
259            0.0461514654171               
9177           0.0367334864402               
7511           0.0375576604729               
1886           0.0167297845533               
1173           0.0878021917798               
4358           0.0216243178754               
8352           0.0187217025191               
9274           0.0493231831256               
1684           0.0573587452021               
12145          0.0238369889279               
5685           0.0421555736758               
2444           0.0172305903171               
6985           0.0317126368126               
10222          0.0461514654171               
3661           0.0124481105872               
10097          0.0482875795095               
11643          0.0407293781814               
5997           0.0493231831256               
2145           0.0298852037101               
11340          0.0439010958899               
5015           0.0207662070503               
11459          0.0302181228196               
3427           0.0322555575878               
2788           0.0375576604729               
3046           0.0547882507901               
7802           0.0272378840062               
6395           0.0108085369684               
10695          0.0493231831256               
3290           0.0211835016296               
402            0.0295658769904               
2738           0.0807170017348               
5987           0.0201792504337               
7207           0.0446718743681               
1750           0.0305658431035               
2675           0.0384790086543               
8136           0.0122404235641               
11967          0.0165575313117               
4532           0.0325826902635               
7465           0.0244631164744               
8949           0.0353072909458               
7624           0.0286883074031               
51             0.0367334864402               
4202           0.0439010958899               
10109          0.0218544055913               
3319           0.0208684623413               
2004           0.0292590761635               
4654           0.0296088574192               
2925           0.0185667980836               
5493           0.0395235470724               
6888           0.0395235470724               
4161           0.0395235470724               
665            0.0222127469473               
3555           0.217284824222                
1981           0.219190784904                
8276           0.0493231831256               
8900           0.0289638555288               
6421           0.0129179582072               
4666           0.0493231831256               
9433           0.0439010958899               
3091           0.0255076548926               
10927          0.0395235470724               
6139           0.0247960355839               
4463           0.0244631164744               
5094           0.0367334864402               
10943          0.018265898742                
7951           0.0178351981297               
6388           0.0244631164744               
9109           0.0225882951452               
189            0.194414590268                
938            0.0152431839837               
10326          0.0335617687317               
6063           0.0115854454895               
2123           0.0330569214186               
7519           0.0330569214186               
4809           0.0195921299758               
5683           0.00896689420101              
1656           0.0493231831256               
9895           0.0493231831256               
10081          0.0192057178136               
7584           0.112558725984                
4955           0.0421555736758               
5787           0.00729363502614              
6880           0.0289638555288               
8974           0.0439010958899               
3348           0.0392843869922               
9199           0.0330569214186               
23             0.0267134860016               
2638           0.0257615940098               
4529           0.0136189420031               
3620           0.0493231831256               
427            0.0493231831256               
833            0.0367334864402               
1434           0.0384790086543               
6192           0.0149479633489               
7453           0.00861526563901              
10202          0.0236879859777               
8692           0.026933850387                
1876           0.0423670032591               
2648           0.0201792504337               
5613           0.0330569214186               
3258           0.0422413551224               
8319           0.0174935535109               
1533           0.0158693115303               
4408           0.0130683939659               
8997           0.0120381083638               
8468           0.0395235470724               
6263           0.0224610985481               
9238           0.026087358455                
7154           0.00933507596239              
2592           0.0284048736165               
8803           0.0222127469473               
8689           0.0276348341829               
1841           0.0224610985481               
4633           0.0171023510785               
8294           0.0344611806343               
12138          0.0587206033694               
7682           0.0878021917798               
8189           0.0317126368126               
4283           0.105162198308                
6120           0.0923029308342               
3747           0.0461514654171               
7128           0.0407401011692               
2165           0.026087358455                
9943           0.0461514654171               
9409           0.0439010958899               
10692          0.00704358209826              
8166           0.0192057178136               
9677           0.0493231831256               
2440           0.0470835365862               
6599           0.0188003204509               
9539           0.0147101815651               
9069           0.0132606006471               
11786          0.0264991597627               
755            0.0421541450541               
10861          0.0375576604729               
5370           0.0252509945792               
3565           0.0241437897548               
3662           0.0305658431035               
3596           0.0246278050492               
941            0.0278831857837               
12218          0.0249901146502               
3567           0.0223359371841               
10137          0.0179053548185               
9794           0.0313113992045               
6040           0.0283347367226               
3644           0.0493231831256               
4393           0.027394125395                
2045           0.062622798409                
8615           0.0407293781814               
8918           0.0219720381594               
12179          0.0241437897548               
8042           0.0493231831256               
5984           0.0352568522684               
3289           0.0201792504337               
10480          0.0258893119689               
6042           0.0303055986258               
4099           0.106853944006                
9243           0.0227983772678               
438            0.0346811633992               
8218           0.0656763903178               
6772           0.0136189420031               
4121           0.0173609669746               
6145           0.035867576804                
8694           0.0187217025191               
873            0.0413508917337               
1322           0.0493231831256               
5476           0.0407293781814               
11266          0.0289638555288               
6915           0.0346811633992               
1574           0.021400805002                
27             0.0461514654171               
1682           0.0199929935781               
11209          0.0222127469473               
774            0.026087358455                
9237           0.0402535214443               
1810           0.0407293781814               
5477           0.0493231831256               
7838           0.0493231831256               
10923          0.0147101815651               
367            0.00885530288823              
8057           0.0253229249898               
10265          0.0167297845533               
7208           0.0201792504337               
8291           0.0321483370107               
5234           0.0493231831256               
5251           0.0286793726011               
8324           0.0634252736252               
8357           0.026933850387                
10106          0.0170390113124               
1114           0.0384790086543               
10812          0.0212913987659               
2763           0.0141237893162               
5178           0.0461514654171               
5227           0.0189599671832               
5847           0.0353072909458               
11920          0.0421555736758               
1116           0.0461514654171               
1997           0.0341014598367               
2170           0.0493231831256               
11835          0.013994490201                
5162           0.0324044612795               
6100           0.0341014598367               
7518           0.0108085369684               
9896           0.0591317539808               
3274           0.0167906597116               
5815           0.0493231831256               
9846           0.0317126368126               
11862          0.01002428787                 
10586          0.0327694596223               
6235           0.0360146763001               
1438           0.0246278050492               
9552           0.0461514654171               
4978           0.0493231831256               
6279           0.0231188318684               
10394          0.0247960355839               
7283           0.118570641217                
2262           0.0330569214186               
11891          0.0134178404814               
5205           0.0103125838215               
258            0.0986463662512               
4753           0.0130683939659               
3920           0.0493231831256               
7349           0.0206652712194               
5001           0.0439010958899               
3532           0.0421541450541               
881            0.0253235894975               
11064          0.0253951876436               
7786           0.0375576604729               
5479           0.287866623832                
6169           0.0200855676569               
11992          0.0172305903171               
6013           0.0284048736165               
6163           0.0454306019835               
9625           0.0137836305779               
3350           0.0255076548926               
9257           0.0232572853654               
4500           0.0317126368126               
2930           0.0359879303392               
8422           0.0377594730957               
9096           0.0770884680679               
1554           0.030188362067                
766            0.0493231831256               
10425          0.0142552616272               
4210           0.0493231831256               
1286           0.0493231831256               
3673           0.0493231831256               
928            0.176536454729                
3642           0.0138253502414               
3807           0.0375576604729               
5273           0.0244631164744               
6133           0.0164323183556               
11924          0.0421555736758               
8220           0.0493231831256               
3000           0.0493231831256               
4742           0.021077072527                
2493           0.0353072909458               
7198           0.0129179582072               
9554           0.0164909135237               
9416           0.0186438668683               
3142           0.0176967446328               
8683           0.0229827863808               
10605          0.0238369889279               
10101          0.0461514654171               
9572           0.0256961560226               
7922           0.0189599671832               
6711           0.026933850387                
3849           0.0243018237835               
2232           0.0262905495769               
9153           0.0228490665714               
1393           0.0145709063424               
9273           0.0493231831256               
7237           0.00912739617433              
1519           0.0493231831256               
980            0.0384790086543               
4981           0.0407293781814               
10595          0.0183400454428               
5350           0.0243018237835               
3708           0.0346811633992               
2963           0.0264991597627               
8059           0.0332188745632               
5353           0.026933850387                
57             0.056809747233                
366            0.0167906597116               
1899           0.0246278050492               
210            0.0130305129313               
3650           0.0384790086543               
3098           0.0129179582072               
1909           0.0138253502414               
4267           0.0195458765519               
11573          0.0258893119689               
2683           0.0159238233771               
3702           0.0138672936039               
11499          0.0493231831256               
8469           0.0493231831256               
11292          0.0074217242707               
3764           0.0384790086543               
7852           0.0353072909458               
9622           0.0278831857837               
11604          0.026087358455                
9121           0.0194594401103               
3706           0.0359522928362               
