88
1522           0.0391765275123               
9790           0.0863378291668               
3347           0.118223784188                
5222           0.072083943646                
6933           0.0279812676754               
4802           0.0381680994838               
3740           0.0984210575281               
11835          0.0716979005714               
4006           0.0325267589692               
8143           0.11380245362                 
21             0.0985696548052               
2657           0.0473660942151               
11836          0.113181099216                
11862          0.0256786915663               
10586          0.0279812676754               
6197           0.0323420730706               
3857           0.0531957015565               
7453           0.0220692733465               
1592           0.675415389059                
10975          0.0529371395415               
10718          0.0430117508119               
5604           0.0419448224204               
9584           0.172047003248                
7439           0.0456874899982               
5090           0.0904448321915               
6610           0.0556864137759               
2399           0.102430002458                
159            0.0514521433828               
2852           0.0758474544189               
9310           0.0244568733844               
2548           0.0333874499345               
2229           0.0802087662597               
10075          0.0449843203714               
8033           0.0734664419948               
1818           0.0658244928222               
8170           0.126348606802                
4430           0.0529371395415               
6853           0.111966565171                
605            0.119153931993                
8554           0.0475615911622               
9145           0.187997640585                
10294          0.0859734196443               
7014           0.158801735629                
9972           0.0332830101585               
12039          0.0639591210324               
9155           0.0962094855761               
1431           0.0888409141518               
8919           0.0443049916494               
11664          0.0416501365485               
8602           0.0433273207691               
2246           0.0312683370425               
69             0.0436479400594               
9520           0.0531957015565               
11890          0.0268318040136               
12056          0.142853784112                
441            0.0760910816512               
10383          0.0562846157549               
6040           0.036291803186                
4391           0.0678815053138               
6395           0.0276876612777               
7452           0.0860235016238               
7804           0.0581944676477               
9830           0.0846801788068               
8836           0.0537230551006               
4425           0.106391403113                
8441           0.0379237272095               
1834           0.0695758897742               
11041          0.0275424557282               
11967          0.0424145580383               
9243           0.0292007026168               
3755           0.0962094855761               
6628           0.223933130342                
1824           0.0823200095778               
8066           0.0869739783377               
6913           0.0333795803606               
490            0.167059241328                
3727           0.0962094855761               
9946           0.0741951869641               
10232          0.0572167967674               
6273           0.056590549608                
9278           0.0116349178862               
2661           0.0481597931412               
11292          0.0190118411312               
10265          0.0428558101172               
7624           0.0367446649039               
8010           0.0578632488977               
5538           0.0595769659965               
1515           0.0307523013627               
