190
7454           0.0811795176965               
7004           0.0264475138654               
3995           0.0817974431823               
7303           0.205158291576                
6933           0.0178926485848               
5787           0.011947323813                
3504           0.0964807554666               
3872           0.0701110889982               
7364           0.1057118978                  
2522           0.0288762070743               
6216           0.0398075523314               
7352           0.0372125084281               
9594           0.0589499550748               
7822           0.0647414647732               
2579           0.0605765891993               
5092           0.0989974675326               
1690           0.0380965483297               
7973           0.0630304607715               
3628           0.0500683162603               
8798           0.0807937384005               
4952           0.0623978021212               
5899           0.153309713531                
1561           0.0921882944851               
9301           0.0383274283828               
10385          0.0234233998168               
8017           0.0398075523314               
5290           0.0315969305041               
8112           0.051289572894                
190            0.151196625498                
2944           0.0683670834029               
3730           0.0356087309624               
8995           0.048430323831                
1102           0.0591256172248               
10410          0.0755983127491               
6145           0.0146882025537               
2251           0.0667166739346               
3245           0.161587476801                
3267           0.0293298295346               
771            0.0427323437177               
10784          0.0284380961495               
9379           0.0437579706542               
1431           0.170428224551                
9633           0.019664588747                
11806          0.0336874734439               
7171           0.0199945682598               
2433           0.0601712117085               
2246           0.0199945682598               
4804           0.0479277693692               
8296           0.034525255186                
9505           0.030667046202                
9088           0.0568094081837               
3042           0.357985640088                
10137          0.0293298295346               
3652           0.0630304607715               
9310           0.0729818658724               
10490          0.048430323831                
3651           0.0285462275615               
12167          0.0558598259587               
4393           0.0448728906089               
7386           0.0390461305547               
11233          0.0589499550748               
9511           0.0615212482832               
9515           0.0755983127491               
10183          0.0457076346457               
3635           0.048430323831                
8836           0.034353259365                
11077          0.036385544328                
7547           0.0271096129799               
2112           0.04567399497                 
9811           0.0474441838172               
4967           0.0615212482832               
8218           0.0153687251024               
5020           0.0338507049032               
1164           0.135469485854                
10906          0.0465285446486               
8842           0.0252178796595               
6739           0.0630304607715               
9517           0.104335944174                
6385           0.089675377215                
680            0.0448728906089               
10614          0.0317354561373               
9512           0.120342423417                
9740           0.0506644003073               
3502           0.051289572894                
4041           0.0447507824437               
8743           0.0546104853543               
9278           0.00867995269945              
7453           0.0141122181129               
5177           0.037427866376                
11394          0.0506644003073               
6369           0.037427866376                
1716           0.030795826143                
960            0.016936313529                
7520           0.0241729407431               
1140           0.0589499550748               
10613          0.0305395476747               
1353           0.0287652670196               
9313           0.0191328320997               
11956          0.0801435149822               
10339          0.0558598259587               
11238          0.0973130310045               
5840           0.113618816367                
2561           0.0249690660887               
6646           0.0376469058341               
6287           0.0388020565794               
10279          0.0246446564505               
9538           0.0327494818993               
10288          0.0301644917402               
10546          0.0437579706542               
3957           0.0398075523314               
4029           0.0140420069987               
6974           0.0336874734439               
1966           0.0474441838172               
6138           0.0320170827766               
1875           0.0206811697979               
5232           0.0336874734439               
2203           0.0519468193304               
9262           0.100205873112                
4911           0.0267270921479               
3321           0.0227843673085               
8288           0.0370007102791               
7166           0.118723624753                
10314          0.0469781871442               
12035          0.0693991823159               
7065           0.069052850523                
5091           0.04567399497                 
7175           0.252121843086                
6242           0.02050603956                 
4982           0.0171576229383               
8190           0.019664588747                
850            0.0437579706542               
12129          0.0628921515841               
5650           0.0365873358413               
236            0.0234964113892               
8859           0.0462228384887               
2094           0.258391083096                
3946           0.0348763318397               
8987           0.0314598864569               
3658           0.0414812535519               
9309           0.00785871258337              
4267           0.0640341655533               
5101           0.0479277693692               
9890           0.033526295265                
9082           0.0403415252714               
319            0.0348763318397               
6797           0.0568094081837               
3661           0.0203906018759               
9744           0.0444838321908               
9644           0.0420915353801               
9087           0.0378697548645               
10564          0.0217214995429               
10568          0.048430323831                
6395           0.0177049016908               
1681           0.17935075443                 
2750           0.0313242926384               
4648           0.0549757860571               
1686           0.0390461305547               
3746           0.0230644548816               
2038           0.051289572894                
2159           0.0667166739346               
4734           0.0979067926112               
5198           0.102579145788                
3073           0.0823733548917               
2108           0.0301644917402               
529            0.0667166739346               
3259           0.0225782476424               
2828           0.0460941472426               
4654           0.0242503639169               
7359           0.0411866774458               
6904           0.0294457895683               
3981           0.0823733548917               
10498          0.146349343365                
3060           0.0578350351201               
3332           0.0500683162603               
2548           0.0106748185205               
4043           0.101328800615                
663            0.0292149095152               
6339           0.143824199172                
7158           0.0526396094687               
11952          0.034353259365                
2160           0.0286552792518               
2372           0.106826192887                
10232          0.0365873358413               
1644           0.0542192259598               
9770           0.0519468193304               
3391           0.0293298295346               
6981           0.036385544328                
3528           0.0327494818993               
4595           0.089675377215                
9543           0.103893638661                
