40
7476           0.0764328241846               
8163           0.298680064831                
7171           0.0820652686994               
12145          0.160260084339                
4852           0.0873528761082               
1936           0.258700844762                
11029          0.0653589210527               
12218          0.0336025484897               
10149          0.157310258862                
8973           0.283419009553                
85             0.111668039434                
1532           0.167863818474                
3121           0.166707916255                
1901           0.176755785107                
8869           0.23316729257                 
7453           0.0579218793989               
4768           0.142420243095                
8836           0.140998766458                
8331           0.107427606088                
11077          0.149340032416                
7724           0.189187809898                
6974           0.138266129284                
2548           0.0438134916855               
3535           0.182605300741                
3306           0.185793636531                
1287           0.120380710921                
5611           0.187463346099                
1392           0.169045698187                
8064           0.0774701642034               
9262           0.102820698544                
8199           0.23316729257                 
9257           0.156362639822                
6306           0.237376853338                
11230          0.0756174367836               
11179          0.136305973189                
9278           0.0101788022959               
11292          0.0997950002129               
1451           0.158275266375                
8987           0.12912326997                 
1196           0.159258312453                
