122
7520           0.0405417171748               
8897           0.068593408687                
8677           0.103180538712                
2660           0.207229064034                
11978          0.108581334071                
7454           0.0510564231998               
188            0.0606909324961               
8594           0.0534600794709               
6235           0.0659610432848               
5217           0.0773069317789               
2021           0.142762432505                
7918           0.139913781138                
11292          0.0407787651725               
2561           0.0418769410907               
1529           0.0849719448667               
4340           0.0988680869038               
2108           0.0505904641826               
6920           0.0922027978918               
4574           0.0527630391619               
11914          0.17115031156                 
10285          0.0133988086495               
11029          0.0801219325972               
7171           0.100601843198                
6197           0.0346854834793               
1517           0.0803821964085               
11598          0.0674432723869               
8692           0.0739942040461               
10718          0.0461282543313               
5604           0.0899680389644               
807            0.135503451009                
10105          0.0529928829803               
4887           0.0478763877554               
4480           0.0773069317789               
3532           0.0579041311529               
2548           0.0179033026205               
7237           0.0250753013486               
1287           0.0491906080611               
6138           0.053697542574                
4428           0.048777512678                
4014           0.0499793274876               
478            0.0373030936264               
7800           0.0587935074013               
4854           0.070593939768                
10537          0.0882846725994               
10410          0.126789927917                
10314          0.0787896018455               
10749          0.0803821964085               
580            0.126789927917                
7921           0.100916320984                
4686           0.0516493084942               
9058           0.089513017897                
1              0.150399317122                
2444           0.0473368566857               
11591          0.0272583716274               
6498           0.276608393675                
8422           0.051867484908                
7949           0.0600396647116               
9406           0.053697542574                
7285           0.0367534423812               
10076          0.135503451009                
973            0.0766022721851               
12223          0.13047733376                 
9309           0.0131802624389               
6048           0.0627722538684               
8390           0.103180538712                
2414           0.0700760787537               
10045          0.108581334071                
9345           0.190556125043                
6431           0.0795711495076               
11062          0.0505904641826               
4804           0.0803821964085               
2323           0.070593939768                
11731          0.0711245887577               
3508           0.0988680869038               
509            0.0587935074013               
4921           0.0264369904188               
9744           0.111909280879                
7917           0.150399317122                
2133           0.100769629683                
1142           0.204363233274                
9310           0.00874298189313              
2278           0.0584929403735               
8              0.200290053063                
9546           0.0261700280768               
5905           0.0922027978918               
9486           0.103180538712                
367            0.12163895607                 
11996          0.201832641967                
3965           0.0722268915112               
8457           0.100916320984                
3545           0.0613625556618               
5162           0.0445116885531               
12111          0.070593939768                
1260           0.120607584896                
11204          0.0600396647116               
2438           0.0711245887577               
5407           0.0293834937755               
330            0.0453047745736               
6772           0.0374147312394               
4668           0.0830169438709               
3089           0.135503451009                
10612          0.089513017897                
11927          0.0486175023064               
10866          0.0359022343919               
960            0.0568095740085               
4849           0.0642809568785               
289            0.0617064060722               
1048           0.0627722538684               
11906          0.0495813495923               
5957           0.0650769809251               
11733          0.0773069317789               
421            0.0969981956913               
697            0.0313164986668               
6329           0.0621302970494               
8795           0.0488068444314               
9278           0.0124779494266               
5734           0.108581334071                
8057           0.0695685782692               
10948          0.0503848148413               
8010           0.0620558477905               
11394          0.0849719448667               
6063           0.031828194083                
