225
3384           0.0833924664377               
1186           0.107930723338                
2660           0.0401063924493               
7454           0.0691689782425               
4802           0.0237664667743               
6753           0.0258439122622               
5787           0.0232679151259               
4387           0.0193084343303               
4006           0.0405074471494               
2020           0.0398259893861               
2021           0.11604492797                 
5415           0.0259346574709               
10183          0.0222543847514               
85             0.0264934408956               
2638           0.0205459479663               
4529           0.0217233509421               
4574           0.0612694507494               
1306           0.0535338266533               
2350           0.0585929815315               
7453           0.0137420688694               
10865          0.0881199226635               
6383           0.0273815365892               
7439           0.0568972638265               
4952           0.0405074471494               
783            0.0429617428465               
1612           0.0466308537993               
8997           0.0192017891409               
6798           0.0231686321337               
3328           0.044476012162                
11918          0.0204869530044               
9203           0.0354311882093               
10385          0.0228090276713               
2548           0.0103948288005               
8379           0.0294938631898               
5827           0.0371607576925               
4428           0.0424810358469               
8911           0.0125341611409               
10537          0.15377677686                 
6145           0.028605891639                
10139          0.0373221386045               
2880           0.0157860259227               
2065           0.0268803683706               
6701           0.0398259893861               
6498           0.107067653307                
12082          0.0665738837801               
9406           0.0623546139943               
7285           0.0213394003039               
4177           0.0422683749637               
9069           0.0211517665245               
7508           0.0543946790802               
7171           0.05841039272                 
6617           0.0649667628871               
4902           0.0873232825433               
4784           0.0352377360987               
7949           0.0348596037917               
10186          0.0487550748383               
9505           0.0597253610396               
8956           0.0457602484474               
1951           0.0179884538896               
4677           0.0252265292419               
8173           0.0230958773433               
2133           0.0292539055793               
1142           0.0791034990588               
178            0.118655248588                
8496           0.0535338266533               
9310           0.101525178802                
2278           0.0679231216838               
7233           0.0360302189782               
6040           0.022598136828                
5905           0.0535338266533               
9486           0.0599076080089               
8269           0.0476693981091               
7087           0.0873232825433               
70             0.0819750337457               
10285          0.101133194524                
10620          0.0764621716352               
8337           0.0873232825433               
2151           0.0382642773853               
2146           0.0260260674855               
697            0.0181826587625               
2687           0.0731831806178               
8753           0.0321875912843               
11204          0.0348596037917               
2889           0.049335524202                
5407           0.102362025766                
682            0.0440798705983               
7079           0.0364461712015               
9891           0.0323388344838               
576            0.0419356242791               
5390           0.0786746001543               
2469           0.0527285529873               
6602           0.0543946790802               
8804           0.0244751537642               
289            0.0716546595461               
7555           0.0275877794864               
880            0.0535338266533               
1682           0.0318904960297               
722            0.0728923424031               
11049          0.0649667628871               
4041           0.0217885072844               
11179          0.0323388344838               
9278           0.0181120420656               
6761           0.0786746001543               
10948          0.0877617167378               
8291           0.0170930949685               
104            0.0305026880453               
4491           0.0440798705983               
119            0.0233154268997               
2019           0.0512589256199               
11344          0.0461997707417               
1938           0.0696933698565               
6913           0.0831390295361               
2763           0.0675858738244               
2663           0.0390207157201               
9444           0.0326469343646               
188            0.0352377360987               
222            0.0535338266533               
7571           0.032038159424                
614            0.0214660756172               
9313           0.0186309972166               
11838          0.0672416639205               
454            0.0318904960297               
3465           0.0433234322635               
11238          0.0710704562846               
7918           0.027078426675                
11458          0.093361524177                
10132          0.0263985551821               
1529           0.24667762101                 
4557           0.0512589256199               
11862          0.0159895771121               
9713           0.472047600926                
8524           0.020369793353                
6235           0.0191488064236               
10692          0.0449404089613               
10146          0.0401063924493               
5348           0.0286734562155               
660            0.127262061833                
11598          0.0195791046229               
5205           0.0164494332544               
10718          0.0267825058203               
5127           0.027178647384                
4753           0.0208451808009               
3275           0.0825912335071               
4029           0.013673699322                
7919           0.0102126735772               
2246           0.0194701309067               
2279           0.0461997707417               
499            0.0512589256199               
5232           0.0328038850025               
2730           0.0334522080306               
3541           0.0527285529873               
4854           0.0819750337457               
9361           0.0700259177653               
80             0.027078426675                
10762          0.0348596037917               
3641           0.0736154452761               
8422           0.0602295160124               
5292           0.0240764805152               
8279           0.0267825058203               
12129          0.0459319154245               
11591          0.0474794141257               
6620           0.0231686321337               
446            0.0356276869348               
12223          0.0757563883894               
11874          0.0873232825433               
3642           0.0220525893365               
1053           0.189601863585                
9309           0.0153051729618               
8381           0.0395517495294               
110            0.0276921935785               
8352           0.0597253610396               
6133           0.0262109214027               
3079           0.0807864842426               
2923           0.0334522080306               
470            0.049335524202                
12224          0.0266854048541               
10512          0.0519721146525               
509            0.0341360729341               
5752           0.0416115174543               
9744           0.0866341323036               
11197          0.0643751825685               
3142           0.0282277870119               
8683           0.0733189309513               
10866          0.0833807232034               
5927           0.187063841983                
6395           0.0172405199817               
11011          0.0364461712015               
367            0.0423748450421               
3884           0.0337894558899               
6829           0.0700259177653               
4203           0.0314577100603               
1291           0.0649667628871               
8057           0.020196091088                
1909           0.044105178673                
3589           0.0264934408956               
7346           0.0344925946512               
6849           0.0373221386045               
10109          0.0348596037917               
9781           0.0785668155274               
4654           0.0236143013373               
186            0.0457459966912               
8064           0.0183799341952               
2206           0.0529868817911               
7986           0.0599076080089               
2414           0.040686841813                
366            0.0267825058203               
8791           0.0630433614692               
1739           0.0433170661518               
10458          0.0461997707417               
11586          0.0618061342809               
3098           0.0412104463806               
11122          0.0398259893861               
10756          0.0422683749637               
9546           0.030389137393                
9237           0.0214025772044               
7547           0.0263985551821               
5277           0.0236143013373               
2750           0.0305026880453               
6138           0.0311773069971               
11292          0.118382706154                
10998          0.00995697997389              
10727          0.214135306613                
9588           0.0269790045458               
11155          0.0341360729341               
11604          0.0416115174543               
