32
10213          0.130825243079                
3384           0.10708027372                 
8163           0.272972955021                
10793          0.155601085117                
8842           0.0945952473317               
1936           0.236434708493                
7198           0.0793745418569               
9554           0.101328606639                
10538          0.116997821798                
4524           0.113150573931                
85             0.102056877224                
3070           0.146466650925                
2686           0.10587355915                 
3307           0.181667869107                
8331           0.0981814139531               
1244           0.259025404292                
10972          0.0773575351844               
7724           0.17290459459                 
6974           0.25273138943                 
5611           0.171328553755                
9262           0.0939710185701               
11077          0.13648647751                 
126            0.567156413538                
9257           0.14290465576                 
663            0.109588578766                
614            0.0826906800206               
11179          0.124574247395                
367            0.108823019627                
7014           0.0952276898651               
1451           0.144652664361                
10306          0.177968741355                
1515           0.0737641967252               
