110
6206           0.047612117906                
8897           0.0492374083687               
7697           0.0609941746498               
1186           0.0444787368117               
958            0.182023537754                
2763           0.027852442762                
9444           0.0403618457211               
11140          0.0492374083687               
2725           0.222193753782                
6933           0.0215407135209               
7440           0.0823061913313               
5337           0.0661845926516               
170            0.0560150749103               
4006           0.0500799038018               
3786           0.0355902586571               
2021           0.102477079409                
7918           0.133909697937                
11458          0.0164891589734               
2561           0.030059915219                
1529           0.426959222549                
2657           0.0364636612582               
6669           0.21591790632                 
4574           0.0378741245801               
11914          0.0409514458411               
11102          0.0633721017906               
7171           0.0240711857061               
660            0.0590009269534               
1503           0.0195164769753               
2659           0.0567508156481               
10882          0.0706195566999               
10998          0.0246198975418               
5127           0.0336013286998               
783            0.0531141827075               
8997           0.0237394311583               
3328           0.109972588613                
4029           0.0676199163215               
10385          0.0281991088547               
10140          0.0683920651087               
6138           0.0385449255653               
11872          0.054496539143                
7237           0.0179994386648               
8911           0.0309923052843               
478            0.0267767368536               
4854           0.0506734204823               
4797           0.0560150749103               
10537          0.190116305372                
10849          0.0333545075635               
2219           0.0724392941312               
291            0.144878588262                
10762          0.0430973988072               
2146           0.0321763786103               
8190           0.0236739279095               
4686           0.0741493430045               
11591          0.0391329604687               
3359           0.0865739875531               
7430           0.0488983619314               
9406           0.0770898511307               
4183           0.0683920651087               
12223          0.0234146614382               
10317          0.0758815047497               
9309           0.0756879678711               
11812          0.090645184214                
3570           0.212907120204                
2414           0.0503016918465               
90             0.0461418638429               
4784           0.0435648888835               
774            0.0514448808258               
10829          0.0724392941312               
12224          0.0329915263007               
509            0.0844057756789               
9744           0.107106947414                
792            0.0972664703564               
11197          0.0397939536694               
1142           0.0977967238627               
8496           0.0661845926516               
10866          0.128855892274                
9546           0.0751410016854               
5905           0.132369185303                
9203           0.0438040563396               
2750           0.0377108850472               
10183          0.0550267926493               
2627           0.0467132622004               
10285          0.0192357436599               
2812           0.115666904959                
7547           0.0979106705354               
2687           0.0301591180813               
11967          0.0163259194404               
5743           0.0779413589328               
3259           0.0543632835535               
793            0.431835812639                
7014           0.122249739843                
9891           0.0399809376789               
4359           0.0347636685095               
289            0.132881434509                
7359           0.0495840744614               
6913           0.0256964761689               
3012           0.0540218557852               
10295          0.0633721017906               
6759           0.0209269402972               
1909           0.0272639139287               
5737           0.0503016918465               
9278           0.00149281080909              
8057           0.049937400159                
29             0.0380391100236               
10948          0.108500995274                
7953           0.0447996270449               
104            0.0377108850472               
2353           0.030157391303                
119            0.0864755311728               
6395           0.0213146876177               
