329
9148           0.0407461308683               
3297           0.0250535532757               
9135           0.0304804396954               
6933           0.0112610396347               
7806           0.0264910164615               
1598           0.0396692816927               
7235           0.122238392605                
10183          0.0143834347082               
8336           0.0236937140251               
7352           0.023420318704                
6804           0.0363994530867               
9053           0.0653872106863               
5624           0.026106925318                
9116           0.100771716599                
4952           0.0392711073195               
2894           0.0452590906155               
6705           0.0331296244807               
8124           0.0419892620095               
1981           0.0188309186725               
310            0.0387194334035               
4316           0.0180346824489               
3730           0.0448219087081               
8911           0.00810106818971              
6037           0.0345999365494               
10419          0.122238392605                
6581           0.0407461308683               
2739           0.312620006384                
6042           0.0208286954507               
11230          0.0231904105563               
3870           0.0264910164615               
8554           0.229693508977                
9145           0.0252198352412               
4448           0.0363994530867               
670            0.0363994530867               
5049           0.0217290506324               
12039          0.0257402990207               
6770           0.083978524019                
2374           0.0475790709322               
2129           0.0501071065514               
9520           0.171268553111                
8974           0.0452590906155               
9534           0.0445022294892               
2323           0.0264910164615               
11731          0.02669014731                 
9583           0.329782009961                
2133           0.0189073589568               
9310           0.0196852997309               
481            0.0138739354302               
613            0.0290101276267               
2506           0.0245743396609               
10285          0.0150840735762               
12109          0.0148805572568               
11824          0.0331296244807               
7237           0.0282292030868               
726            0.015165212324                
8441           0.01526237482                 
11041          0.0110844401043               
77             0.0163043885651               
6772           0.0280804347915               
6058           0.0175660798747               
2713           0.0914413190863               
5738           0.0218387719115               
2805           0.0181039051024               
90             0.0241220123487               
6628           0.022530428978                
6399           0.056438708461                
2657           0.0190624481522               
8721           0.0492491873308               
10455          0.0196300263185               
5615           0.0703126438912               
10611          0.0603282971674               
220            0.0488414551906               
5561           0.0980808160294               
9278           0.00624328499494              
2079           0.0633010151617               
2683           0.0328327915539               
1161           0.061619288328                
4753           0.0134726392294               
1716           0.038763743348                
960            0.010659154066                
2258           0.0434147129732               
2763           0.0145606811752               
4025           0.0475790709322               
11882          0.0218387719115               
12058          0.0634851885683               
3461           0.0452590906155               
9640           0.016472988217                
5222           0.0290101276267               
3235           0.0298597958747               
8293           0.02581164249                 
11238          0.015311398616                
8143           0.137399129547                
6261           0.0212017785878               
3121           0.0255630525537               
11029          0.0100221607423               
6491           0.0206114378168               
9035           0.0452590906155               
11193          0.0295665130229               
5758           0.056438708461                
1709           0.0414137509882               
6806           0.0268943199777               
10418          0.0322799562327               
3109           0.0241220123487               
5119           0.0295665130229               
2995           0.0284896638472               
4244           0.0727989061735               
4182           0.0219500066352               
2182           0.0357539575064               
2389           0.0326936053431               
5830           0.0157147021322               
4906           0.115709864249                
3321           0.0143397251724               
9915           0.0407461308683               
942            0.0396692816927               
8009           0.0434595740782               
4319           0.0387194334035               
4986           0.0106315834764               
6995           0.0268943199777               
899            0.0639135331648               
4430           0.0852180442197               
605            0.0479534082002               
8859           0.0290911216292               
7191           0.0452590906155               
7345           0.0475790709322               
7014           0.0159774090627               
230            0.015611969665                
313            0.0207068754941               
7379           0.056438708461                
1886           0.0172472877892               
9466           0.0508488995382               
11664          0.0167620653897               
4358           0.0222932239477               
8258           0.0241220123487               
6217           0.0326936053431               
6773           0.0345999365494               
10776          0.0264910164615               
69             0.0175660798747               
2641           0.0434595740782               
2327           0.0434595740782               
2318           0.0715079150128               
3427           0.0110844401043               
11262          0.0144715709911               
10996          0.0419892620095               
6395           0.0111428779659               
2063           0.0609608793908               
10467          0.056438708461                
6639           0.0135118820787               
1306           0.0345999365494               
2552           0.056438708461                
5383           0.0178305097812               
8136           0.0126190571791               
11967          0.0512091186893               
2101           0.0630226756175               
10988          0.0371011467315               
3664           0.0215139874977               
4093           0.0407461308683               
11421          0.056438708461                
3259           0.0142100002902               
3319           0.0215139874977               
2548           0.0134367535229               
6888           0.0407461308683               
8066           0.0350026106253               
10720          0.0345999365494               
10234          0.0434595740782               
6019           0.0170010277505               
6421           0.0133175500341               
7914           0.0298597958747               
6139           0.0255630525537               
5165           0.0273188595552               
10543          0.0593994276388               
5538           0.0239767041001               
10771          0.0434595740782               
10156          0.0238339678144               
10728          0.0156631723108               
4802           0.0307214445072               
5787           0.00751924939168              
5200           0.0253896181357               
5217           0.0290101276267               
3348           0.0708742524661               
7856           0.0304804396954               
9585           0.0419892620095               
12175          0.0292835229479               
2638           0.0132792393225               
1522           0.0788328166868               
5915           0.0311528614764               
5996           0.0775526473224               
1592           0.09060680112                 
10464          0.0257402990207               
9584           0.190410506019                
6906           0.0727989061735               
10717          0.0163601977125               
2399           0.0412228756336               
1035           0.0497812615454               
5928           0.0284896638472               
11778          0.116435099865                
7154           0.00962383831929              
7374           0.0271037964204               
8919           0.231796627156                
6145           0.0184885351473               
10849          0.0871852344405               
11730          0.0165873786401               
6264           0.0160309932439               
9195           0.105468965837                
2599           0.0371011467315               
7285           0.0137920627512               
2888           0.0207068754941               
9069           0.0136707914492               
7476           0.011720237079                
1565           0.0236937140251               
8971           0.0292835229479               
2246           0.0125839181709               
11079          0.056438708461                
3688           0.0231558887974               
5963           0.0262966844168               
12218          0.00515262701541              
812            0.0658500199057               
9794           0.0322799562327               
11708          0.056438708461                
4419           0.0396692816927               
6040           0.0438168247591               
2686           0.017763585002                
6546           0.0331296244807               
5291           0.0396692816927               
5372           0.0331296244807               
4425           0.128451414833                
2112           0.0287456977201               
4411           0.220579364661                
10692          0.00726146156447              
3426           0.0282415092027               
9243           0.0470072011522               
7939           0.0387194334035               
8892           0.13345073655                 
4106           0.0295665130229               
1438           0.0253896181357               
12238          0.0401227598276               
8191           0.0198860601914               
1702           0.0475790709322               
9139           0.0253896181357               
2194           0.0419892620095               
5447           0.0311528614764               
3973           0.0262966844168               
6130           0.0298597958747               
10466          0.0439000132705               
10923          0.015165212324                
3808           0.02265170028                 
11310          0.030809644164                
10657          0.0434595740782               
3731           0.0298597958747               
10924          0.0126897978924               
10106          0.0175660798747               
6394           0.055168251005                
10621          0.0304804396954               
1938           0.033783118904                
11918          0.0264822194996               
12278          0.0475790709322               
10622          0.0387194334035               
7525           0.0290101276267               
7397           0.0396692816927               
7518           0.0334286338978               
11862          0.0206687393043               
6341           0.0396692816927               
10586          0.0112610396347               
6235           0.0123762400088               
3857           0.0214085691389               
1517           0.0301641485837               
545            0.056438708461                
8905           0.051843057772                
5604           0.0506419844759               
3868           0.0137514360174               
490            0.0448219087081               
4863           0.0235558578543               
6556           0.056438708461                
7452           0.0173100460018               
11048          0.0525933688337               
4222           0.0218387719115               
8451           0.0174370468881               
10524          0.0322799562327               
969            0.0434595740782               
2209           0.0351563219456               
8190           0.0247524800177               
8874           0.0211003383872               
9207           0.0387194334035               
8406           0.0315113378087               
9309           0.0197840523072               
11616          0.0345999365494               
110            0.0178979946069               
262            0.0186801780292               
7377           0.027539815558                
9918           0.0236937140251               
2108           0.0189845307382               
1951           0.0232525639251               
9811           0.0298597958747               
323            0.0315113378087               
5162           0.0167034150249               
1762           0.02669014731                 
3142           0.0182441588917               
12056          0.0287456977201               
2241           0.025921528886                
3532           0.0217290506324               
11781          0.0304804396954               
10987          0.126045351235                
5090           0.0363994530867               
1706           0.0482440246974               
9154           0.0298597958747               
7802           0.056160869583                
8196           0.0407461308683               
1547           0.0452590906155               
2616           0.0387194334035               
6853           0.0675912869339               
8291           0.00552379717943              
12051          0.0164163957769               
6925           0.0387194334035               
1743           0.030809644164                
6913           0.0134335864189               
6157           0.0407461308683               
11968          0.0227748231237               
6478           0.0357539575064               
210            0.0268671728378               
768            0.0475790709322               
11724          0.0200613799138               
9387           0.0419892620095               
10155          0.0419892620095               
2750           0.0197144709604               
7214           0.0793385633855               
10998          0.0128707733729               
2652           0.0212017785878               
38             0.0378697651555               
9121           0.0200613799138               
4417           0.02265170028                 
