293
10036          0.0539080598005               
1186           0.0493029590795               
9790           0.0184185048636               
9033           0.047981958028                
6933           0.0119385238138               
5577           0.0676096830173               
9906           0.0420558562556               
8569           0.0653264143416               
4006           0.0138779090012               
7350           0.0401480776019               
5683           0.00980041915749              
7352           0.0248293267446               
6665           0.0539080598005               
303            0.0274810141812               
105            0.0427255588646               
510            0.0274810141812               
1086           0.0251191700147               
9119           0.0431974905934               
8315           0.0379049792004               
7439           0.0194930835036               
11105          0.0578012725462               
11705          0.0460741793743               
10105          0.0210824409521               
4887           0.019046918399                
9087           0.0252678617215               
59             0.184296717497                
2852           0.0161805864427               
9545           0.0539080598005               
1981           0.0199638202422               
4428           0.0582162531829               
11177          0.019046918399                
9456           0.0257301125461               
840            0.0257301125461               
6181           0.0207224063808               
3711           0.0342219758294               
12275          0.047981958028                
6753           0.0354166443802               
822            0.0326632071708               
6233           0.0299405686413               
8825           0.0420558562556               
10033          0.0289624107494               
8242           0.0504415124881               
9633           0.0131208166265               
12021          0.0504415124881               
10425          0.0155803710866               
1951           0.0369772193097               
5781           0.0609501800738               
8173           0.0158253608474               
1003           0.0203769227037               
10495          0.0285123301156               
1953           0.0310452717872               
178            0.0542019425498               
9310           0.0139130682568               
4849           0.0255732355274               
15             0.028295874057                
7183           0.0153893115684               
8441           0.0161805864427               
10285          0.0213220777052               
11706          0.0351227616309               
55             0.0431974905934               
7231           0.0222635652338               
439            0.0366815302895               
7079           0.0249730201714               
1093           0.0254191852761               
5591           0.0202092789473               
2059           0.0242598796322               
5484           0.353090587417                
6759           0.0347950556296               
4041           0.029859094329                
3173           0.0431974905934               
10050          0.0414448127617               
675            0.0361297544831               
3233           0.0393332177261               
2353           0.0167141508048               
1722           0.0173444563136               
4652           0.0539080598005               
6735           0.403532099905                
210            0.0142417748778               
3327           0.031978877428                
9628           0.0326632071708               
188            0.0241449970018               
454            0.0437029171719               
3543           0.0262187916998               
9623           0.100883024976                
110            0.0189747698051               
9006           0.0379049792004               
11788          0.0167151078383               
11029          0.0106251117631               
9530           0.047981958028                
9538           0.021851458586                
1503           0.0324498895876               
562            0.124831948271                
12271          0.0460741793743               
1309           0.0385893089432               
2511           0.047981958028                
7919           0.00699775298307              
8838           0.0201266738831               
262            0.237648129284                
11124          0.0252678617215               
4913           0.0334071159536               
12108          0.0199638202422               
6756           0.0862032271015               
4986           0.0338135953594               
6995           0.0285123301156               
8859           0.0102804317543               
6              0.0285123301156               
12223          0.116794108798                
10194          0.037271388821                
4184           0.0410488634034               
4972           0.0615108570342               
2808           0.0401480776019               
1970           0.047981958028                
6985           0.0346605108063               
3661           0.0136052348493               
10097          0.0263880954033               
5752           0.0285123301156               
7184           0.0240144668688               
8480           0.0291966598585               
9644           0.0280847631424               
11099          0.0771786178865               
10866          0.0428495315246               
3427           0.0117512997415               
4388           0.0346605108063               
9546           0.0104113616889               
7802           0.0148849018534               
938            0.0333202531415               
964            0.0304750900369               
12157          0.0204619936308               
9278           0.0115830612236               
1521           0.0265608196139               
6639           0.0429743428313               
10148          0.0245489882644               
5383           0.0189032249722               
5993           0.0460741793743               
7465           0.0267371053983               
8949           0.0385893089432               
485            0.0401480776019               
627            0.0228083072614               
10109          0.047771799339                
1551           0.0323141971757               
4125           0.037271388821                
177            0.0356114407846               
119            0.143782171451                
10458          0.0316562143186               
11755          0.0296853390121               
3161           0.0351227616309               
663            0.0194930835036               
6847           0.119668323146                
373            0.0262187916998               
3701           0.047981958028                
330            0.0180238398268               
1824           0.0351227616309               
9023           0.0287344090338               
10115          0.0302036527107               
6975           0.037271388821                
3384           0.0380938367979               
5093           0.0208110036259               
4809           0.0107066661905               
3624           0.0467802685358               
7007           0.0802961552037               
7697           0.0338048415086               
5787           0.0239148624381               
2021           0.0567959390806               
5443           0.237592372397                
11859          0.037271388821                
2638           0.028156283971                
4529           0.133964116681                
9208           0.0431974905934               
8371           0.0431974905934               
6383           0.0187619067524               
1053           0.0649578681072               
7324           0.0351227616309               
8997           0.0131571205352               
10703          0.0366815302895               
2548           0.00712256626018              
507            0.0740640255746               
8803           0.0242775509382               
8790           0.0187619067524               
302            0.0460741793743               
8918           0.0240144668688               
11104          0.0338048415086               
10034          0.0296853390121               
1565           0.0251191700147               
3683           0.0356114407846               
2181           0.0237592372397               
12218          0.0109252364475               
8586           0.0420558562556               
8354           0.0351227616309               
283            0.0460741793743               
2160           0.0191196810308               
3704           0.0545777624095               
6052           0.014752347917                
11458          0.00913879741643              
2267           0.0186921140576               
4900           0.0539080598005               
6042           0.0331226802384               
7920           0.0504415124881               
9243           0.0124588095012               
8549           0.0539080598005               
1438           0.0269171027338               
9231           0.0460741793743               
873            0.0451946975666               
960            0.022600855477                
614            0.014708616069                
5164           0.0285123301156               
4832           0.0420558562556               
10610          0.0246880085249               
7286           0.0504415124881               
367            0.02903536435                 
8291           0.0117122372904               
5054           0.0420558562556               
10106          0.074491545968                
7520           0.0161289273269               
741            0.0460741793743               
10812          0.023270558086                
3337           0.0460726179539               
1881           0.0246880085249               
2839           0.0366815302895               
5227           0.0207224063808               
11918          0.0140377184698               
7571           0.0219526379637               
7518           0.0118132533288               
6019           0.0180238398268               
7728           0.0393332177261               
10586          0.0119385238138               
8495           0.047981958028                
8524           0.0139574403435               
933            0.0539080598005               
10435          0.0460741793743               
660            0.0545002042127               
4078           0.0534742107967               
5205           0.0225423969063               
10288          0.0201266738831               
11598          0.0134156581766               
6783           0.0539080598005               
11032          0.0460741793743               
4180           0.037271388821                
490            0.0237592372397               
4753           0.0428495315246               
7349           0.0225862283432               
10394          0.0271009712749               
4029           0.0281077730029               
8463           0.0267371053983               
4976           0.0236344239626               
7911           0.0276775643923               
6169           0.0219526379637               
11992          0.0188322738792               
4743           0.0265608196139               
10762          0.047771799339                
9300           0.0460741793743               
11891          0.0439953203279               
6554           0.0226965467466               
8188           0.0194930835036               
10756          0.0289624107494               
141            0.0356114407846               
335            0.0285123301156               
1861           0.0539080598005               
6788           0.0361297544831               
506            0.32251925562                 
12224          0.0914245765376               
9330           0.0862032271015               
2721           0.0291966598585               
9744           0.0148404884671               
3865           0.0420558562556               
9395           0.0310452717872               
6996           0.0579248214988               
6524           0.0393332177261               
5927           0.0640883382969               
9691           0.0598341615729               
2811           0.0242775509382               
11715          0.0280847631424               
11771          0.0304750900369               
2817           0.0304750900369               
1393           0.0477760704405               
1271           0.0410488634034               
8279           0.0183514491658               
8044           0.0445154107157               
2507           0.047981958028                
5818           0.0257301125461               
621            0.0313452870485               
8064           0.0125939831887               
3328           0.0304750900369               
22             0.047981958028                
7233           0.0246880085249               
11115          0.0280847631424               
8930           0.019341759949                
4921           0.0105175687396               
1909           0.0151104969377               
5999           0.0296809769343               
9237           0.0293302135519               
11292          0.0324464667894               
10998          0.0136451019977               
9588           0.0184860906514               
