303
10036          0.0554989699198               
1186           0.0507579655629               
9790           0.0189620633941               
9033           0.0493979797297               
6933           0.0122908480936               
1326           0.019031643743                
5577           0.0696049492034               
9906           0.0432969895396               
8569           0.067254297742                
4006           0.0142874675338               
3786           0.0203073339396               
7350           0.0413329093908               
7352           0.025562078532                
6665           0.0554989699198               
303            0.028292021361                
105            0.0439864561071               
510            0.028292021361                
1086           0.0258604755248               
9119           0.0444723152703               
8315           0.0390236136905               
7439           0.0200683545098               
11105          0.0595070773878               
11705          0.0474338995809               
10105          0.0217046163518               
9087           0.0260135553535               
59             0.189735598324                
2852           0.0166581005436               
9545           0.0554989699198               
1981           0.0205529834168               
9887           0.06159996011                 
4428           0.059934304744                
4120           0.06159996011                 
11177          0.0196090223837               
9456           0.026489447914                
840            0.026489447914                
6181           0.0213339566041               
8354           0.0361592885826               
12275          0.0493979797297               
6753           0.0364618442659               
822            0.033627148871                
6233           0.0308241610727               
8825           0.0432969895396               
10033          0.0298171362304               
8242           0.0519301194413               
9633           0.0135080321936               
12021          0.0519301194413               
10425          0.0160401719052               
1951           0.0380684741722               
5781           0.0627489140407               
8173           0.0162923916923               
10495          0.0293537730218               
1953           0.0319614657149               
178            0.0837022884046               
9310           0.0143236643933               
4849           0.0526558824244               
3568           0.033627148871                
15             0.0291309290105               
8859           0.0105838231761               
10285          0.0274391564445               
11706          0.0361592885826               
7231           0.0229205974355               
8441           0.0166581005436               
7079           0.0257100125738               
1093           0.0261693446999               
5591           0.0208056859874               
2059           0.0124879130778               
5484           0.363510836089                
6759           0.035821911471                
4041           0.0307402823276               
10050          0.0426679132083               
675            0.0371959993495               
3233           0.0404940017413               
2353           0.0172074112143               
1722           0.0178563180123               
6206           0.0271668488617               
6735           0.311580716648                
210            0.0146620716544               
3327           0.0329226235003               
9444           0.0230299388204               
188            0.0248575531614               
454            0.0449926577679               
3543           0.0269925487444               
9623           0.103860238883                
110            0.0195347445734               
11788          0.0172083964913               
11029          0.0109386752244               
9530           0.0493979797297               
9538           0.0224963288839               
1503           0.0334075359563               
7456           0.0404940017413               
562            0.110156513056                
10441          0.0223933818824               
12271          0.0474338995809               
1309           0.0397281390611               
7919           0.0072042674834               
8838           0.0207206431201               
262            0.183496119515                
11124          0.0260135553535               
4913           0.0343930115511               
2089           0.0469628312837               
12108          0.0205529834168               
6756           0.059164811664                
4986           0.0348114867922               
6995           0.0293537730218               
7183           0.0158434739255               
6              0.0293537730218               
12223          0.133600981518                
10194          0.0383713250802               
4184           0.0422602787727               
4972           0.0633261374443               
1970           0.0493979797297               
6985           0.0356833960221               
3661           0.0140067463464               
5752           0.0293537730218               
7184           0.0247231708825               
8480           0.0300582983925               
9644           0.0289135878867               
11099          0.0794562781222               
10866          0.0441140873918               
3427           0.0120980987497               
4388           0.0356833960221               
10775          0.06159996011                 
9546           0.0107186170553               
7802           0.0153241783006               
938            0.0343035852832               
964            0.0313744570204               
12157          0.0210658586716               
9278           0.0127766734856               
1521           0.0273446704306               
6639           0.044242582073                
10148          0.0252734668302               
5993           0.0474338995809               
11967          0.0093153551128               
7465           0.0275261586809               
8586           0.0432969895396               
485            0.0413329093908               
627            0.0234814156419               
10109          0.0491816189332               
1551           0.0332678390518               
4125           0.0383713250802               
177            0.036662389413                
119            0.131578138168                
10458          0.0325904381041               
11755          0.0305613992229               
3161           0.0361592885826               
663            0.0200683545098               
373            0.0269925487444               
12213          0.06159996011                 
3701           0.0493979797297               
9770           0.0356833960221               
330            0.0185557511824               
9023           0.029582405832                
10115          0.0310950091594               
7286           0.0519301194413               
6975           0.0383713250802               
3384           0.0392180447674               
5093           0.0214251684908               
4809           0.0110226364489               
3624           0.0240804132621               
7007           0.0826658187815               
5787           0.0246206269712               
2021           0.08186090497                 
5443           0.293524908393                
11859          0.0383713250802               
6042           0.0227334544658               
2638           0.0144936097027               
4529           0.122593426405                
9208           0.0444723152703               
9628           0.033627148871                
8371           0.0444723152703               
6383           0.0193155996032               
1053           0.0891665001852               
7324           0.0361592885826               
8997           0.0135454074867               
10703          0.0377640589123               
2548           0.00733276419312              
507            0.0762497693799               
8803           0.0249940189692               
8790           0.0193155996032               
302            0.0474338995809               
6498           0.0377640589123               
8918           0.0247231708825               
11104          0.0348024746017               
6422           0.0221910311709               
10034          0.0305613992229               
1565           0.0258604755248               
3683           0.036662389413                
2181           0.0244604090328               
12218          0.0112476570519               
4921           0.0216559168804               
8495           0.0493979797297               
11148          0.0263279412122               
7591           0.0519301194413               
283            0.0474338995809               
2160           0.0196839323532               
3704           0.0561884364874               
106            0.0356833960221               
6052           0.0303754249856               
11458          0.0188169948907               
10315          0.12319992022                 
2267           0.0192437472181               
4900           0.0554989699198               
3711           0.0352319192007               
7920           0.0519301194413               
9243           0.0256529764307               
8549           0.0554989699198               
1438           0.0277114680157               
9231           0.0474338995809               
873            0.0465284629065               
960            0.0232678416349               
614            0.0151426900504               
5164           0.0293537730218               
4832           0.0432969895396               
6008           0.0269925487444               
2660           0.028292021361                
10610          0.0254165897933               
11965          0.0320803438104               
367            0.0298922428044               
8291           0.0120578835054               
5054           0.0432969895396               
10106          0.0766899065605               
7520           0.0166049168876               
741            0.0474338995809               
7697           0.0696049492034               
3337           0.0237161460403               
1881           0.0254165897933               
2839           0.0377640589123               
5227           0.0213339566041               
11918          0.0289039864533               
7571           0.0226004942215               
7518           0.0121618806831               
6019           0.0185557511824               
7728           0.0404940017413               
10586          0.0122908480936               
8524           0.0143693459688               
933            0.0554989699198               
10435          0.0474338995809               
660            0.0448868715427               
4078           0.0550523173618               
5205           0.0232076578614               
10288          0.0207206431201               
11598          0.0138115749733               
6783           0.0554989699198               
11032          0.0474338995809               
4180           0.0383713250802               
490            0.0244604090328               
4753           0.0294093915945               
7349           0.0232527828317               
10394          0.0279007628015               
4029           0.0289372768038               
8463           0.0275261586809               
4976           0.0243319123231               
7911           0.0284943720725               
11992          0.0193880433726               
4743           0.0273446704306               
4784           0.0248575531614               
10762          0.0245908094666               
9300           0.0474338995809               
11891          0.0452936901926               
7422           0.06159996011                 
8188           0.0200683545098               
10756          0.0298171362304               
3642           0.0155564310443               
141            0.036662389413                
335            0.0293537730218               
1861           0.0554989699198               
6788           0.0371959993495               
506            0.332037297066                
12224          0.0941226570196               
9330           0.0887472174959               
2721           0.0300582983925               
9744           0.0305569084134               
11197          0.0227059070777               
3865           0.0432969895396               
9395           0.0319614657149               
6996           0.0596342724607               
6524           0.0404940017413               
5927           0.0879729122142               
2811           0.0249940189692               
11715          0.0289135878867               
11771          0.0313744570204               
2817           0.0313744570204               
7359           0.028292021361                
1393           0.0491860160815               
1271           0.0422602787727               
8279           0.0188930287791               
1142           0.0279007628015               
8044           0.0458291292512               
2507           0.0493979797297               
5818           0.026489447914                
621            0.0322703348901               
8064           0.0129656510872               
3328           0.0313744570204               
22             0.0493979797297               
7233           0.0254165897933               
11115          0.0289135878867               
8930           0.0199125651634               
1909           0.0155564310443               
5999           0.0305569084134               
9237           0.0301957934618               
11292          0.0334040121461               
10998          0.0140477900359               
9588           0.019031643743                
