49
1886           0.10840825498                 
9309           0.0310882878117               
3348           0.127280534552                
5683           0.0581050730106               
7527           0.267951927321                
7454           0.0401422654123               
9955           0.1096009905                  
3642           0.0895876506588               
8293           0.0811198593863               
12256          0.10840825498                 
8970           0.204266519394                
201            0.113357443634                
11835          0.181367340051                
4006           0.0822798395447               
441            0.0962401755887               
2222           0.119817490441                
9067           0.195812083127                
9310           0.0206220732468               
2362           0.175973629707                
10893          0.113357443634                
2816           0.130153579266                
11029          0.125989079614                
12109          0.0935321115446               
2659           0.186479911145                
7237           0.0295725593063               
6214           0.121315794228                
2106           0.20042334439                 
8291           0.0347199641129               
8941           0.130153579266                
1533           0.102832428311                
4771           0.12955370338                 
4633           0.110822469385                
8842           0.0997594316549               
11220          0.173102193435                
8721           0.103185662638                
444            0.233200177562                
10755          0.354746901214                
4982           0.0678738552164               
11727          0.354746901214                
6775           0.106480687335                
6329           0.073273372418                
103            0.106103816299                
7704           0.134564092066                
9278           0.00490529032677              
9632           0.169044914962                
10998          0.0404497825587               
11965          0.0923734571933               
1515           0.0777911633973               
3391           0.116025897673                
