26
9309           0.102927276921                
2763           0.151504983935                
4333           0.215456598584                
7454           0.0664516182647               
2730           0.224966074424                
7237           0.04895449726                 
11445          0.360014944905                
12238          0.20874016847                 
4428           0.095228311618                
2021           0.111486007904                
3321           0.149205920089                
11458          0.0896937402122               
10246          0.260684108173                
11230          0.120648983949                
2278           0.456782943412                
8545           0.267829749356                
12129          0.102964032492                
660            0.106979659039                
1010           0.186229981466                
6554           0.22275777379                 
10285          0.104633947517                
12148          0.307641794133                
11598          0.131669464201                
10998          0.0669606830077               
2812           0.157294215873                
12223          0.127365414063                
