49
8897           0.139444047892                
9309           0.0267942530039               
1186           0.125967131733                
7171           0.13634282078                 
9345           0.193691478054                
7428           0.126153791989                
4852           0.145127624884                
3802           0.376330228005                
693            0.257752182304                
3661           0.139043371231                
9243           0.0636635417821               
9744           0.151667469914                
2021           0.11608912201                 
11458          0.0466985397846               
2561           0.170263886598                
6453           0.197188349498                
10866          0.0729859178573               
4529           0.0760606838863               
697            0.0636635417821               
5092           0.168765759256                
10285          0.0272385372121               
3545           0.124744393292                
11598          0.0685529636502               
1975           0.271447420253                
2812           0.081894346032                
9896           0.165123019327                
12035          0.118308134412                
10105          0.107729623789                
8997           0.0672318565304               
330            0.0921004113417               
2852           0.0826815307637               
5020           0.115413859702                
6772           0.0760606838863               
1466           0.271447420253                
5290           0.107729623789                
3669           0.161760778407                
8911           0.0438862710848               
4911           0.0911259269849               
1038           0.214902135044                
5420           0.179474563953                
8005           0.165123019327                
4921           0.0537439533719               
70             0.143510942324                
9313           0.0652333239728               
11591          0.0554137453063               
9278           0.00845550522878              
3994           0.14042583237                 
6048           0.127610179204                
2353           0.0427040014543               
