230
3655           0.052542141203                
4809           0.0296821778384               
9790           0.076592656456                
10878          0.0617052177543               
7454           0.0281556291773               
5923           0.0375661216416               
7303           0.0948738621789               
5232           0.0311570221035               
4802           0.0225733119889               
5787           0.0110498946364               
3759           0.0747248765141               
4207           0.0361131610173               
11090          0.0401463635458               
3265           0.0430335298512               
4911           0.024719473314                
2805           0.0266045496655               
9963           0.0392224409966               
1761           0.116591792657                
7352           0.0688345446594               
6981           0.0673048520996               
11272          0.0336524260498               
6200           0.0298784295702               
3772           0.0316158279469               
2430           0.0249838189382               
6287           0.0358874207803               
1086           0.0696380795166               
7973           0.174887688985                
4931           0.0500814062355               
4733           0.0638659112752               
4952           0.0384738400984               
4275           0.0277852633211               
10105          0.0292235113375               
3661           0.0754358066547               
5899           0.0708968890339               
7568           0.0493629435926               
8681           0.0751322432832               
10385          0.0433278789546               
2548           0.00987297421248              
5290           0.0584470226749               
7154           0.0282853763417               
2592           0.0860670597023               
2944           0.0316158279469               
8294           0.0261044330905               
12127          0.0293516315488               
9341           0.0582958963284               
10613          0.0282455543457               
4636           0.0463074097559               
8692           0.0816098441616               
471            0.0327609529748               
7128           0.030860731568                
1883           0.0699197078472               
8164           0.0665103864212               
6181           0.0574488959021               
1352           0.0320931140915               
5008           0.0598783774126               
11230          0.0340794113711               
7704           0.0314609106543               
8316           0.0516638873197               
10692          0.021342126325                
2233           0.0375661216416               
4763           0.0356659002349               
9379           0.0404710689018               
9015           0.0486855589946               
12039          0.0378265937557               
1692           0.0699197078472               
3060           0.0534907276615               
4982           0.0158688195487               
7171           0.0184926663098               
4097           0.0598783774126               
4186           0.19217923253                 
5424           0.0747248765141               
2626           0.0224287857572               
9534           0.0217993809986               
8296           0.0319318734529               
11731          0.0784448819932               
134            0.0829393666069               
9505           0.0283634757577               
4006           0.0192369200492               
5345           0.0617052177543               
3042           0.231766759347                
6922           0.0747248765141               
9310           0.0192856561944               
9303           0.07728845712                 
5317           0.051628379823                
2372           0.0658679268137               
12167          0.0516638873197               
11233          0.0545218998487               
10166          0.0829393666069               
8125           0.0598783774126               
4041           0.0206946525697               
10183          0.0211371414559               
12177          0.076185839326                
11077          0.0336524260498               
8441           0.0448575715144               
11041          0.0162891119679               
2535           0.0747248765141               
11851          0.0829393666069               
3507           0.0358874207803               
5020           0.0313079923505               
1610           0.0569000490875               
1164           0.0626468139877               
2522           0.0267071564027               
8700           0.0516638873197               
8842           0.0466472521462               
1570           0.0747248765141               
293            0.0569000490875               
680            0.041502241089                
10614          0.0293516315488               
7481           0.0699197078472               
8795           0.0269150740887               
9261           0.0253457097785               
8743           0.0505083915568               
9278           0.0126153558626               
2801           0.123410435509                
8057           0.0191821809028               
10948          0.0277852633211               
726            0.0222860008478               
8930           0.02681065928                 
1716           0.0284825823293               
9879           0.0418669161426               
4473           0.0747248765141               
6394           0.0202680922364               
9628           0.0452762375686               
10075          0.0266045496655               
11774          0.0747248765141               
2373           0.0480448081326               
3740           0.0388053421209               
11711          0.035234907134                
6538           0.0334686858713               
7518           0.0163749891852               
5840           0.315252847218                
9087           0.0700502987457               
2561           0.0461870045152               
4359           0.0267071564027               
9966           0.0443276511102               
4541           0.0747248765141               
7453           0.0261043436459               
8461           0.0569000490875               
1875           0.0191276934316               
6197           0.0191276934316               
5205           0.0156236176129               
10546          0.0404710689018               
5127           0.0258141899115               
11891          0.0406561948975               
751            0.224174629542                
3504           0.0297445184943               
3532           0.0319318734529               
3884           0.0320931140915               
6163           0.0229425320106               
7000           0.0534907276615               
3919           0.03864422856                 
1629           0.0534907276615               
2676           0.0356659002349               
4770           0.0545218998487               
7082           0.139839415694                
9262           0.0231697147654               
11689          0.0508462525154               
6759           0.0160771026624               
4399           0.0665103864212               
7166           0.0549028202841               
8995           0.0447924559434               
9173           0.0348190397583               
11806          0.0311570221035               
470            0.0468587186528               
9627           0.0199725406568               
12129          0.0581679763044               
3006           0.0430335298512               
4430           0.0313079923505               
236            0.021731466749                
2094           0.238981908238                
10972          0.0381469106635               
1725           0.0422431700972               
3946           0.0645131576178               
9495           0.0699197078472               
2007           0.103327774639                
1886           0.0253457097785               
110            0.0263019543982               
5101           0.0443276511102               
11084          0.0516638873197               
8956           0.021731466749                
6785           0.0398303180397               
9082           0.0373112515149               
2638           0.0390289476307               
2444           0.052208866181                
12201          0.0829393666069               
8240           0.0474369310894               
123            0.0665103864212               
7360           0.0699197078472               
7436           0.0331095370495               
4640           0.0463074097559               
12175          0.0430335298512               
10568          0.0895849118868               
7953           0.0344172723297               
938            0.0230935022576               
2852           0.0224287857572               
7922           0.0287244479511               
7364           0.130361727952                
8744           0.0370617474758               
4084           0.0700502987457               
2968           0.0665103864212               
9313           0.0884782994523               
9395           0.0430335298512               
1724           0.0486855589946               
10028          0.0598783774126               
11967          0.0125423726151               
10813          0.0220749981679               
8233           0.0434493972268               
664            0.0658679268137               
3259           0.0208822713292               
8675           0.0222152483743               
7359           0.038092919663                
10498          0.236873419252                
628            0.0263019543982               
3332           0.0463074097559               
10490          0.0447924559434               
3161           0.0486855589946               
6339           0.0665103864212               
8987           0.0290967614221               
6329           0.0171312196856               
10232          0.101517179679                
1644           0.0250732609033               
1102           0.0273421835244               
4841           0.0617052177543               
2065           0.0255308854853               
4015           0.139839415694                
2825           0.0278986709245               
10998          0.00945710683681              
5959           0.0617052177543               
9543           0.144134424398                
11604          0.0395224824433               
