63
9309           0.018152225224                
3060           0.133588621826                
7171           0.0461838885768               
7454           0.0234387769175               
4186           0.119987892947                
3612           0.318999551581                
7303           0.236939541671                
2094           0.298418671408                
8970           0.059634867771                
3740           0.0484565493875               
11090          0.100262187707                
4006           0.0960852001791               
5840           0.393658819272                
2239           0.118469770835                
10597          0.108511238273                
10568          0.111865415171                
7386           0.0901896014689               
6200           0.0746188807497               
4952           0.0480426000896               
7922           0.0717369081005               
6287           0.0896258340931               
2430           0.0623949997655               
7364           0.162783760263                
12177          0.190267766455                
1086           0.0869576417812               
2659           0.054442132152                
9893           0.102764823617                
7082           0.174618626781                
129            0.0951338832273               
8441           0.0560140179339               
10972          0.0476343606194               
10692          0.02665008841                 
5899           0.0885295275631               
2852           0.0560140179339               
8681           0.187636498393                
7919           0.0242248488632               
2233           0.0938182491963               
9642           0.105498786828                
2592           0.107472644259                
3919           0.0965107311216               
4841           0.154103624303                
10498          0.0845102239701               
8842           0.0582488068362               
6163           0.114594112531                
3332           0.115648885705                
71             0.104559124022                
3161           0.121588114674                
12175          0.107472644259                
11806          0.0778120587429               
5898           0.159499775791                
6181           0.0717369081005               
3006           0.107472644259                
7439           0.067481233318                
11230          0.0851104816989               
9278           0.00859249007276              
1794           0.0507677244494               
2801           0.154103624303                
5631           0.100262187707                
4097           0.149541243228                
7953           0.0859542612061               
11985          0.0571103244639               
2007           0.129026240751                
1716           0.0711328689241               
