51
6206           0.149759733927                
9309           0.0297587316748               
1186           0.139903958977                
188            0.137029530605                
579            0.0876074117411               
4784           0.137029530605                
9313           0.0724506476847               
5787           0.0452411511188               
3740           0.079439596706                
11711          0.144260901191                
2763           0.0876074117411               
9744           0.168447746624                
2021           0.128933060077                
7918           0.105300297567                
11055          0.159388792231                
2561           0.0945508224181               
1142           0.153805501506                
6639           0.162594181196                
4359           0.109346065147                
11977          0.150739991556                
4574           0.119129731449                
8750           0.286269523195                
9312           0.205046341373                
11011          0.141728790922                
9278           0.00939101049921              
11029          0.0603004455712               
2430           0.204580544034                
8024           0.305943137194                
660            0.0618607440753               
6052           0.0837236513318               
2812           0.0909550219182               
4147           0.12695463974                 
10105          0.119648678666                
4831           0.208177821561                
655            0.215121232238                
10109          0.135559081641                
8997           0.0746702950888               
6138           0.121239677015                
4423           0.101926816367                
7440           0.129443446925                
119            0.0906670620087               
7344           0.135559081641                
11598          0.0761375676524               
5292           0.0936265830008               
6498           0.208177821561                
8859           0.0583442912665               
11292          0.046035666453                
46             0.252637257921                
10998          0.0387198623726               
2652           0.127564976118                
10156          0.1434020982                  
