161
10777          0.114388352885                
4809           0.027512223087                
7527           0.0774225813888               
10081          0.0539392086195               
7440           0.0586090223089               
7765           0.0839325170349               
2271           0.0957738614208               
5865           0.153751949686                
1273           0.114388352885                
10242          0.0604157309639               
50             0.0711212353611               
8134           0.0539392086195               
12255          0.117800019793                
10882          0.0502871425238               
3305           0.0928402779852               
6214           0.0525798529216               
956            0.0525798529216               
4511           0.0902526740098               
6468           0.0641715441473               
7568           0.0915084010171               
3664           0.117218044618                
10385          0.0803206744582               
11817          0.075643648889                
7154           0.0262175366056               
1533           0.0445689202345               
4428           0.0498648386081               
8911           0.0220691625069               
836            0.105480591935                
11730          0.0451878130388               
6264           0.0436720919713               
2739           0.0387112906944               
8293           0.0351584087025               
7193           0.158060444856                
11653          0.105480591935                
11228          0.0879379833785               
9608           0.119593676319                
8166           0.0539392086195               
8571           0.119593676319                
6995           0.0732662784956               
11740          0.0634391682739               
11821          0.0530236910811               
9633           0.0337157082971               
1852           0.0711212353611               
9607           0.111786634872                
9835           0.0463146878194               
9549           0.075643648889                
8296           0.0591949034741               
12256          0.0939711129716               
8970           0.0885317828143               
2222           0.0519304684515               
10698          0.13852403176                 
9310           0.0089378764336               
8218           0.0263502816722               
6790           0.0879379833785               
4859           0.0890648581591               
3778           0.0682516090062               
10285          0.0684874437181               
12109          0.0405380412315               
7237           0.02563426846                 
2129           0.0682516090062               
9243           0.0320145916849               
5738           0.0594938093322               
4297           0.0342814711077               
6261           0.0577584938345               
5452           0.076280483092                
10330          0.0458246472419               
873            0.0387112906944               
3012           0.0769363300541               
11393          0.105480591935                
6775           0.276900740651                
9278           0.00425203404981              
8057           0.071119369093                
2683           0.0447220166149               
9248           0.0776123600601               
2353           0.0429492652027               
7141           0.0797750138101               
9109           0.0634391682739               
2258           0.0394238691062               
6394           0.0375727332537               
3348           0.0827475741611               
8121           0.0385947427199               
11140          0.070122461478                
9955           0.0475025036701               
11878          0.0607318406143               
1124           0.0942581403533               
7381           0.12961627081                 
9360           0.0669461215208               
11835          0.0786069787971               
7988           0.153751949686                
8143           0.062384442135                
7518           0.0303557480157               
11458          0.0234833727693               
2887           0.0510934437219               
10586          0.0306776474255               
2373           0.0890648581591               
10292          0.0483920681734               
5361           0.0601041052897               
10441          0.055893317436                
1693           0.12961627081                 
6182           0.0805459434957               
3275           0.0727100654534               
7919           0.0539450108239               
11065          0.0868661004705               
12132          0.0900628953385               
11064          0.0356611592843               
6788           0.0928402779852               
1335           0.0641715441473               
1039           0.0732662784956               
7800           0.0601041052897               
6169           0.0564102646204               
2730           0.117800019793                
7691           0.13852403176                 
8288           0.0634391682739               
9625           0.0387112906944               
12035          0.0594938093322               
5127           0.047854019036                
5610           0.0491305996203               
4982           0.0294174171401               
8874           0.0574821475283               
10388          0.114388352885                
5370           0.0354586763609               
797            0.0868661004705               
7014           0.13057834922                 
9858           0.0691671265446               
8589           0.114388352885                
8781           0.123296113835                
1886           0.0939711129716               
9309           0.0134740708011               
7977           0.18568055597                 
1709           0.0564102646204               
1913           0.0653180255706               
7198           0.0362800520885               
8997           0.0338089960877               
12129          0.0269577648466               
2362           0.0381346370723               
8720           0.046815908989                
6610           0.061052565167                
6395           0.0303557480157               
7922           0.053249018612                
3289           0.0566733724558               
11633          0.114388352885                
2738           0.0566733724558               
8195           0.103165901304                
8136           0.0343771978024               
7802           0.0382487632597               
8069           0.0890648581591               
7465           0.0687045991099               
8291           0.0150480868391               
3181           0.16786503407                 
5867           0.103860936903                
6105           0.0583218385898               
3427           0.0301965499156               
366            0.0471565242099               
2745           0.0553882551542               
481            0.037795773156                
5456           0.04211734915                 
7951           0.0500901076455               
3604           0.0727100654534               
11217          0.0617084121291               
1123           0.0566733724558               
10998          0.0175314651417               
