149
9106           0.0970403760664               
4809           0.0173643097226               
9790           0.0298715414665               
5787           0.0129285522047               
11575          0.0818071685561               
10538          0.0337517492531               
11836          0.039158893976                
10893          0.0310087245936               
9586           0.0762626459704               
5135           0.0970403760664               
1445           0.033325073649                
1592           0.428419170286                
7018           0.0747241304282               
9584           0.26786510138                 
10972          0.0223162456383               
3064           0.0683839447101               
2399           0.0354391822838               
2637           0.0818071685561               
11922          0.033325073649                
110            0.0923211130191               
7343           0.0970403760664               
1533           0.0281296256033               
6999           0.0548254449737               
5827           0.0206479520488               
4428           0.0157360693667               
8919           0.091973014008                
6263           0.0398140960048               
5703           0.0604475686234               
8554           0.0658222731022               
6109           0.0818071685561               
9819           0.0439529588975               
11787          0.0637914886697               
6067           0.0625850008349               
90             0.0414752430314               
2626           0.0524840710421               
9520           0.0368097650873               
4387           0.0214570235347               
2323           0.091096988925                
8970           0.027938369288                
4677           0.0280336676908               
812            0.113222128392                
3580           0.0354391822838               
1003           0.0330477471441               
10813          0.0258280984232               
6040           0.0251127950338               
1618           0.0436547568018               
4393           0.0485582811593               
2578           0.0818071685561               
10285          0.0172903102896               
8551           0.0970403760664               
5162           0.0287197513872               
726            0.0260749749095               
1208           0.0604475686234               
6042           0.0179063668768               
9243           0.0202059747735               
6628           0.193693420755                
6102           0.0311277456078               
160            0.0651130465676               
614            0.0477095223609               
157            0.0625850008349               
765            0.0818071685561               
1466           0.0430769289017               
2650           0.0682071244846               
7403           0.0577554279221               
11262          0.0497646643426               
9278           0.00939283335462              
11101          0.0874292922058               
10265          0.0296548829488               
2353           0.0135536910445               
10924          0.043637524432                
2070           0.0359374106019               
3348           0.0174086805221               
7524           0.111524031839                
1522           0.162653605363                
12058          0.0545780258027               
11918          0.0227666845095               
9069           0.070516429922                
11835          0.0992254185982               
11238          0.0263263267413               
8143           0.118121618708                
4856           0.0469718829015               
11862          0.0177688530585               
8524           0.022636487656                
11029          0.0172320429356               
1875           0.0223797050764               
1503           0.0175426512553               
69             0.0302030121442               
11513          0.0637914886697               
5604           0.116098031589                
1531           0.0466021046403               
210            0.0230976277374               
3105           0.0818071685561               
4029           0.0151952707889               
9230           0.0970403760664               
5046           0.0469718829015               
11906          0.031990788937                
11122          0.088515430815                
4417           0.0389471972987               
8451           0.0599623072055               
6242           0.0221901914699               
10403          0.0524078847899               
2073           0.0466021046403               
4430           0.0732616964866               
605            0.453479409925                
8741           0.0356032772525               
11550          0.100699826658                
4147           0.0362797949857               
4109           0.0682071244846               
7014           0.0274714610998               
313            0.0356032772525               
9309           0.0425207257651               
10512          0.0577554279221               
1709           0.0356032772525               
12145          0.0845059437861               
2444           0.0305426012729               
9949           0.0498798390572               
48             0.070058652484                
7198           0.0228981154748               
4887           0.0308907165364               
8305           0.0548254449737               
8343           0.0395922374634               
5456           0.0265823191757               
11890          0.0371335417602               
10923          0.104299899638                
6395           0.0383179947863               
7237           0.0161790406992               
8136           0.108485655293                
11967          0.0440243254245               
10988          0.0637914886697               
10595          0.0325091993354               
6853           0.0774773683021               
8066           0.0300916391517               
8064           0.0408504049419               
7154           0.0165471697559               
481            0.0238547611805               
490            0.0385332602009               
663            0.0316143170416               
3651           0.0308907165364               
6329           0.0400875981764               
3077           0.0341919723551               
5486           0.0721960846955               
7951           0.0316143170416               
8246           0.0651130465676               
11292          0.0131556006489               
10915          0.0747241304282               
10998          0.0110649651847               
5538           0.164901603609                
6000           0.0402687551966               
10351          0.0569628771851               
