329
169            0.0296841941356               
1186           0.0136843404229               
6933           0.0132544437141               
1319           0.0436687088435               
9934           0.0972445565557               
4006           0.0154075970024               
9198           0.0466914493184               
10242          0.0261029437623               
7318           0.0494221073681               
1320           0.0598500581401               
1448           0.0237174848397               
2618           0.0532707537293               
10933          0.159812261188                
246            0.143876759788                
6214           0.0227174102166               
7439           0.0216417022861               
4333           0.0243723603358               
4962           0.0560014117789               
2620           0.0479589199295               
5611           0.0338341969138               
12078          0.0560014117789               
2155           0.0466914493184               
4680           0.0560014117789               
1102           0.0218994175696               
10537          0.0389941565961               
8926           0.025198266222                
11700          0.0362634985464               
6361           0.0598500581401               
4686           0.0684384218982               
4560           0.0997222742143               
9276           0.066429362551                
9539           0.0178497243311               
8955           0.0585934292548               
8306           0.0278879223511               
1749           0.0479589199295               
9633           0.0145670543672               
2220           0.066429362551                
4958           0.0560014117789               
7828           0.0390472787028               
12268          0.199288087653                
9000           0.0598500581401               
3718           0.0213907996644               
9310           0.0695098425395               
9047           0.029488477308                
9012           0.0291087494783               
9312           0.0401121449076               
7183           0.0341711868509               
10765          0.0428428029573               
726            0.0178497243311               
498            0.029488477308                
11041          0.0260931658588               
10138          0.0375309691574               
4831           0.0814494800452               
6066           0.0316550924193               
6648           0.0153637542923               
11320          0.0560014117789               
5452           0.0329573958395               
10112          0.0598500581401               
11927          0.0429473982839               
237            0.0351455102349               
117            0.0269535360859               
6809           0.021473699142                
11869          0.0912512291977               
8411           0.0236126005698               
7166           0.0439738028264               
220            0.0287436302393               
6759           0.0128767764358               
404            0.0466914493184               
2415           0.0379940819729               
9278           0.00551134301812              
9991           0.0355037387805               
9748           0.252498259148                
8930           0.0429473982839               
5627           0.0560014117789               
6278           0.0585934292548               
1895           0.0623607940313               
2663           0.0296841941356               
579            0.0342763608578               
11878          0.0262395206487               
12082          0.0253223455031               
454            0.024260028494                
3740           0.10878247401                 
1158           0.127362849884                
2561           0.0184964835976               
3260           0.0479589199295               
3867           0.066429362551                
2789           0.0275661312009               
2084           0.0215573290208               
10545          0.0406007282879               
11029          0.0117962612478               
6197           0.0459603394761               
7980           0.0494221073681               
6962           0.058775046452                
3350           0.0619033294932               
5616           0.0428428029573               
6133           0.0398788215455               
11906          0.0218994175696               
11124          0.0280530035528               
11872          0.0335328404967               
6367           0.066429362551                
4911           0.0197987870178               
4906           0.0194560808467               
3321           0.016878111288                
12108          0.0221643258284               
9410           0.130514718811                
6242           0.0151903808907               
4982           0.0254199087883               
6433           0.0428428029573               
12129          0.0116472482998               
236            0.0522167292503               
9178           0.0494221073681               
11989          0.0362634985464               
8443           0.0351455102349               
12223          0.0144075223792               
2673           0.066429362551                
7847           0.0759881639458               
11664          0.0197292487592               
709            0.0598500581401               
4772           0.024486037501                
3661           0.0302097348617               
11680          0.0598500581401               
2937           0.0362634985464               
10866          0.0158575357285               
697            0.013832077722                
8720           0.0202270670241               
811            0.0560014117789               
6612           0.0235088625991               
12157          0.0227174102166               
6639           0.0636149010372               
5331           0.0258355477744               
660            0.0726089657729               
2888           0.0243723603358               
11967          0.0401826949871               
4093           0.0479589199295               
3890           0.0532707537293               
6677           0.118610100751                
11817          0.0326822481731               
6904           0.0218127326763               
3981           0.0305101000218               
8199           0.0420830431913               
486            0.0466914493184               
9783           0.0389941565961               
11512          0.066429362551                
9546           0.0115589506412               
10157          0.0255754786336               
4491           0.134131361987                
5456           0.0363940575985               
1794           0.0488446901866               
2232           0.031901649914                
8976           0.066429362551                
330            0.0200105117033               
3468           0.0265187151836               
2895           0.0511526907946               
6395           0.0131153653307               
5827           0.0141346349652               
4809           0.0118868049854               
5683           0.0326420015047               
2660           0.183060600131                
7454           0.0150339585409               
7004           0.0195916821507               
11113          0.0258355477744               
5787           0.0088502901213               
4805           0.0511526907946               
7856           0.0358760190383               
2021           0.138723756542                
4327           0.0271030183854               
11073          0.0311803970157               
3663           0.0466914493184               
3965           0.031901649914                
9912           0.0413796155186               
5818           0.0856986174722               
2430           0.0800420468133               
3251           0.0389941565961               
7453           0.0209079834963               
4922           0.0988442147362               
1154           0.0271030183854               
3433           0.0389941565961               
6381           0.0741788088652               
11846          0.0326822481731               
129            0.0610202000435               
7585           0.0420830431913               
8997           0.0146073598623               
4011           0.0274092362264               
1037           0.0253223455031               
2548           0.0395382440359               
3951           0.0332407580714               
824            0.0436687088435               
9908           0.0511526907946               
2812           0.0177930559249               
4014           0.0220751990718               
6880           0.0351455102349               
10613          0.0226229623742               
4636           0.111268213298                
6603           0.0262395206487               
9057           0.132858725102                
6145           0.0108806671682               
3467           0.0598500581401               
2881           0.0611226950252               
9598           0.0282210066969               
11838          0.0511526907946               
10692          0.042734346344                
7285           0.0324670057771               
9069           0.0160907644116               
7476           0.0275898545284               
2460           0.0221643258284               
7171           0.0740574762678               
4690           0.0240392759899               
8350           0.0338341969138               
8690           0.0445085948022               
6256           0.132858725102                
3642           0.0167760465429               
12218          0.0121294670778               
8392           0.0428428029573               
4921           0.0467074573182               
1573           0.066429362551                
10137          0.0217268322724               
9303           0.0928549942398               
8672           0.0769619086496               
5936           0.0395367002504               
6546           0.0389941565961               
1960           0.0370894044326               
707            0.066429362551                
2146           0.0395975740357               
10132          0.0200821492497               
5407           0.0129782953698               
8218           0.0113847819042               
8244           0.0329573958395               
10330          0.0197987870178               
960            0.0125460137067               
1595           0.0494221073681               
4146           0.0924455820143               
5739           0.0436687088435               
10959          0.0395367002504               
7503           0.0589769546159               
10958          0.0494221073681               
2336           0.0285662058241               
1178           0.066429362551                
3923           0.0560014117789               
2708           0.0338341969138               
8066           0.0411986945638               
29             0.0234062461418               
6176           0.155976626384                
119            0.0354734476634               
6269           0.0420830431913               
10924          0.0149361175668               
9853           0.0445733863838               
2585           0.0532707537293               
7520           0.0537201992705               
1602           0.0509438563631               
7507           0.066429362551                
8631           0.0311803970157               
10075          0.0852344717609               
9313           0.113385134662                
9787           0.0344672267619               
6235           0.0437011631016               
11856          0.0532707537293               
7397           0.0466914493184               
7918           0.0205993472819               
1529           0.0375309691574               
8013           0.0511526907946               
11862          0.0121637366814               
10586          0.0265088874282               
8524           0.0154958946609               
731            0.066429362551                
3442           0.132858725102                
10393          0.0225294450675               
10292          0.0209080551359               
5205           0.0125135626329               
10288          0.0446902599176               
10851          0.0407247400226               
5604           0.0596065154357               
4147           0.0248354731512               
9723           0.0494221073681               
1974           0.0326822481731               
4781           0.0344672267619               
4771           0.024260028494                
531            0.066429362551                
12017          0.0511526907946               
6163           0.0551266969759               
10314          0.0696006222156               
8451           0.0820948558983               
5792           0.0213907996644               
2930           0.0436687088435               
5292           0.0183156794673               
12041          0.0201543315736               
11591          0.0120396574003               
10910          0.066429362551                
8347           0.0228128072994               
9453           0.066429362551                
335            0.0316550924193               
8620           0.0316550924193               
8956           0.0174055764168               
11119          0.0296841941356               
5014           0.0413796155186               
6443           0.0407247400226               
4365           0.0511526907946               
9554           0.0200105117033               
9744           0.115333935336                
9416           0.0452459247483               
4677           0.0191905550056               
3142           0.021473699142                
9574           0.0413796155186               
6129           0.0466914493184               
7705           0.0384809543248               
11715          0.0311803970157               
7180           0.0445733863838               
5801           0.0395367002504               
8865           0.0285662058241               
11917          0.132858725102                
5366           0.0370894044326               
1992           0.066429362551                
10595          0.0222542974011               
10323          0.066429362551                
6981           0.0539070721718               
8675           0.0177930559249               
8059           0.0201543315736               
1899           0.119536126475                
210            0.0316231397534               
3250           0.0802242898152               
11598          0.0148943947311               
8418           0.0407247400226               
9237           0.0162815633955               
4969           0.0239307956109               
11900          0.0413796155186               
5100           0.0370894044326               
2825           0.0223451299588               
10998          0.0151491289226               
9588           0.0205237139746               
1515           0.0145670543672               
