124
7520           0.0334056452648               
5363           0.0871045536324               
5093           0.0862059814195               
7454           0.0420695737812               
7004           0.0365489774584               
10613          0.0422039381559               
9262           0.0692394418662               
4802           0.0337285879219               
9313           0.0528809968821               
9633           0.0271753562358               
9212           0.104472618584                
11711          0.105294576513                
3504           0.0444436601825               
3004           0.0785074086622               
3543           0.0543034038806               
5840           0.0785074086622               
2561           0.0345058457396               
4029           0.0194052643239               
2522           0.0798105898962               
7352           0.0514255948075               
532            0.0627825124245               
11466          0.0595136586346               
105            0.0442458086096               
6197           0.0285802141027               
2430           0.0746606376678               
6287           0.0536222609989               
5302           0.0727449812365               
4076           0.104667744873                
4952           0.0287434183139               
4640           0.0691915985636               
2852           0.0335126397387               
1561           0.191098561147                
6974           0.0465541946135               
9700           0.0620118123656               
11622          0.0871045536324               
5290           0.0436651817871               
5461           0.0993784792073               
8911           0.0355761384376               
4911           0.0738706778575               
1102           0.0408541396776               
3321           0.0629734296691               
10789          0.0676508418595               
9173           0.0520259076037               
9625           0.0312018690427               
4852           0.0294117063627               
5091           0.06311889356                 
7175           0.0871045536324               
6145           0.020298270256                
8279           0.0380088513328               
3060           0.0799247674344               
8859           0.0425849096336               
6620           0.0328801606638               
8511           0.06311889356                 
9379           0.0604710556616               
3658           0.114649521216                
2261           0.0871045536324               
7063           0.123926330357                
5101           0.0662334830873               
7171           0.0828941081197               
8971           0.128599666357                
751            0.111652404782                
9405           0.155072430039                
5232           0.0465541946135               
6406           0.0785074086622               
2094           0.357081951808                
1866           0.0871045536324               
3642           0.0312963094348               
3661           0.0281786655683               
3718           0.0399052949481               
201            0.11879995535                 
4041           0.0309215328727               
2075           0.0434757946176               
3042           0.296829618616                
5899           0.211865406046                
1644           0.0374639612159               
10498          0.252808207179                
9310           0.05042841804                 
5309           0.0636995203824               
10813          0.0659680349033               
10568          0.0669279851033               
7386           0.0539595575124               
11233          0.0814655241385               
26             0.0415161805817               
10021          0.0799247674344               
10183          0.094748072551                
3778           0.0550117996058               
10285          0.0110403771697               
2038           0.0708793065804               
4084           0.15700161731                 
7237           0.0309923954929               
11077          0.0502827769077               
2108           0.0833712638751               
10339          0.154390278813                
8218           0.0212387141639               
5020           0.0467797713145               
3041           0.0700153532086               
3468           0.0494716031027               
1164           0.218413083299                
7359           0.0569176729887               
8694           0.0423801339535               
10828          0.0785074086622               
9879           0.125113404965                
6105           0.0470082587628               
3946           0.0481971300867               
11629          0.111652404782                
3427           0.0243388628771               
4146           0.0574868366277               
5806           0.0814655241385               
11927          0.0400599468618               
9517           0.0720932048873               
10770          0.0954271577302               
680            0.0620118123656               
5999           0.0614741555022               
11965          0.0322694956127               
8743           0.150937241842                
9278           0.00685440382934              
11967          0.0187405604328               
193            0.0502827769077               
10032          0.0620118123656               
3746           0.0318737801158               
9613           0.0871045536324               
1416           0.0954271577302               
12059          0.0676508418595               
10906          0.0642998331786               
