196
9034           0.0721372773715               
3384           0.0254877070461               
3070           0.13945048742                 
8163           0.617254863482                
2854           0.0616543401764               
7454           0.0181204308059               
5923           0.0362652688509               
5175           0.0800673132302               
1936           0.0562772056541               
3504           0.0574290298225               
10538          0.0556966489425               
10149          0.0342209233899               
8309           0.042360884834                
85             0.0242920166186               
83             0.0498748521715               
5683           0.0131144685551               
8811           0.0516384320474               
4914           0.0427926577137               
5303           0.0411554948523               
6192           0.0218620395098               
6453           0.0516384320474               
578            0.0527907376728               
7453           0.0252003933099               
10624          0.039069622582                
8331           0.0701086865756               
1244           0.0616543401764               
4952           0.0185707772578               
634            0.309830592284                
4876           0.0721372773715               
7324           0.0469996584407               
8997           0.0176062514023               
3664           0.030521024006                
3306           0.0404171339367               
5611           0.0815607176756               
11629          0.0721372773715               
11177          0.0254877070461               
3073           0.0735476494526               
840            0.0688616979505               
9539           0.0215142734208               
11230          0.0164496488012               
2233           0.0362652688509               
4080           0.049085530711                
1196           0.0692893972594               
9069           0.0193941989624               
7476           0.0166270263606               
3722           0.0362652688509               
7171           0.0357045915942               
5916           0.0516384320474               
2246           0.0178522957971               
8350           0.0407803588378               
9835           0.0241186705234               
11835          0.0409350880187               
668            0.0336133138792               
6027           0.0622791734465               
8083           0.0407803588378               
1951           0.032987472073                
10137          0.0261873517711               
2133           0.026823105511                
3652           0.0562772056541               
5193           0.0642072415128               
9310           0.0465445643769               
3796           0.0236964593855               
6489           0.047653586328                
1618           0.0360192244561               
8444           0.0397235504693               
8932           0.0452360785648               
8869           0.0507226935724               
10285          0.0285322202143               
6052           0.0197409110532               
2151           0.0701695537251               
7237           0.00667460479822              
11077          0.097461294234                
12177          0.0367738247263               
10049          0.0463810957234               
538            0.0365167212456               
10867          0.0373060427061               
2034           0.0787838299528               
4146           0.0371415545157               
41             0.034862621855                
1687           0.0549296942994               
10871          0.0463810957234               
1575           0.0353113312639               
10793          0.11111051744                 
5474           0.16013462646                 
8795           0.0259830494955               
9261           0.0489360593624               
502            0.0319630084278               
9278           0.0154999178859               
587            0.0800673132302               
7624           0.0209789419226               
8291           0.00783638766808              
5270           0.0721372773715               
10474          0.0384510598647               
6614           0.0939993168813               
6061           0.099749704343                
10621          0.0432413671226               
3348           0.0143637765308               
1532           0.0730334424912               
10213          0.0311395867233               
488            0.0469996584407               
7251           0.0336133138792               
12218          0.00730982356704              
8293           0.0366179333403               
3740           0.0187307885852               
10585          0.0342209233899               
7698           0.045794268459                
11238          0.0434433240026               
3704           0.0365167212456               
10132          0.0242050152609               
4359           0.0257823316558               
5655           0.0437083961887               
10586          0.0319511630338               
11460          0.0323097205186               
11788          0.022367385784                
5363           0.0562772056541               
5348           0.0262908875312               
9538           0.0584812265484               
7705           0.0463810957234               
1938           0.0159755815169               
8971           0.0415433497379               
5110           0.0367738247263               
902            0.0595684679061               
1874           0.0384510598647               
8405           0.0330363534748               
3109           0.0684418467798               
8901           0.0419448163128               
4060           0.0279681226696               
4029           0.0125375081507               
6974           0.0601562117035               
7863           0.0507226935724               
9405           0.0601142604328               
1392           0.0367738247263               
3603           0.177712314151                
9262           0.11183692892                 
2089           0.061042048012                
10789          0.0437083961887               
3413           0.049085530711                
9627           0.0192809245379               
12129          0.0140384288224               
5370           0.0184653329777               
11591          0.0145113995263               
7480           0.0721372773715               
280            0.0360192244561               
8987           0.0280891885973               
1886           0.0244680296812               
9309           0.0350835436404               
8466           0.044703860585                
4358           0.0316264952442               
8925           0.0680295609081               
8956           0.0209789419226               
2855           0.0800673132302               
8094           0.144274554743                
4852           0.0190025501376               
201            0.0255850746415               
4041           0.0199780309071               
9546           0.0139320036511               
7580           0.0800673132302               
3441           0.0344308489752               
8545           0.0365167212456               
11179          0.11860679144                 
8720           0.0487593693198               
6610           0.0317935146106               
6395           0.0316159006722               
6612           0.113340931969                
11771          0.0407803588378               
1901           0.0384510598647               
5299           0.0375817337187               
10717          0.0232095508646               
5383           0.0252954231349               
12111          0.0375817337187               
11967          0.0242161019045               
7724           0.0823109897046               
2173           0.0260847445954               
3445           0.0469996584407               
6346           0.0373060427061               
8064           0.0337053739963               
665            0.032487098078                
2362           0.059576570007                
98             0.0674985037648               
6421           0.0188930696523               
663            0.0260847445954               
12041          0.0242920166186               
7914           0.042360884834                
8362           0.0400650869783               
5999           0.019858856669                
1778           0.0516384320474               
1644           0.0242050152609               
5277           0.043304227849                
2750           0.0559362453393               
3391           0.0261873517711               
11292          0.0542729552681               
1515           0.0175576711874               
330            0.0482373410468               
7953           0.0332254589936               
367            0.0129512614592               
3706           0.0262908875312               
