26
8158           0.213694253591                
9309           0.0353965772951               
5899           0.172631301486                
8349           0.277099028249                
10498          0.164793717468                
9517           0.117485379234                
6686           0.363904618716                
1164           0.101695116011                
7359           0.185509699747                
2094           0.387941402536                
11786          0.195509819494                
9262           0.112834796266                
11689          0.247617486946                
3042           0.322481990415                
2561           0.112463646993                
8743           0.12298606454                 
10564          0.0978362205487               
10769          0.186836505607                
7352           0.167609569245                
12167          0.251599307935                
26             0.135312176165                
10183          0.102936314666                
9278           0.00558507722451              
4084           0.17056988546                 
3946           0.157087151698                
9261           0.123431730948                
