418
6694           0.0226432507151               
3297           0.0202599437207               
9790           0.0140491851298               
1664           0.0168230368945               
6725           0.0456400353478               
1326           0.0282014758323               
9840           0.0214223705799               
6753           0.0135074751523               
3412           0.033955266777                
4387           0.0201833371279               
4006           0.0105857296353               
901            0.0641583575545               
10877          0.0157396581972               
6163           0.0126248609649               
4649           0.0365994643008               
2556           0.0329499895343               
2805           0.014640003135                
85             0.0276939103465               
11836          0.0368344266106               
2765           0.0226432507151               
2870           0.0222704982061               
3772           0.0173976190569               
4148           0.0264381901039               
3160           0.0228379336352               
1445           0.454530067049                
1448           0.0162950057757               
1086           0.0383205773171               
3471           0.0320791787773               
6724           0.0384755523005               
4952           0.031757188906                
1892           0.0456400353478               
12107          0.0188314092171               
7645           0.0289129912593               
7323           0.0284297040108               
10385          0.0119212745885               
3212           0.0384755523005               
10657          0.0702885147877               
1533           0.0529197086366               
5162           0.040522425457                
7440           0.0173976190569               
11177          0.0290570472166               
2882           0.0224542115803               
1352           0.0353205220025               
10046          0.0456400353478               
11230          0.0187532845166               
8554           0.108351373675                
8370           0.0224542115803               
4432           0.0279797743465               
9201           0.0148108791163               
5049           0.0175715331902               
12039          0.0208152912992               
1895           0.0214223705799               
6067           0.0294349812535               
1442           0.0306239718703               
6416           0.0411197498243               
2129           0.0202599437207               
9520           0.017312370869                
9534           0.0119958056112               
10729          0.0456400353478               
12073          0.111919097386                
4004           0.0658999790685               
234            0.0224542115803               
8              0.0202599437207               
481            0.0112193726737               
8786           0.0203944102064               
3873           0.0211117693304               
7157           0.0261036863468               
8603           0.0306239718703               
2640           0.0184172133053               
10285          0.0691218278475               
8452           0.0456400353478               
7237           0.011413991052                
726            0.0122635837247               
480            0.0159424121499               
439            0.0279797743465               
11041          0.00896360409314              
2713           0.0246484794399               
5738           0.0176602610012               
6628           0.0182195801959               
4297           0.0101761802457               
8336           0.0191602886585               
6714           0.0137481442903               
6102           0.0439200094051               
8721           0.013275372594                
7226           0.0294349812535               
5373           0.0320791787773               
8165           0.0203944102064               
1466           0.0405198874415               
4016           0.0306239718703               
10611          0.0243927057358               
3191           0.0856894823195               
5508           0.0193891329637               
9278           0.010097458132                
8010           0.0376628184342               
2353           0.0127491455297               
1722           0.0132299271591               
7141           0.023680574182                
1716           0.0156734505879               
2532           0.0313110692532               
2351           0.0224542115803               
3497           0.0232456534853               
3348           0.0327506065658               
1522           0.0764992531884               
3676           0.0257855064869               
12058          0.077007420864                
3001           0.0232456534853               
6804           0.0588699625069               
8293           0.0208729843002               
2034           0.0224542115803               
1852           0.0422235386608               
11238          0.0495271981315               
8143           0.0185183222067               
418            0.0329499895343               
6492           0.0228379336352               
2683           0.0398261177819               
1033           0.0384755523005               
7106           0.147174906267                
8286           0.0612479437407               
3632           0.0411197498243               
4203           0.016441560112                
2373           0.0264381901039               
6491           0.0166677582847               
3122           0.0198724202123               
7077           0.0289129912593               
11991          0.014152701486                
3349           0.0682524611993               
2538           0.0491036137971               
10950          0.0206719581996               
6738           0.025482131159                
7919           0.0106754297246               
1876           0.0176602610012               
12132          0.0267344494504               
7552           0.060004833365                
11122          0.0208152912992               
2182           0.0578259825185               
4894           0.0411197498243               
2089           0.0347952381137               
10739          0.0365994643008               
3992           0.0203944102064               
9410           0.0179339260568               
12127          0.0161516726761               
9173           0.0191602886585               
4982           0.00873232476637              
4986           0.0601817619907               
1777           0.0232456534853               
10403          0.0246484794399               
12129          0.00800219667466              
899            0.0344564453769               
4430           0.0344564453769               
4885           0.0159424121499               
605            0.0193891329637               
1618           0.0205317077725               
8859           0.00784166195901              
3523           0.0205317077725               
3917           0.0271635362386               
2258           0.0234053198445               
10462          0.0456400353478               
4263           0.0456400353478               
3691           0.0912800706955               
4358           0.0180277606758               
8258           0.0195066387286               
10776          0.0214223705799               
69             0.0142050824383               
7198           0.0430777720381               
33             0.0329499895343               
11890          0.0174646495327               
10097          0.0201281939164               
8006           0.033955266777                
9055           0.0641583575545               
5113           0.0351442573938               
2179           0.0365994643008               
8970           0.0131399754777               
10564          0.0442203885942               
11363          0.0320791787773               
3427           0.00896360409314              
9546           0.0397076605577               
10543          0.016011422249                
11155          0.0178414224703               
7840           0.0912800706955               
4316           0.0291680503293               
7541           0.0456400353478               
10148          0.0187253679618               
10176          0.0503844874463               
8832           0.0188314092171               
908            0.0271635362386               
6705           0.080372351189                
10365          0.0351442573938               
11967          0.00690184110292              
8233           0.0239094184872               
2049           0.0279797743465               
1954           0.0230386077303               
11922          0.0156734505879               
10032          0.114189668176                
4654           0.0246843113625               
8066           0.014152701486                
8978           0.0543270724772               
2362           0.0339598851432               
10989          0.0384755523005               
6421           0.0107694430095               
10458          0.0241465862059               
8225           0.021748508212                
7914           0.0965863448234               
460            0.0456400353478               
10724          0.0351442573938               
4486           0.0267907837297               
330            0.0137481442903               
7802           0.0113538391594               
8058           0.0306239718703               
10069          0.025482131159                
5538           0.0193891329637               
6395           0.0180217215492               
10728          0.0126662667771               
8399           0.0241465862059               
3026           0.0275588932538               
4809           0.00816678316441              
5683           0.0149510401755               
3289           0.0168230368945               
5787           0.0121611148583               
9671           0.023680574182                
9420           0.0456400353478               
3290           0.0176602610012               
10840          0.0900072500475               
10206          0.0411197498243               
2638           0.0107384624595               
10893          0.0145840251646               
11963          0.0306239718703               
6200           0.032883120224                
5684           0.0154787676678               
113            0.0267907837297               
1592           0.0366352962234               
1653           0.033955266777                
10133          0.0264381901039               
6383           0.0143111236936               
9584           0.0699901834162               
4275           0.015289728533                
3258           0.0117385905559               
5417           0.117739925014                
7280           0.0456400353478               
7316           0.0411197498243               
1037           0.0347952381137               
1035           0.0402563878328               
2548           0.0162987581343               
5290           0.016081170438                
7154           0.0233473975424               
8460           0.033955266777                
8379           0.0154151438118               
5827           0.00971114601535              
9661           0.0271635362386               
7374           0.0219179045804               
8919           0.0865135066561               
6145           0.00747552008773              
1818           0.0428447411598               
11730          0.0536545621333               
10526          0.0186210234396               
4979           0.0313110692532               
6697           0.0568594080215               
9935           0.0456400353478               
7561           0.0365994643008               
3272           0.0246484794399               
977            0.0271635362386               
2156           0.0188314092171               
8166           0.016011422249                
8136           0.0510229797432               
7718           0.021748508212                
2756           0.0320791787773               
900            0.0365994643008               
552            0.0717282554617               
9069           0.0331652914457               
7476           0.00947775115974              
10125          0.0261036863468               
755            0.0175715331902               
2739           0.0804379570786               
5352           0.0279797743465               
2615           0.0365994643008               
7743           0.0351442573938               
3642           0.03457775272                 
12218          0.00416675160594              
9583           0.0190488091318               
4921           0.0240676327584               
4677           0.0263695924562               
2222           0.0154151438118               
10137          0.0149273356664               
10591          0.041063415545                
8892           0.0215834008233               
6046           0.0578259825185               
8672           0.0264381901039               
3078           0.0456400353478               
6546           0.0267907837297               
5984           0.0293929315384               
8836           0.0174839963926               
4425           0.034624741738                
10419          0.0329499895343               
4411           0.050964262318                
8778           0.0190488091318               
8797           0.0289129912593               
2288           0.0306239718703               
8097           0.0261036863468               
9243           0.0190065504747               
8218           0.00782187015775              
2686           0.0287295960344               
2522           0.0293929315384               
10330          0.0136026796681               
1500           0.0691158231908               
12238          0.0162229454457               
614            0.0224387453475               
11487          0.0365994643008               
12051          0.013275372594                
8641           0.0196263006823               
11862          0.0167140960197               
2051           0.0658999790685               
3973           0.191386988671                
10058          0.0912800706955               
11262          0.0117026599222               
367            0.00738248864545              
8594           0.0162229454457               
11852          0.0342902929769               
8291           0.0312683287372               
11257          0.0456400353478               
9434           0.206044868774                
6394           0.0111531650644               
11460          0.0184172133053               
1938           0.0364256561494               
8305           0.0257855064869               
11918          0.0321228851707               
10075          0.014640003135                
4730           0.0702885147877               
11916          0.0313110692532               
9339           0.0456400353478               
11835          0.140003114037                
2887           0.0455000391659               
3036           0.0219179045804               
9496           0.0384755523005               
10586          0.0364256561494               
8524           0.0106463941985               
7991           0.0769511046009               
5541           0.0822394996485               
10279          0.0250856595526               
3639           0.0267907837297               
1503           0.00825066076454              
12020          0.0244492998329               
5604           0.0136508082519               
3868           0.0111203116271               
5205           0.0171947891402               
11085          0.0384755523005               
490            0.0181229651916               
4029           0.00714664064627              
9519           0.0261036863468               
11064          0.0211714592707               
6169           0.0167449354399               
11141          0.0257855064869               
2203           0.0264381901039               
7842           0.0264381901039               
5792           0.0146964657692               
10762          0.0182195801959               
8190           0.0100082380848               
4292           0.0365994643008               
11724          0.0162229454457               
5370           0.0105256242006               
9088           0.0289129912593               
3895           0.0351442573938               
797            0.0515710129739               
8188           0.0148688474402               
2576           0.0456400353478               
1211           0.0320791787773               
8241           0.0306239718703               
110            0.0144734904251               
9348           0.0365994643008               
8602           0.0423022137484               
8698           0.033955266777                
262            0.0302120303177               
1273           0.033955266777                
8913           0.0179339260568               
8997           0.0200718596372               
1951           0.0282053187007               
420            0.0206719581996               
9554           0.0137481442903               
9551           0.0323033453523               
6461           0.033955266777                
2241           0.0209618456355               
812            0.0177502126826               
10252          0.0487854114715               
11011          0.0190488091318               
7364           0.0179339260568               
3849           0.0202599437207               
1706           0.0390132774571               
2140           0.0205317077725               
10932          0.0267907837297               
2057           0.0261036863468               
9444           0.0170631152998               
6882           0.0351442573938               
12245          0.0261036863468               
10595          0.015289728533                
6853           0.0182195801959               
8675           0.0122246499164               
6329           0.00942700075958              
2399           0.0166677582847               
2195           0.0384755523005               
9310           0.0397970559591               
8064           0.0384255296835               
4140           0.0267907837297               
210            0.0108632776285               
2484           0.0384755523005               
11586          0.0161516726761               
4182           0.0177502126826               
5405           0.0226432507151               
11573          0.0215834008233               
3702           0.0115608849145               
8177           0.0289129912593               
2661           0.0156734505879               
6613           0.0289129912593               
6072           0.0222704982061               
12044          0.0456400353478               
10998          0.0156122252186               
8482           0.0182195801959               
1451           0.0196263006823               
9588           0.0564029516646               
7807           0.0384755523005               
4417           0.402988258457                
