129
3384           0.0480554436425               
1186           0.155489428908                
4809           0.0270129573162               
9790           0.046469954032                
7454           0.0854122871663               
8345           0.0762039244477               
6933           0.0602418770627               
6753           0.044678160592                
5787           0.0201124279886               
7242           0.112312541381                
2021           0.114637086901                
5443           0.119889282061                
85             0.0458010457146               
6714           0.0454742127243               
4529           0.0375546609252               
8089           0.0599446410304               
75             0.116245320315                
8790           0.0473363582329               
578            0.0497667819725               
1876           0.0584141720204               
10865          0.0507796706134               
3769           0.10610707663                 
7439           0.0491811198067               
5933           0.23249064063                 
1053           0.0546296449742               
10105          0.265955371835                
6468           0.0630070197338               
4480           0.0775960567923               
2548           0.0179702602981               
3068           0.0703381606491               
4428           0.0244799693692               
8294           0.0475138947469               
2971           0.0578311482944               
9004           0.0748962171216               
4686           0.0518424749628               
5577           0.170579473481                
9406           0.053898369361                
9972           0.0358280945221               
8279           0.0926015445305               
1113           0.0703381606491               
2414           0.0703381606491               
7828           0.0443677874001               
8956           0.0395544549935               
1951           0.0310978857817               
8173           0.0399274423503               
178            0.136751696047                
9310           0.061429762213                
6040           0.0390669638573               
10285          0.0134489196893               
10620          0.308432717695                
1158           0.144717072073                
2146           0.0899861298783               
77             0.0436108478164               
5407           0.147466934678                
6648           0.0698287621319               
11927          0.0487993299341               
6680           0.0561710551787               
960            0.0855330595137               
6759           0.02926268351                 
11262          0.0387084420636               
9278           0.0125246164875               
10265          0.0461329071015               
2353           0.0210849313051               
119            0.120920978611                
6913           0.0718640985038               
9641           0.091155500539                
7571           0.0553865845579               
11458          0.0230572187588               
10132          0.0456370102116               
177            0.0898477932129               
10279          0.0414874398586               
8524           0.0704293443978               
10545          0.0461329071015               
3857           0.0572634690932               
1875           0.0348152058812               
6197           0.0696304117625               
11598          0.0338477538428               
10441          0.0548790184415               
11891          0.0370001171539               
7349           0.0569851353645               
4060           0.0527321088675               
11064          0.0350140143363               
8001           0.061937185707                
8837           0.112312541381                
2818           0.136010228813                
6756           0.0724970173654               
3274           0.0463007722652               
8422           0.0520614673482               
1566           0.0518424749628               
9058           0.0898477932129               
3994           0.0693346976429               
11591          0.0273603169107               
1190           0.318754530126                
8741           0.0553865845579               
8859           0.0259375663002               
3906           0.116245320315                
446            0.123184098618                
1886           0.0461329071015               
335            0.0719367114558               
6773           0.0925476328835               
203            0.0556449177615               
12224          0.138398721304                
3661           0.0343260564701               
5752           0.0719367114558               
3863           0.0708579584441               
697            0.0628672423849               
11715          0.0708579584441               
367            0.122093881184                
9153           0.126014039468                
10867          0.0703381606491               
172            0.112312541381                
11112          0.0679119470325               
5375           0.091155500539                
5818           0.0649171665188               
10109          0.0602642107965               
2206           0.0458010457146               
366            0.0463007722652               
6542           0.0755401623941               
3639           0.0886148539501               
10458          0.07986874261                 
10756          0.073072266514                
5927           0.053898369361                
8925           0.0641326958979               
3179           0.060917914298                
2232           0.0724970173654               
11292          0.0613969143277               
330            0.0454742127243               
10998          0.0344266414288               
10115          0.0762039244477               
