165
355            0.0455160511833               
3384           0.354285739233                
1186           0.0208424735673               
11772          0.0337582492792               
9464           0.0911569879321               
7083           0.0694124544592               
2227           0.0678892514217               
1664           0.0745888473411               
8414           0.0616152619369               
5787           0.0134797828917               
4207           0.0440544988044               
4387           0.0671156400584               
4006           0.0234671473622               
2021           0.0192080618465               
8364           0.0515325059927               
6714           0.0609555957184               
12265          0.101177856607                
3004           0.0640962361533               
1876           0.0391504375841               
3274           0.0620635517707               
6214           0.0346006462368               
7439           0.0329622469122               
4275           0.033895284026                
783            0.0995559701993               
6468           0.0422286631502               
6471           0.101177856607                
1037           0.0771363910136               
9085           0.0410526445598               
2548           0.0240881118344               
507            0.125240149812                
2967           0.101177856607                
2627           0.0437791179536               
840            0.0435088847111               
8919           0.0319648129991               
3205           0.0779101200962               
8938           0.0694918890412               
2538           0.036285382324                
10786          0.0393498484359               
2739           0.0254743138344               
8441           0.0273609090839               
10692          0.0260352916273               
7285           0.0989003033845               
9972           0.0240127614555               
1484           0.155820240192                
7828           0.0594724955014               
2847           0.0811361192577               
10186          0.0564904779935               
12218          0.00923713124429              
4677           0.029228930521                
10191          0.0422286631502               
3580           0.0739003835045               
12012          0.0779101200962               
2133           0.033895284026                
9310           0.0646981518099               
6942           0.0586099328557               
9597           0.0564904779935               
7900           0.0811361192577               
4601           0.0852951555329               
7629           0.0811361192577               
10183          0.0515704605615               
10285          0.0180275119087               
3545           0.0412803194627               
5984           0.0325800997937               
55             0.07304572161                 
4906           0.148166750548                
6042           0.0186698351103               
6121           0.0711152505832               
3104           0.0911569879321               
6058           0.0314907686438               
9278           0.0279808933973               
4247           0.0602179282627               
1438           0.0455160511833               
8694           0.0346006462368               
2522           0.0325800997937               
10849          0.0312594507882               
10782          0.0711152505832               
10962          0.0552325495095               
10380          0.0593915857848               
3398           0.14609144322                 
5413           0.108150734958                
2562           0.0911569879321               
8804           0.0283583429969               
367            0.0818299516946               
10948          0.033895284026                
10687          0.0911569879321               
10924          0.0454980840823               
3348           0.108905574338                
2763           0.0261029805999               
3949           0.202355713213                
3327           0.0540753674789               
7251           0.0424757983569               
7393           0.029228930521                
9313           0.0215869618036               
8293           0.0231363078094               
454            0.0739003835045               
1531           0.0971781283625               
11238          0.0823463826083               
11458          0.0463603354797               
4558           0.0630248529356               
7740           0.0875582359073               
11460          0.0408284996429               
11598          0.0226854944331               
6279           0.0427272317821               
8273           0.0911569879321               
4180           0.0630248529356               
5455           0.0783008751682               
5989           0.0501970595882               
9079           0.0501970595882               
1965           0.0620274190225               
10944          0.0281717977307               
4976           0.0799302704609               
11906          0.0333547703234               
3919           0.0471421518619               
5619           0.133022693336                
2730           0.0387596825121               
5830           0.0281717977307               
12070          0.182313975864                
4797           0.0524966670314               
535            0.101177856607                
3641           0.0852951555329               
806            0.202355713213                
5454           0.13654815355                 
8394           0.065253418184                
11814          0.0852951555329               
10185          0.0530039842611               
8188           0.0329622469122               
12223          0.0219439443247               
6247           0.0552325495095               
9309           0.0177334675262               
5999           0.0250948417196               
11664          0.0300494092561               
653            0.0678892514217               
8341           0.0461447179488               
1646           0.0586099328557               
8305           0.0571630205364               
2145           0.0552325495095               
8545           0.0461447179488               
9546           0.0528159448889               
8131           0.0237373806047               
7802           0.201359547889                
10184          0.0811361192577               
137            0.0478475140728               
6423           0.162272238515                
377            0.0911569879321               
5331           0.0393498484359               
11967          0.0153004589964               
8800           0.0510735132343               
1897           0.0435088847111               
8017           0.0449135866135               
8064           0.0851842620788               
10473          0.0435088847111               
2353           0.014131575583                
2745           0.0364487406446               
8721           0.0294297262147               
3623           0.07304572161                 
3098           0.047748830703                
269            0.0586099328557               
4267           0.0361238492744               
2607           0.0593915857848               
5456           0.0277157013076               
11292          0.233180702814                
7953           0.0419856816736               
62             0.0752742868585               
7547           0.0305869082453               
11604          0.0964270701593               
