141
5093           0.0838272867298               
7454           0.0545449888881               
8874           0.0450530245702               
2522           0.0776083642126               
680            0.0603007110436               
5915           0.0665169727505               
5338           0.0792176336039               
6287           0.0521426538372               
471            0.0952001003805               
4952           0.027950296823                
4887           0.0383607518083               
5899           0.206019371839                
2852           0.0325879203994               
1561           0.0619418498777               
9700           0.0603007110436               
5290           0.0424603218188               
11936          0.0500066005885               
6384           0.120506812371                
8911           0.0518917209996               
1102           0.0397268452196               
11077          0.0488953166359               
8692           0.059287540889                
1729           0.193272627586                
7128           0.0448391221305               
4341           0.0707377179617               
12115          0.080858772438                
7285           0.0294485391941               
9379           0.117604937345                
2261           0.0847010645037               
9633           0.0264255025191               
7171           0.026868932817                
4784           0.0486283512113               
2181           0.047851425822                
9505           0.0412107325045               
4921           0.0211825259917               
10875          0.108571563082                
2075           0.0422761604381               
3042           0.19242610269                 
9310           0.0420316620603               
2644           0.0542114097273               
7386           0.052470643277                
11233          0.0792176336039               
26             0.0403706183288               
9511           0.082672967251                
4041           0.0300683103372               
4036           0.0847010645037               
10183          0.0307112248827               
3778           0.0534938506951               
10285          0.0107357383719               
8836           0.0461643085228               
7237           0.0301372176344               
1597           0.0870003315333               
77             0.0348128075079               
8218           0.0206526711102               
5866           0.120506812371                
6648           0.0278707635409               
6145           0.0197381770134               
1164           0.242727289191                
8694           0.0412107325045               
9879           0.12166113185                 
230            0.0333343683879               
8842           0.0338880792801               
11734          0.120506812371                
10432          0.101589889811                
7352           0.0500066005885               
8804           0.0337759034764               
11965          0.0313790785374               
8743           0.110079305766                
9278           0.00833158653412              
10906          0.0625255981521               
6105           0.0457111527657               
1140           0.0792176336039               
10613          0.0410393985042               
3802           0.0988839901796               
9313           0.0257109217667               
11956          0.161546677963                
10622          0.082672967251                
10339          0.075065082244                
11711          0.102389167331                
7518           0.0237920523154               
5840           0.0763411418556               
6226           0.0896546405219               
532            0.0305250725296               
11466          0.0578714892465               
7453           0.0189641624389               
5363           0.0847010645037               
1875           0.0277915959303               
6197           0.0277915959303               
7980           0.0896546405219               
5205           0.0227003464491               
1509           0.0578714892465               
11850          0.0966363137929               
6974           0.0452696176771               
5461           0.0966363137929               
9262           0.100993361205                
4911           0.0359161765328               
3321           0.0306178971477               
10789          0.0657841419434               
6406           0.0763411418556               
850            0.0588024686725               
9627           0.0290191173139               
3060           0.0777193912327               
8859           0.0207049288892               
3946           0.0468672193832               
5666           0.108571563082                
9261           0.0368260672543               
3658           0.111485979629                
9309           0.0105606291512               
11084          0.075065082244                
5232           0.0905392353542               
4852           0.0286001446985               
2094           0.231485956986                
3661           0.0548022547707               
201            0.0770145934702               
9744           0.0298889449137               
12129          0.0422576015064               
9644           0.0565630936162               
10564          0.0291896031122               
5309           0.0619418498777               
1396           0.125051196304                
9158           0.0870003315333               
7364           0.0473522915998               
4029           0.018869811929                
2038           0.0689235231487               
8744           0.0538488926542               
528            0.0966363137929               
10597          0.0631298329547               
9512           0.080858772438                
5351           0.0625255981521               
6913           0.11473251052                 
10498          0.294998918477                
11622          0.0847010645037               
9613           0.254103193511                
6339           0.0966363137929               
1909           0.030432745633                
12167          0.075065082244                
1644           0.0364302124651               
3746           0.0619885641562               
5886           0.120506812371                
10770          0.0927940217272               
12059          0.0657841419434               
