306
5116           0.0510439481756               
7527           0.31846248069                 
6933           0.0148454631948               
8414           0.0226550570905               
9632           0.0354548647666               
2271           0.0463466873788               
4006           0.0172570738654               
3872           0.0290854533452               
5415           0.0220974823715               
5638           0.0596651983973               
7352           0.0308750781997               
12066          0.0270477776644               
105            0.0265644530888               
3859           0.0262158543295               
1759           0.0489105558773               
8369           0.0652057345218               
3305           0.0449270737977               
2086           0.0300241193903               
4952           0.0345141477309               
1612           0.0198657813575               
9087           0.0314203930946               
6798           0.0197407056839               
914            0.0410689131257               
1533           0.0215676989763               
4428           0.0361957331345               
8911           0.032038989352                
8926           0.0282229825589               
8319           0.0237751773559               
7555           0.0235060158999               
7704           0.0282229825589               
6753           0.0220201634152               
2233           0.0336998508259               
8526           0.036305823576                
2434           0.0431000805053               
9201           0.024144999327                
11672          0.0334712116991               
9633           0.016315635279                
9835           0.0224125071869               
5842           0.177130218686                
12256          0.0454743051071               
8970           0.0214210578978               
9310           0.0302763897297               
8218           0.0255027467596               
7157           0.0851095312208               
613            0.0382441404995               
7804           0.0308750781997               
11881          0.107431499357                
2506           0.0323964275776               
3778           0.0330281763603               
10285          0.0198853806015               
12109          0.0196170844115               
7237           0.00620244087936              
480            0.0259896477184               
498            0.0330281763603               
8441           0.0201204356796               
11041          0.0146126514907               
3348           0.106781422937                
7394           0.0420360622679               
10087          0.0415414935775               
6680           0.0276845733542               
5591           0.0251300840444               
11836          0.0600482387807               
10654          0.0489105558773               
1397           0.0537157496786               
8678           0.0442825546716               
220            0.0321939203189               
11823          0.0572928902101               
6775           0.424324559192                
9278           0.0123458127243               
6907           0.0572928902101               
2683           0.0649253551727               
9248           0.112674034494                
1722           0.0215676989763               
869            0.0873497717515               
9864           0.0336998508259               
1522           0.0207851089533               
2579           0.0251300840444               
5320           0.0264469788589               
1353           0.0238664337929               
8293           0.0510413515557               
10585          0.0318001230903               
11238          0.0201850639008               
10442          0.0572928902101               
10628          0.0627236355863               
6491           0.0271721218847               
10441          0.108191110658                
10950          0.0336998508259               
8405           0.0306993500726               
7793           0.0312354960927               
9079           0.0369134923718               
10944          0.0414334803339               
12132          0.174332194307                
1602           0.0380393253238               
4412           0.0553545732865               
4044           0.0670342606972               
2089           0.0283619559056               
12255          0.0285027700124               
3413           0.0456132027994               
5872           0.0596651983973               
5610           0.0237751773559               
4982           0.0142356151821               
1566           0.0255511810559               
12129          0.0130453453713               
899            0.0280858024668               
8213           0.0354548647666               
4885           0.0259896477184               
8859           0.0255672767614               
10260          0.0670342606972               
7596           0.0336998508259               
6              0.0354548647666               
3447           0.0537157496786               
2258           0.0572337496773               
10422          0.0456132027994               
8258           0.0318001230903               
1709           0.0272979376683               
1979           0.0366053168917               
6797           0.0471345521773               
201            0.0475503547118               
10097          0.0328133951233               
9067           0.0410689131257               
2661           0.0511023621118               
10564          0.0180222464255               
2362           0.129178238564                
11262          0.0190779165591               
8131           0.122190570035                
6610           0.029544430072                
12157          0.0254443328235               
2109           0.0698463770008               
5987           0.0274252602636               
5331           0.0289367612761               
11967          0.0112515231187               
8069           0.0431000805053               
3878           0.0310537598786               
8730           0.0334712116991               
10650          0.0463466873788               
3259           0.0561992612983               
3181           0.0406164486868               
4095           0.0596651983973               
3427           0.0146126514907               
6421           0.0175565671812               
663            0.072718501438                
4463           0.033247386387                
5456           0.0407626796147               
1978           0.0375580114979               
10661          0.0425547656104               
6388           0.033247386387                
10106          0.0231574171406               
7802           0.0185092617874               
7547           0.0224927438669               
4809           0.0133136576472               
7454           0.0168385850818               
7428           0.0306993500726               
1767           0.0369134923718               
7765           0.0406164486868               
8801           0.0537157496786               
3349           0.0556332820215               
11802          0.0670342606972               
11485          0.0393642607649               
3849           0.0330281763603               
8134           0.0261021493993               
8121           0.0186766874465               
1010           0.0235949813532               
578            0.0490563021021               
7453           0.0117088542593               
6383           0.0233302877728               
956            0.152665996941                
4275           0.049851258962                
2106           0.0420360622679               
11071          0.0397654898774               
8832           0.0306993500726               
5290           0.0262158543295               
7154           0.0126871356639               
1287           0.024334849187                
8803           0.0603778983961               
10972          0.0342208655739               
2118           0.0382441404995               
4014           0.024725032782                
2971           0.0285027700124               
11730          0.0218671922921               
6603           0.029389225715                
10849          0.0229873125574               
7128           0.0276845733542               
3303           0.0449270737977               
8029           0.0449270737977               
8323           0.0553545732865               
1124           0.0456132027994               
10692          0.00957280712022              
4790           0.0510439481756               
11985          0.0205142329082               
6599           0.0255511810559               
3150           0.110709146573                
11821          0.0256591140605               
2460           0.0496497160381               
90             0.0318001230903               
11569          0.0341724312776               
2737           0.0553545732865               
9607           0.0540955553289               
3567           0.0303563748572               
2033           0.0572928902101               
3580           0.0543442437693               
10137          0.024334849187                
214            0.0282229825589               
3796           0.0220201634152               
7518           0.0293793806068               
722            0.0310537598786               
6052           0.0183444319796               
10480          0.0351857033106               
6042           0.0823755998754               
2129           0.0660563527206               
9243           0.015492434474                
5317           0.0231574171406               
5648           0.0471345521773               
4247           0.0442825546716               
6441           0.0393642607649               
1369           0.0873497717515               
960            0.014051995598                
11266          0.0787285215298               
10809          0.0670342606972               
2336           0.0319951984651               
6008           0.0326028672609               
5684           0.0252338049611               
12086          0.0449270737977               
8795           0.024144999327                
11965          0.135618507275                
10923          0.0199923460623               
8291           0.0145640776311               
8978           0.0442825546716               
9601           0.0334712116991               
10586          0.0593818527792               
9109           0.0306993500726               
10043          0.0537157496786               
6394           0.0545463562682               
1881           0.0306993500726               
6793           0.125447271173                
4547           0.0556332820215               
10448          0.0406164486868               
11835          0.0380393253238               
8053           0.0553545732865               
441            0.0403701278015               
8123           0.0670342606972               
7435           0.0449270737977               
11862          0.013623831306                
532            0.0188467920297               
1643           0.0336998508259               
1875           0.0171590887512               
3868           0.0181285604078               
812            0.0289367612761               
4286           0.0499238279102               
4029           0.0466024014483               
5664           0.0308750781997               
2282           0.0431000805053               
10444          0.0942691043545               
2996           0.0463466873788               
7800           0.0872563600356               
4771           0.0271721218847               
6163           0.0205813076394               
4854           0.0698463770008               
9257           0.0316085627792               
11300          0.0627236355863               
5867           0.125650420222                
9565           0.0372308684666               
8874           0.0278166410108               
852            0.0510439481756               
11591          0.0269697159185               
3925           0.0510439481756               
8928           0.0670342606972               
8188           0.0242395004793               
8388           0.0431000805053               
1123           0.0274252602636               
9955           0.0229873125574               
110            0.0235949813532               
8602           0.0459746251148               
3653           0.0510439481756               
7198           0.0175565671812               
9551           0.0263307885261               
10748          0.0471345521773               
2222           0.0502601680888               
2075           0.0261021493993               
2816           0.0272979376683               
5401           0.0537157496786               
8424           0.0382441404995               
3391           0.024334849187                
6532           0.0349231885004               
940            0.0210630675216               
8900           0.0787285215298               
1897           0.0319951984651               
1534           0.0456132027994               
7412           0.036305823576                
5670           0.0349231885004               
8941           0.0272979376683               
6970           0.0670342606972               
9086           0.107431499357                
8482           0.0891058015087               
8064           0.0313210438444               
6105           0.0282229825589               
10248          0.021276411998                
444            0.0489105558773               
6236           0.0300241193903               
6329           0.0153680902537               
9237           0.0729437931478               
1392           0.0341724312776               
10571          0.0596651983973               
1515           0.032631270558                
10998          0.0254513702015               
893            0.0670342606972               
2549           0.0386045583925               
