332
3297           0.0603168511021               
9790           0.0209132517657               
8571           0.02642250517                 
3051           0.0679385701735               
10877          0.117148230144                
4649           0.108962022258                
2805           0.0435854561791               
2657           0.0458931647014               
11836          0.137076924789                
6216           0.0301584255511               
9546           0.0118215582555               
2870           0.0331512846923               
10631          0.0404349339094               
1445           0.233310911026                
2659           0.0178566443934               
3471           0.0477522316068               
1777           0.034602875491                
7439           0.0221333797733               
4952           0.0157576419516               
4887           0.021626782564                
6705           0.119640192644                
3870           0.0318887839555               
702            0.0679385701735               
1533           0.0984686282387               
1295           0.054481011129                
4428           0.0110169199282               
478            0.0168506007376               
9456           0.0292152009961               
6037           0.0416499647381               
1609           0.0612097906513               
2739           0.0684216296373               
3836           0.0404349339094               
8554           0.0460825823374               
9145           0.0303585888661               
7462           0.0466088437368               
12039          0.0309851015197               
10830          0.0326264229868               
9651           0.0466088437368               
3450           0.0393552025091               
8970           0.0391196518263               
3718           0.021876776899                
9583           0.0283555620863               
4885           0.0711943808761               
12001          0.0572737069551               
3615           0.0466088437368               
9310           0.019746954316                
10813          0.0180824121701               
8603           0.0455860484343               
6570           0.0349211852159               
3778           0.0301584255511               
10285          0.0423676877905               
1732           0.0446608175394               
9243           0.014146328474                
7237           0.0396446641856               
3649           0.0923152187812               
6613           0.0430391271748               
11041          0.0133429880378               
6772           0.0507030894649               
6058           0.042290632893                
3348           0.109691328507                
6628           0.0271211934486               
8165           0.0303585888661               
11927          0.0219615597684               
10178          0.0446608175394               
157            0.0438161479106               
2059           0.0137729140968               
11955          0.0416499647381               
4479           0.0235292117924               
2605           0.0290370753224               
271            0.0572737069551               
7184           0.0272671747988               
9278           0.0122125361188               
10032          0.033995954321                
2353           0.00948902330619              
632            0.0334247556453               
6278           0.0299623062172               
1532           0.0619702030395               
12058          0.0955260373629               
5222           0.0349211852159               
8293           0.0310709818212               
9424           0.0271211934486               
11238          0.0368624498219               
8143           0.11026357216                 
11458          0.0207532557742               
3439           0.0366910857395               
7106           0.131448443732                
8683           0.0285215076118               
3122           0.0295815681303               
1503           0.0491268765292               
5361           0.0265582776888               
115            0.0265582776888               
4801           0.0612097906513               
9053           0.0393552025091               
3809           0.0323742639564               
7919           0.00794558358636              
10944          0.0189167049119               
7552           0.0893216350788               
262            0.0224864214739               
8001           0.0278740959687               
2182           0.0430391271748               
149            0.0455860484343               
3312           0.0321284893898               
4906           0.0397962064709               
3321           0.0172615648277               
10167          0.0398800642145               
12108          0.0226678767915               
11105          0.021876776899                
5610           0.021709400738                
4986           0.0255957161233               
899            0.0769364533024               
4430           0.153872906605                
7099           0.0253997098675               
605            0.0288621592955               
1618           0.122251865815                
8859           0.0116728941426               
7596           0.0307717395937               
6              0.0323742639564               
2258           0.0348405506826               
1886           0.0207615677914               
7546           0.0523148279565               
11664          0.0403549544908               
1033           0.0572737069551               
6694           0.0337061543871               
8258           0.0290370753224               
6217           0.0393552025091               
2174           0.0323742639564               
10776          0.0318887839555               
69             0.0211453164465               
4852           0.0161240090858               
1563           0.0505449274329               
10097          0.0299623062172               
10292          0.0213830649053               
7436           0.0271211934486               
3427           0.0133429880378               
11262          0.0174202753413               
7802           0.0676041192865               
6395           0.0134133331054               
675            0.0410234520845               
4316           0.021709400738                
6639           0.0162650417384               
10361          0.04231971834                 
3629           0.0363103476525               
10988          0.0446608175394               
11852          0.0255218193624               
1954           0.0342946725623               
8291           0.0531945386467               
11778          0.0280319462247               
1551           0.0366910857395               
6904           0.0223082958001               
8066           0.0210673435225               
4357           0.0438161479106               
1981           0.0226678767915               
8721           0.0197613745407               
5342           0.0404349339094               
10769          0.0314264310098               
3091           0.0316548551217               
1824           0.079760128429                
7914           0.0359439805184               
8409           0.0612097906513               
3046           0.0679919086421               
4491           0.0342946725623               
461            0.0363103476525               
1644           0.0205383952765               
9770           0.0393552025091               
4486           0.0398800642145               
1795           0.0572737069551               
10543          0.0238341869316               
12196          0.035250287134                
11618          0.0446608175394               
8399           0.0359439805184               
5683           0.0222557297423               
3517           0.0466088437368               
6717           0.0787104050181               
8628           0.0307717395937               
10608          0.0337061543871               
4802           0.0184905986547               
5787           0.00905135972065              
6063           0.0143774721759               
2551           0.0393552025091               
6914           0.021876776899                
10840          0.0893216350788               
8180           0.0455860484343               
2522           0.021876776899                
1522           0.0379582665479               
5996           0.0186709303453               
3801           0.021626782564                
1592           0.0818015243963               
1876           0.0262886054354               
2648           0.0250423353943               
9584           0.125022681107                
4203           0.0244744789727               
8407           0.0349211852159               
4408           0.0162178028284               
5417           0.131448443732                
3771           0.033995954321                
1037           0.0517952869291               
1035           0.0299623062172               
9301           0.0290370753224               
2548           0.00808730255362              
7154           0.0231695526997               
8379           0.0458931647014               
4633           0.0212239207371               
8919           0.171709009371                
10528          0.0323742639564               
10849          0.0209899919033               
11730          0.0199671966008               
6697           0.04231971834                 
2306           0.0416499647381               
1710           0.0410234520845               
6261           0.0255218193624               
8166           0.0476683738632               
552            0.0711818776356               
2460           0.0226678767915               
8905           0.0312032584949               
5140           0.0383836346439               
1223           0.0305629664538               
12218          0.0186075543688               
2612           0.0370873683884               
4718           0.0523148279565               
812            0.15853503102                 
10137          0.0222204438264               
4093           0.0490484978623               
3796           0.0201068763753               
6040           0.0175816238232               
8892           0.0321284893898               
2463           0.0383836346439               
6068           0.0271211934486               
5984           0.021876776899                
9638           0.033995954321                
10472          0.0572737069551               
11387          0.0679385701735               
2112           0.034602875491                
4411           0.0758640760343               
8797           0.0430391271748               
12073          0.124949894214                
8186           0.0366910857395               
538            0.0619702030395               
6145           0.0111278648711               
908            0.0404349339094               
873            0.0171054074093               
2034           0.0334247556453               
12238          0.0482981097271               
3260           0.0490484978623               
10959          0.0404349339094               
11227          0.0679385701735               
9139           0.0305629664538               
9094           0.0572737069551               
3973           0.158274275608                
6130           0.0718879610367               
3349           0.0253997098675               
8594           0.0241490548635               
8057           0.0157128031798               
10948          0.0227598924269               
10657          0.0523148279565               
690            0.079760128429                
10106          0.042290632893                
6394           0.0498069347412               
1938           0.094888998458                
7524           0.0260262225211               
3357           0.0612097906513               
11936          0.0281924056936               
5227           0.0235292117924               
11918          0.0318781945386               
7393           0.019626544917                
10075          0.0217927280895               
3774           0.0490484978623               
11835          0.173670830063                
3986           0.0679385701735               
7322           0.0404349339094               
3857           0.0773122356845               
5624           0.0314264310098               
5205           0.0127978580617               
10998          0.0387332543493               
7064           0.0572737069551               
5604           0.0203202383013               
11991          0.042134687045                
11085          0.0572737069551               
1048           0.0283555620863               
4863           0.0283555620863               
7349           0.0256454844341               
4029           0.010638303484                
860            0.0679385701735               
6073           0.0393552025091               
4417           0.354473272384                
9520           0.0515414904564               
395            0.0326264229868               
2342           0.0253997098675               
8190           0.0446940091253               
8872           0.0410234520845               
11724          0.0965962194542               
11550          0.035250287134                
4654           0.018372212104                
1773           0.0404349339094               
8241           0.0455860484343               
3763           0.0477522316068               
9357           0.0262886054354               
6484           0.0523148279565               
9290           0.0379320380172               
8997           0.0149392242368               
1951           0.0279904694671               
7198           0.0160311129046               
8305           0.0383836346439               
6461           0.0505449274329               
3863           0.0318887839555               
5456           0.0372208936095               
12056          0.034602875491                
9226           0.0455860484343               
7922           0.0235292117924               
10717          0.0196937256477               
10983          0.0359439805184               
3648           0.0383836346439               
10273          0.0323742639564               
8205           0.0299623062172               
2173           0.0664001393199               
3812           0.0252791173                  
8941           0.0249260755994               
2399           0.0248111916923               
8064           0.014299811147                
366            0.0208371135178               
7877           0.0235292117924               
10839          0.0477522316068               
490            0.0269773748649               
11586          0.0240429600715               
12041          0.0412244350189               
1521           0.0301584255511               
3702           0.0172092327503               
12175          0.035250287134                
11292          0.00921031774703              
4795           0.0612097906513               
6853           0.0813635803459               
7363           0.054481011129                
1515           0.0148980030418               
