123
1938           0.0233085138468               
3297           0.0518567656613               
5683           0.0191341248885               
457            0.0695270012925               
12058          0.0328509943312               
9135           0.0630895346918               
5222           0.0600462287161               
5076           0.116818913736                
1319           0.0767933175246               
5787           0.0155636188353               
9348           0.281036789105                
4387           0.103321371286                
6914           0.0376166484936               
7235           0.0843378396985               
7518           0.0461278769613               
966            0.0821089376846               
3100           0.105248921719                
2186           0.0843378396985               
4906           0.0342143615832               
10893          0.037328848776                
8286           0.0783842321967               
6804           0.075340926221                
6235           0.0256167965815               
10850          0.210497843437                
5615           0.0727678476815               
1592           0.0468853220269               
5231           0.0899542242137               
9915           0.0843378396985               
5604           0.0349402137718               
9584           0.250802787315                
9116           0.0695270012925               
4338           0.0936789297016               
4863           0.0487567806155               
2018           0.105248921719                
6568           0.0556668522567               
3086           0.0525523650639               
6705           0.0685729147574               
12216          0.0624348637203               
11778          0.048200330085                
7237           0.019476614131                
4988           0.116818913736                
5162           0.0345733425179               
8294           0.073535442627                
8919           0.221437468092                
1365           0.0936789297016               
10849          0.0721836814404               
9173           0.0490421203861               
11918          0.0274069357681               
8190           0.0256167965815               
4986           0.0220056423485               
2739           0.264711429268                
11209          0.094797923267                
6853           0.0466343102275               
605            0.0496278636474               
9195           0.0727678476815               
8554           0.118857017385                
4448           0.075340926221                
6421           0.0275651546789               
7285           0.0285473185463               
2335           0.116818913736                
2194           0.086910918238                
8987           0.0819647460937               
5049           0.0449755878652               
2258           0.0599075793661               
11967          0.0176657527602               
9309           0.010237439706                
11664          0.0693894783984               
197            0.108859688402                
4690           0.0845482178451               
9520           0.221561217437                
7828           0.0343331661425               
11835          0.0298623266043               
5561           0.0676704263162               
12218          0.0106650968323               
8143           0.094797923267                
4677           0.0337474228812               
7971           0.124869727441                
812            0.0454329307233               
1291           0.086910918238                
1750           0.0652233255076               
8372           0.0624348637203               
9310           0.0135817857037               
4419           0.0821089376846               
9047           0.103713531323                
9121           0.0415237817001               
2318           0.0740048557373               
10987          0.26089330203                 
10285          0.020814380035                
6178           0.116818913736                
7919           0.0136622604977               
4423           0.0350643182105               
8343           0.0476618327372               
6299           0.19696182051                 
77             0.0337474228812               
1438           0.0525523650639               
10273          0.0556668522567               
2713           0.0630895346918               
11112          0.0525523650639               
6628           0.0466343102275               
6772           0.0290609581529               
10193          0.058455314044                
8291           0.0228667169676               
11062          0.0392948796862               
6925           0.0801429067744               
6102           0.0374721283691               
12238          0.0415237817001               
7304           0.105248921719                
6341           0.0821089376846               
10011          0.116818913736                
1848           0.0801429067744               
210            0.0278053310543               
9139           0.0525523650639               
220            0.101093839604                
3973           0.0544298442008               
10157          0.0449755878652               
3191           0.0548320798114               
5456           0.0640005279568               
9278           0.00969193561218              
5327           0.0705389456676               
8010           0.09640066017                 
8978           0.139054002585                
38             0.0783842321967               
10155          0.086910918238                
