126
6394           0.0738035299836               
3348           0.135449800556                
1522           0.0421846989459               
1881           0.0623062810764               
7527           0.190099951218                
9309           0.0661672642802               
3539           0.254603205588                
7440           0.0575623911371               
8414           0.0459798774745               
8293           0.0345305550881               
11029          0.0268150911936               
3740           0.0353261076245               
9360           0.0657506076757               
4387           0.0333896593095               
8053           0.112345622754                
1980           0.151006270319                
7254           0.127301602794                
940            0.0427488335169               
2683           0.0439233775179               
9955           0.0466542110503               
11455          0.0626629324731               
10586          0.060259621154                
10285          0.0269057620685               
6192           0.04123162018                 
8258           0.06454036984                 
7159           0.0679319503234               
10882          0.049389122239                
10998          0.0172183908541               
10441          0.109790365833                
1503           0.0272984343729               
6383           0.0473503010366               
956            0.0516408897567               
3258           0.0388387249294               
6798           0.0400650161674               
4029           0.0236456335119               
7786           0.103596935269                
7154           0.0257493477504               
2592           0.0783504035215               
2996           0.0940635460997               
1533           0.0437730151098               
11992          0.0475278898435               
5370           0.0348254606114               
4428           0.0244871798818               
8911           0.0216750546971               
4906           0.0442272827987               
10950          0.068395987955                
6138           0.0539142449883               
7622           0.0853148586149               
8103           0.0956625677555               
132            0.0486252577537               
1326           0.0466542110503               
2065           0.0464836416384               
8279           0.0463144100397               
8966           0.0637696836921               
2739           0.0380199902436               
9539           0.0405757363002               
11230          0.0310238974346               
6358           0.0956625677555               
7017           0.242188620478                
280            0.20379585097                 
6620           0.0400650161674               
8136           0.067526589871                
9177           0.101323580038                
2440           0.129872575409                
1123           0.0556613078301               
11821          0.0520768019206               
8683           0.0633944234817               
9607           0.16468554875                 
2269           0.0798922677445               
3994           0.0693551200014               
11835          0.0386016135517               
9534           0.0793795119139               
12256          0.138439486295                
3642           0.0381350674137               
9508           0.0898742576513               
2317           0.0570019201909               
4041           0.0376783960131               
2075           0.0529759702835               
234            0.0742928158985               
10564          0.0365772939415               
8131           0.0354276462506               
3169           0.0824336626744               
722            0.0630255782908               
613            0.077618912513                
12175          0.0783504035215               
12177          0.0693551200014               
12109          0.0796282378847               
5984           0.0486252577537               
2738           0.0556613078301               
5987           0.0556613078301               
7237           0.0125882477601               
6042           0.0278644187773               
3566           0.131501215351                
11967          0.045671361792                
11990          0.254603205588                
2129           0.0670327819605               
3878           0.0630255782908               
9243           0.0628857597709               
8816           0.136050290279                
8218           0.0258797222754               
4297           0.168346388569                
7014           0.213744167585                
5867           0.102006203795                
6346           0.070358878575                
10728          0.0419080679999               
11879          0.218039052279                
10330          0.0450063175317               
6102           0.0484384434418               
6913           0.0359426329454               
2059           0.0306128960892               
10246          0.0670327819605               
8853           0.106138330199                
11586          0.0534400079151               
8987           0.0529759702835               
6775           0.271955888558                
5591           0.0510031018976               
9201           0.0980076197771               
3349           0.0564556399181               
9278           0.0146163565116               
7800           0.0590307751492               
8057           0.0349246650079               
10265          0.0461464954317               
8291           0.0295587207011               
104            0.0527476409757               
7547           0.0456504524767               
9109           0.0623062810764               
