223
2070           0.058403668301                
5683           0.0129155010795               
9790           0.0242728617649               
7527           0.11911983678                 
7454           0.0178455148717               
11424          0.0499531491371               
1326           0.0243619298243               
8414           0.0240098058277               
8440           0.0788525639532               
2657           0.0266328368067               
4854           0.0370115586745               
10248          0.0225487191995               
326            0.0573304130022               
1010           0.025005936579                
10587          0.0456774202755               
2659           0.227977481637                
10882          0.0257900477359               
7681           0.0540963229304               
6383           0.0247254145991               
6214           0.0269658773344               
10972          0.0544008563563               
791            0.0664744434418               
1612           0.021053734321                
6468           0.032910742265                
9087           0.0332992997641               
9596           0.0275438014901               
8832           0.032535139123                
10849          0.0243619298243               
1533           0.0228574248346               
11117          0.0425853263823               
7237           0.0328667018088               
8911           0.0113182958104               
8926           0.0598213748401               
6145           0.0258310021589               
1818           0.0370115586745               
7622           0.0445497748596               
11730          0.0231748275377               
4802           0.0214610214674               
2880           0.0285094325907               
9154           0.041718202419                
2881           0.0241844922856               
6042           0.0145502624428               
11230          0.0324001626075               
11150          0.0305117392968               
6611           0.0469306051612               
7285           0.077077561822                
11985          0.0434819251933               
9201           0.204710760422                
6599           0.0541582299589               
11821          0.0271935022649               
9633           0.0345825864343               
3722           0.0357150666855               
4690           0.0285349501273               
9607           0.0859956195033               
2246           0.0175814479                  
10535          0.0469306051612               
9534           0.0414504512068               
10425          0.0410652435073               
2795           0.0378676957516               
8970           0.0454040295458               
6027           0.0306671493586               
12218          0.00719892184529              
6058           0.0245422064837               
4677           0.0227794518533               
2075           0.0829890919618               
10998          0.0269733355402               
9310           0.0504222497328               
3796           0.140021677045                
3651           0.0251010177411               
7518           0.0311362368627               
7244           0.0391208806373               
7804           0.0327213756085               
7183           0.0202808336031               
6068           0.0314780784381               
2640           0.0318195303516               
2506           0.0686674001784               
10285          0.0140496703861               
12109          0.0415803311149               
6949           0.0788525639532               
2146           0.0235014315894               
8441           0.0213236167054               
1709           0.0578606516235               
10692          0.0101452509815               
2889           0.0445497748596               
77             0.0455589037065               
9243           0.0164188658643               
8218           0.0135138921815               
4297           0.0175814479                  
6441           0.041718202419                
3474           0.0362159069544               
8842           0.0221743641384               
10270          0.0586647189178               
6775           0.28402024697                 
2084           0.0255888450528               
1315           0.04304526987                 
12293          0.0450994961198               
3349           0.088440141216                
9278           0.00763237966318              
10640          0.0518353560022               
8291           0.0308699885049               
9248           0.119411824001                
2353           0.0110133877589               
9601           0.0709455103557               
9109           0.032535139123                
2532           0.0540963229304               
7559           0.0357150666855               
6394           0.0192693904555               
3348           0.0848751303232               
7524           0.0302072058709               
1522           0.0220280367461               
2579           0.0266328368067               
9444           0.029480047072                
9955           0.0243619298243               
4796           0.0540963229304               
1353           0.0252936215909               
614            0.0387675554819               
8293           0.0180311903451               
4247           0.0469306051612               
3465           0.0391208806373               
441            0.0213921096266               
11346          0.0788525639532               
5738           0.0610234785937               
2683           0.0229359411861               
2789           0.0327213756085               
10628          0.132948886884                
8420           0.0357150666855               
11269          0.0788525639532               
4164           0.0372897715959               
9608           0.0306671493586               
11835          0.181413167504                
1875           0.0363703686511               
1503           0.042764148886                
8602           0.0243619298243               
10441          0.0573304130022               
6540           0.0529092206438               
5127           0.0245422064837               
5350           0.0350032267888               
3868           0.0384252587481               
10391          0.0314780784381               
7793           0.0662066922296               
7452           0.0241844922856               
6538           0.0318195303516               
10944          0.0219555795778               
8838           0.0265239755653               
10140          0.0499531491371               
1392           0.108647720863                
4412           0.0586647189178               
69             0.0490844129674               
8742           0.0952273317149               
7689           0.0476136658574               
6105           0.0299106874201               
8288           0.032535139123                
2342           0.029480047072                
4113           0.09393346834                 
11965          0.123195730522                
5370           0.0181851843255               
11591          0.0142912383722               
8859           0.0135480865957               
8296           0.0303584437234               
956            0.0539317546688               
12256          0.0481936210272               
8589           0.0586647189178               
2258           0.0404375120619               
9309           0.00691025402753              
11947          0.0540963229304               
8352           0.0539317546688               
12160          0.0710428394292               
1931           0.0632331149053               
11311          0.056927895371                
8421           0.0508549943939               
8913           0.0309845520616               
1979           0.116382829757                
10427          0.041718202419                
11837          0.0359627041449               
3653           0.0540963229304               
11890          0.0452606702768               
9811           0.041718202419                
201            0.0755907243428               
10375          0.0425853263823               
4640           0.0440256314783               
10564          0.0572998737801               
10748          0.149859447411                
2362           0.234690792388                
2222           0.106531347227                
6395           0.0155681184313               
7922           0.0546181255474               
2816           0.0289303258117               
5401           0.056927895371                
12175          0.0409130706387               
9238           0.0375750286257               
5664           0.0327213756085               
3420           0.0529092206438               
3629           0.0421434246131               
6431           0.041718202419                
8900           0.166872809676                
8730           0.0354727551779               
8205           0.0347756018583               
1897           0.033908477895                
10557          0.0435247912094               
3259           0.01985330613                 
5867           0.319594041681                
11105          0.025391172424                
3149           0.0483408246563               
7190           0.0483408246563               
10473          0.033908477895                
2603           0.079607882667                
3427           0.0154864727781               
10813          0.0209872618518               
444            0.311012136013                
663            0.0256889972753               
11314          0.0586647189178               
1909           0.0199133972103               
9237           0.0193264389361               
7547           0.023837786443                
5277           0.0213236167054               
7800           0.030824733058                
1123           0.0581305243303               
2825           0.0265239755653               
7802           0.0392321925964               
8482           0.0314780784381               
2686           0.0248181480513               
1515           0.0172912932172               
3057           0.0469306051612               
