393
6117           0.0351060489913               
9164           0.0260753067415               
9135           0.0246216819175               
10344          0.0305906778664               
1326           0.0140854077681               
3950           0.0365596738153               
25             0.0230135604405               
4387           0.0100806970266               
1598           0.0961329080711               
901            0.0320443026904               
8089           0.0181032621277               
2870           0.0222462859956               
6804           0.0588059598109               
6546           0.0267616571205               
1086           0.0191394578294               
10637          0.0339183510304               
6052           0.0112404964287               
1777           0.023220381098                
9116           0.0542680087551               
4952           0.0105742209608               
2342           0.0170445644916               
9087           0.0192527529203               
3746           0.0117258285052               
3086           0.0205093859534               
6705           0.0267616571205               
9861           0.0384337221553               
11922          0.015656410606                
3214           0.0731193476305               
6581           0.0329141667127               
1533           0.0132155437458               
3730           0.0362065242554               
2274           0.0260753067415               
478            0.0113076547918               
7344           0.0363995441867               
2880           0.0247250722442               
6701           0.0207926611716               
2739           0.390273885923                
7704           0.0172935490732               
3870           0.0213990804432               
8554           0.139157454085                
4448           0.0294029799054               
11965          0.011871405592                
5049           0.0175524296364               
12039          0.0207926611716               
4074           0.0275289315654               
8013           0.0351060489913               
7690           0.0241203343356               
899            0.0172094923776               
9520           0.397751628684                
4536           0.0384337221553               
8970           0.0262513797174               
6027           0.0354618297414               
6914           0.0146804879532               
1951           0.0375662056355               
7443           0.0305906778664               
10998          0.0103968345335               
1003           0.0155261201923               
2133           0.030546211458                
9310           0.0159015156366               
10813          0.0242685323577               
4107           0.0365596738153               
918            0.023220381098                
3778           0.0202379173602               
10285          0.0324925550353               
12109          0.0841421730907               
6633           0.0329141667127               
7237           0.0152021092026               
7231           0.0169636404258               
480            0.0159250797564               
8441           0.0123287374421               
7596           0.020649483902                
3364           0.0230135604405               
6058           0.0283792776963               
2713           0.0492433638351               
3667           0.0218940757052               
10204          0.0238834244628               
6628           0.0181997720933               
3385           0.0312770282454               
5591           0.0153983846579               
2059           0.00924236236495              
5615           0.0283987955877               
6758           0.0384337221553               
11620          0.111797420326                
5561           0.0264094468302               
9278           0.00630405018767              
133            0.0218940757052               
2079           0.0170445644916               
2683           0.159131277275                
2353           0.00636764240807              
1161           0.0248876087805               
2019           0.0267616571205               
632            0.0224297996389               
3348           0.0736087511495               
1522           0.0127360140242               
3676           0.0515149456056               
12058          0.0512824662315               
5813           0.0384337221553               
5222           0.117169919783                
3642           0.0230267734762               
11238          0.0371050145801               
8143           0.0369963786312               
11267          0.0329141667127               
11530          0.0294029799054               
7248           0.0365596738153               
9474           0.0220678007613               
1081           0.0305906778664               
11991          0.0141373148437               
5009           0.0351060489913               
7453           0.00717456581002              
1084           0.0305906778664               
6491           0.0166496373038               
2077           0.0279493550815               
1517           0.0243661862874               
1503           0.00824169074808              
4203           0.0164236850509               
6806           0.0217248635025               
9053           0.0528188936603               
2222           0.0153983846579               
5455           0.0176410609836               
9821           0.0365596738153               
3809           0.0217248635025               
9698           0.0283987955877               
7919           0.00533191176465              
4798           0.0312770282454               
262            0.0150895920858               
2182           0.0577631148246               
4906           0.0133526920436               
3321           0.0231668673751               
11846          0.0224297996389               
6242           0.0104251457248               
4982           0.0261684932722               
4986           0.0687043807114               
5650           0.018600778893                
8213           0.043449727005                
7099           0.0340891289833               
605            0.0387361066758               
1618           0.0410187719069               
10922          0.0365596738153               
8911           0.00654393198236              
6475           0.0243661862874               
5751           0.0339183510304               
8010           0.0188109359416               
2258           0.0584496846747               
9640           0.0133066543712               
11947          0.0312770282454               
8014           0.0305906778664               
8258           0.0194854313519               
7695           0.0312770282454               
69             0.0141896388482               
11837          0.0415853223433               
48             0.0329141667127               
10097          0.0201063107926               
2318           0.0577631148246               
5015           0.0172935490732               
2362           0.0113076547918               
11262          0.0233798738699               
7802           0.0567074770288               
4316           0.0291363391853               
6555           0.0320443026904               
5383           0.0144032417067               
6037           0.055898710163                
908            0.0271340043776               
8136           0.020387003276                
2101           0.0254544273008               
9355           0.0320443026904               
7208           0.0168047470966               
1954           0.0230135604405               
1263           0.0339183510304               
4654           0.0123287374421               
3427           0.017907717947                
11379          0.0283987955877               
1981           0.0152113583138               
1722           0.0132155437458               
9772           0.0157893601905               
5755           0.018600778893                
5608           0.0283987955877               
7914           0.0482406686712               
10232          0.037201557786                
1644           0.013782362266                
833            0.0305906778664               
678            0.0351060489913               
10543          0.0159940148285               
12196          0.0236548289543               
5538           0.0193680533379               
11618          0.0299697984257               
7547           0.013782362266                
11604          0.0217248635025               
4809           0.00815790433864              
457            0.0271340043776               
7454           0.00515889659833              
11860          0.0384337221553               
11424          0.0288815574123               
8958           0.0162053080599               
4802           0.0496327246105               
4786           0.0230135604405               
2551           0.0264094468302               
11093          0.0228131045158               
2638           0.0214535754716               
4529           0.0113414954058               
9459           0.0384337221553               
3269           0.0226186332526               
5597           0.0384337221553               
2579           0.0153983846579               
5996           0.0250583867334               
6287           0.0197267294387               
7010           0.0351060489913               
1592           0.0548932001728               
3737           0.0365596738153               
2648           0.0168047470966               
9584           0.167793818288                
3270           0.0294029799054               
4275           0.015273105729                
8686           0.0175524296364               
8997           0.0200500377593               
1035           0.0201063107926               
5928           0.0230135604405               
2548           0.0162810383258               
1287           0.0149111068515               
10867          0.0212421016779               
8379           0.0153983846579               
1423           0.0329141667127               
4633           0.0142423865334               
6275           0.0365596738153               
8919           0.360081042668                
2105           0.0215599356166               
10528          0.0217248635025               
1818           0.0213990804432               
10849          0.0422562233042               
4664           0.0351060489913               
11730          0.0401971721671               
6264           0.0388488506483               
7845           0.0194854313519               
7482           0.0351060489913               
3272           0.0246216819175               
812            0.0354618297414               
2599           0.0299697984257               
6261           0.017126506497                
6422           0.0164236850509               
1565           0.0382789156588               
3295           0.0294029799054               
5140           0.0257574728028               
6113           0.0365596738153               
4784           0.036794380677                
7353           0.0365596738153               
12218          0.0166488862603               
9583           0.152224796015                
3437           0.0236548289543               
4718           0.0351060489913               
5590           0.0365596738153               
3796           0.0134927899922               
11275          0.0212421016779               
8892           0.150919549316                
11778          0.094054679708                
2581           0.0264094468302               
4768           0.0352821219673               
11524          0.0384337221553               
4425           0.0518806472197               
6042           0.0168251350462               
8778           0.0190280995018               
8797           0.0288815574123               
2129           0.0202379173602               
9243           0.0379717735757               
2686           0.0143491807863               
4106           0.0477668489256               
6772           0.0226829908115               
5553           0.0209390561758               
6015           0.0339183510304               
1500           0.0230135604405               
12238          0.0324106161197               
410            0.0351060489913               
3260           0.0329141667127               
11266          0.0241203343356               
2626           0.0123287374421               
3516           0.0365596738153               
9139           0.0205093859534               
4206           0.0283987955877               
5447           0.0503297100539               
8100           0.0351060489913               
3973           0.0424842033558               
6130           0.0241203343356               
5963           0.0212421016779               
6273           0.036794380677                
3545           0.018600778893                
7624           0.0119454325651               
8291           0.0178481909694               
5165           0.0220678007613               
10106          0.0141896388482               
6394           0.0111410394811               
10812          0.0177309148707               
1938           0.0272895409695               
2763           0.0117619189218               
5227           0.031578720381                
11918          0.0320879615667               
4449           0.0384337221553               
6519           0.0320443026904               
4979           0.0312770282454               
11471          0.023220381098                
4430           0.0516284771327               
11835          0.0932339362541               
5162           0.0134927899922               
7518           0.0630074499467               
8317           0.055898710163                
2186           0.0329141667127               
9195           0.113595182351                
10653          0.0217248635025               
3036           0.0437881514105               
532            0.0230966321265               
11673          0.0312770282454               
7285           0.0222820789622               
8524           0.0106348195702               
6235           0.0399894290079               
3857           0.0172935490732               
1606           0.0351060489913               
4078           0.0407444753112               
11048          0.0424842033558               
11513          0.0299697984257               
5604           0.0272719345236               
3868           0.0222164435233               
10391          0.0181997720933               
1988           0.0731193476305               
210            0.0108514672073               
4863           0.0190280995018               
7349           0.0172094923776               
4026           0.0384337221553               
11064          0.0105742209608               
9121           0.0162053080599               
10769          0.0210888168756               
8284           0.0384337221553               
4222           0.0529231829509               
6163           0.0126111353721               
10734          0.0279493550815               
7332           0.0339183510304               
9625           0.0229572874072               
10524          0.052150613483                
4292           0.0365596738153               
9096           0.0213990804432               
5483           0.0228131045158               
11591          0.00826280682339              
8741           0.016726730553                
8550           0.0394534588775               
11007          0.0251648550269               
9207           0.0312770282454               
8987           0.1119581038                  
9620           0.0218940757052               
9309           0.00399532165394              
3792           0.0264094468302               
110            0.0289155100502               
197            0.0212421016779               
8620           0.0217248635025               
434            0.0299697984257               
3807           0.0312770282454               
4753           0.032649040599                
8913           0.0179144285139               
5210           0.0339183510304               
2721           0.0222462859956               
7198           0.0107577346041               
323            0.101817709203                
3595           0.0365596738153               
3142           0.0147373817954               
2241           0.0628171685275               
8979           0.0658283334253               
11715          0.0427981608864               
7922           0.0157893601905               
2100           0.0275289315654               
10717          0.0132155437458               
10932          0.0267616571205               
10983          0.0241203343356               
9154           0.0241203343356               
10595          0.030546211458                
5341           0.0299697984257               
2616           0.0625540564909               
11112          0.0205093859534               
3812           0.0169636404258               
12051          0.0132609397729               
3808           0.0365954667819               
1743           0.0248876087805               
4142           0.0702120979826               
6341           0.0640886053807               
490            0.0362065242554               
5624           0.0210888168756               
3250           0.0275289315654               
11724          0.0324106161197               
5405           0.0226186332526               
1909           0.0115133867381               
9387           0.0339183510304               
11292          0.00618061606399              
7214           0.0320443026904               
6853           0.05459931628                 
9254           0.0288815574123               
9588           0.0140854077681               
6063           0.00964805318675              
7474           0.0577631148246               
4417           0.0182977333909               
