436
10075          0.0148645358059               
6694           0.0229905286162               
3297           0.0205706690146               
9135           0.0250265113891               
6533           0.0356832623316               
10478          0.0293564277183               
25             0.0233919491933               
1598           0.0651423496513               
7235           0.0334553411443               
10877          0.0159810561984               
5136           0.0231881973742               
2805           0.0297290716118               
11836          0.0747987071033               
2870           0.0226120592289               
3772           0.017664445084                
1465           0.0344760362515               
1445           0.0159138331677               
3313           0.0344760362515               
1086           0.0194541486221               
9053           0.0536873414326               
3710           0.0511572306918               
3635           0.0250265113891               
995            0.0417504004579               
1777           0.0236021703942               
7439           0.0452906696391               
4952           0.0107480822063               
7186           0.0298437288069               
2852           0.0125314464317               
3086           0.020846601092                
3870           0.0217509239305               
912            0.0288657283282               
1533           0.107462668773                
11496          0.0390656490677               
1707           0.0390656490677               
8911           0.0133030545058               
1000           0.0417504004579               
6037           0.170453388751                
6701           0.0211345339187               
2739           0.221680133734                
6042           0.0256526606469               
11230          0.00952045114352              
11275          0.0215913641217               
8554           0.125729315278                
2081           0.0220820635119               
7462           0.0317912848612               
4432           0.0284088981252               
5049           0.0356820530518               
12039          0.0211345339187               
7490           0.0390656490677               
9633           0.0101617337096               
4074           0.0279815620095               
4207           0.020177202086                
10653          0.0220820635119               
11175          0.0275801414323               
6770           0.0344760362515               
2374           0.0781312981353               
9520           0.175778894508                
9534           0.0243595688313               
8970           0.0133415023328               
6853           0.0184990125816               
11176          0.0334553411443               
9583           0.212750552761                
6581           0.0334553411443               
718            0.0344760362515               
3576           0.0376046727543               
9585           0.068952072503                
481            0.0113914433823               
9047           0.0411413380291               
8786           0.020707197803                
6266           0.0344760362515               
3859           0.0163278061878               
12109          0.061089741386                
9243           0.00964902628343              
4823           0.0417504004579               
7237           0.0193150776809               
726            0.0124516694227               
1208           0.0288657283282               
11041          0.0182021564837               
5415           0.0137627942567               
77             0.0133870104957               
2713           0.0500530227783               
3667           0.0222540579002               
6628           0.0184990125816               
3171           0.0255786153459               
7615           0.0279815620095               
10455          0.0161175849869               
5615           0.0577314566564               
115            0.0181150550783               
7589           0.0200510761459               
8862           0.0220820635119               
2605           0.0198058106381               
9207           0.0317912848612               
11620          0.0568177962504               
5561           0.0268436707163               
11179          0.0171613111143               
9278           0.0128154026478               
6015           0.0344760362515               
2079           0.121273677469                
2683           0.0404369280744               
9248           0.0233919491933               
2353           0.00647233912701              
1161           0.0252968106192               
3808           0.018598584558                
2258           0.0237642855448               
632            0.0227985902018               
3348           0.0748190255708               
1522           0.0258908389034               
5544           0.0371607876418               
12058          0.026062826039                
9893           0.0229905286162               
3404           0.0215913641217               
3461           0.0743215752836               
10646          0.0261809769379               
5222           0.0476385706181               
6804           0.0597728468707               
8293           0.0529827793828               
11238          0.0125716982982               
11086          0.0177521471827               
1534           0.0284088981252               
10430          0.023819285309                
4153           0.0417504004579               
4358           0.0183042511395               
8779           0.0317912848612               
6491           0.0169233904899               
2077           0.0284088981252               
10441          0.0168459461959               
5231           0.0356832623316               
6738           0.0258729487644               
3109           0.0198058106381               
9139           0.020846601092                
10813          0.0123337776737               
5119           0.024276115512                
4798           0.0317912848612               
8822           0.0304625615806               
262            0.0153376950225               
2182           0.0293564277183               
7810           0.0310936495155               
5835           0.0417504004579               
3312           0.0219144238832               
4906           0.0407167106566               
3321           0.0353216651987               
12108          0.0154614633298               
6242           0.0105965558766               
8905           0.0425666718966               
9627           0.0111590893085               
899            0.0174924506957               
1380           0.0317912848612               
4430           0.0524773520872               
4885           0.0485607593215               
605            0.0590595080876               
1618           0.020846601092                
8859           0.0079619289622               
6157           0.0334553411443               
8443           0.0245169206548               
7014           0.0655926905699               
5012           0.0781312981353               
10592          0.0417504004579               
4776           0.0214355590121               
9640           0.0135254422622               
11664          0.04128838277                 
1460           0.0356832623316               
5909           0.0390656490677               
8258           0.0198058106381               
9689           0.0220820635119               
69             0.0144229447619               
7154           0.0158036499284               
5737           0.0215913641217               
2318           0.117425710873                
2179           0.0371607876418               
3158           0.0293564277183               
11363          0.0325711748256               
3427           0.00910107824183              
5508           0.0196865026959               
7802           0.0345839165122               
6395           0.0457452984781               
4316           0.0296153986109               
7142           0.0317912848612               
10291          0.0356832623316               
10148          0.0190125575781               
6279           0.0195693065099               
5383           0.0439201790302               
2938           0.0250265113891               
8136           0.0103611030998               
5928           0.0233919491933               
3259           0.0116673754597               
3319           0.017664445084                
6325           0.0325711748256               
9166           0.0293564277183               
8066           0.0143697604466               
2175           0.0215913641217               
257            0.0417504004579               
6019           0.0139589985865               
3332           0.0258729487644               
11699          0.0390656490677               
9772           0.0160489687081               
6886           0.0240437614382               
5608           0.0288657283282               
7914           0.0245169206548               
2241           0.0638500078449               
10196          0.0334553411443               
3618           0.0265040366993               
5456           0.0380818296484               
7951           0.0150968898797               
1794           0.0227154931163               
2057           0.0265040366993               
3648           0.0261809769379               
5538           0.0196865026959               
4883           0.0325711748256               
9199           0.0279815620095               
6237           0.0344760362515               
3624           0.0362301101566               
1056           0.0417504004579               
7004           0.0136668300893               
10021          0.0298864234354               
11617          0.0220820635119               
4802           0.02522439271                 
10603          0.0356832623316               
2551           0.0536873414326               
6914           0.0596874576137               
7856           0.0250265113891               
3290           0.0179311151489               
6386           0.0275801414323               
10840          0.0304625615806               
8129           0.0417504004579               
2638           0.0109031574828               
4529           0.0115279721707               
10893          0.0148076993054               
3269           0.0229905286162               
10983          0.0245169206548               
5996           0.0254703965017               
7453           0.0291701198249               
1592           0.018598584558                
10647          0.0390656490677               
6383           0.0145306123642               
9584           0.326892641903                
6544           0.0182089773857               
7628           0.0390656490677               
4408           0.0110619519432               
2399           0.0169233904899               
11071          0.0247668149022               
8685           0.0317912848612               
1035           0.040873797146                
11606          0.0344760362515               
11778          0.0382404503608               
9285           0.0781312981353               
1287           0.0151562751356               
4633           0.0434296791722               
7374           0.0222540579002               
8919           0.248881014504                
5656           0.0298864234354               
832            0.0183042511395               
3048           0.0390656490677               
1365           0.0371607876418               
10849          0.128852999238                
5546           0.0417504004579               
11730          0.0953355519868               
6264           0.0263250687331               
2306           0.0284088981252               
2881           0.014212723561                
3272           0.0750795341674               
2599           0.0304625615806               
5747           0.0258729487644               
8166           0.0162569882758               
5522           0.0258729487644               
2194           0.0344760362515               
10040          0.0298864234354               
6422           0.0166937231321               
6599           0.0159138331677               
11374          0.0390656490677               
7476           0.00962311074487              
2866           0.0390656490677               
3295           0.0298864234354               
5140           0.0261809769379               
4747           0.0310936495155               
3642           0.0234053794777               
12218          0.0338452541955               
2238           0.0250265113891               
2328           0.0390656490677               
5489           0.0371607876418               
7233           0.0191202251804               
1710           0.0279815620095               
7518           0.0182981193913               
8892           0.109572119416                
2846           0.0417504004579               
8364           0.0236021703942               
2581           0.0268436707163               
4768           0.0179311151489               
5750           0.0371607876418               
1975           0.0205706690146               
4423           0.027818799531                
4425           0.0527336683525               
4411           0.258729487644                
4448           0.0597728468707               
4868           0.0417504004579               
548            0.0334553411443               
12073          0.0284088981252               
8431           0.0371607876418               
10285          0.0123850489994               
4106           0.0728283465361               
6772           0.103751749537                
9642           0.0236021703942               
2186           0.0334553411443               
8120           0.0344760362515               
873            0.0116673754597               
1500           0.0467838983867               
12238          0.0164717555885               
1600           0.0417504004579               
12188          0.0390656490677               
1702           0.0390656490677               
11981          0.0390656490677               
5447           0.0511572306918               
3973           0.0215913641217               
633            0.0417504004579               
6130           0.0490338413096               
10466          0.0180224464128               
2347           0.0356832623316               
11455          0.0192296724929               
8594           0.0329435111771               
7936           0.0214355590121               
3095           0.0417504004579               
11852          0.0348162007241               
8291           0.0226770634551               
8978           0.0275801414323               
10106          0.0144229447619               
1743           0.0252968106192               
6394           0.0679453221094               
3121           0.0209890025298               
1938           0.0924607845183               
7524           0.0177521471827               
2763           0.0119553082864               
3801           0.0147513465257               
9441           0.0162569882758               
12278          0.0390656490677               
2538           0.049856712376                
797            0.0261809769379               
11835          0.0592293048697               
6848           0.0259765532693               
2887           0.0153992899936               
9195           0.115462913313                
5334           0.0177521471827               
11862          0.0169704389034               
9035           0.0371607876418               
10586          0.0369843138073               
1565           0.0389082972441               
216            0.0284088981252               
6235           0.0203234674192               
10692          0.00596215318285              
11375          0.0390656490677               
3647           0.0417504004579               
1299           0.0344760362515               
6265           0.0140089717419               
11048          0.0215913641217               
4076           0.0391386130197               
5604           0.0554406788493               
1080           0.0265040366993               
10391          0.0184990125816               
5205           0.00872925218978              
4863           0.0193409593419               
7349           0.0174924506957               
7452           0.014212723561                
4976           0.0183042511395               
2136           0.0279815620095               
3806           0.117196947203                
4222           0.0179311151489               
2203           0.0536873414326               
6163           0.0128184875459               
9008           0.0356832623316               
11577          0.0417504004579               
9625           0.035002126379                
8190           0.0101617337096               
1233           0.0317912848612               
9549           0.0227985902018               
11591          0.0251959914555               
8741           0.0510052539168               
8550           0.0200510761459               
11330          0.0417504004579               
8188           0.0150968898797               
8347           0.0159138331677               
1773           0.0275801414323               
8987           0.0325139765516               
5963           0.0215913641217               
9387           0.0344760362515               
197            0.0431827282435               
2393           0.0293564277183               
6785           0.0222540579002               
9116           0.110320565729                
10157          0.0356820530518               
11062          0.0311751785397               
470            0.0261809769379               
4742           0.0178410265259               
7198           0.0109346131793               
323            0.0517458975289               
7101           0.0417504004579               
7564           0.0417504004579               
787            0.0344760362515               
11715          0.0217509239305               
7922           0.0320979374162               
2213           0.0334553411443               
3849           0.0205706690146               
1767           0.0459810572324               
1706           0.0792232425524               
4734           0.0252968106192               
10932          0.0544033440902               
3106           0.0304625615806               
5058           0.0356832623316               
6435           0.0310936495155               
9875           0.020177202086                
6299           0.0390656490677               
2865           0.0417504004579               
940            0.013118538114                
10595          0.0155242259954               
5341           0.0304625615806               
2173           0.0301937797594               
2616           0.0317912848612               
4400           0.0781312981353               
5692           0.0371607876418               
8308           0.0472043407884               
12051          0.0134789760248               
9310           0.0242444523195               
6546           0.0272016720451               
6341           0.0325711748256               
7877           0.0160489687081               
5085           0.0356832623316               
490            0.0552027474001               
5624           0.0214355590121               
11537          0.0417504004579               
11724          0.0329435111771               
5405           0.0229905286162               
6261           0.017408100362                
10156          0.0587079195296               
10635          0.0463400132741               
7214           0.0651423496513               
10998          0.0105677791929               
6063           0.0196133727801               
9121           0.0164717555885               
4417           0.037197169116                
