448
10075          0.0146616775147               
6694           0.0226767738236               
9135           0.0246849712696               
6533           0.0351962881189               
10478          0.0289557966565               
25             0.0230727161609               
4006           0.0106014017032               
7235           0.0329987716675               
10877          0.0157629606053               
5136           0.0228717449698               
2805           0.0146616775147               
11836          0.0922223990362               
8089           0.0362995921242               
12066          0.0166160473344               
3772           0.0174233760596               
1465           0.0340055372132               
1445           0.0313933099525               
3313           0.0340055372132               
1086           0.0191886552762               
9053           0.0264773315825               
3710           0.050459081181                
3635           0.0246849712696               
995            0.0411806272067               
1777           0.0232800684451               
9116           0.10881500634                 
9595           0.013387014769                
7186           0.0294364474825               
3086           0.0205621047626               
6705           0.0268304472197               
3870           0.0214540861874               
912            0.028471793906                
1533           0.105996111482                
11496          0.0385325149746               
1707           0.0385325149746               
8911           0.0131215059569               
1000           0.0411806272067               
6037           0.140105990627                
6701           0.0208461081319               
2739           0.207146686314                
6042           0.0168683835903               
11230          0.00939052428433              
11275          0.0212967039125               
8554           0.10851178681                 
2081           0.021780706663                
7462           0.0313574249811               
4432           0.0280211981254               
11965          0.0119019207116               
11202          0.0280211981254               
12039          0.0208461081319               
7490           0.0385325149746               
9633           0.0100230551822               
4074           0.0275996939223               
4207           0.0199018411336               
11175          0.027203751585                
6770           0.0340055372132               
2374           0.0770650299493               
9520           0.121366011638                
9534           0.0240271305653               
8970           0.0131594290813               
1598           0.0642533433675               
11176          0.0329987716675               
1951           0.00941569213192              
6581           0.0329987716675               
2713           0.0493699425392               
3095           0.0411806272067               
9310           0.0212565200567               
10813          0.0121654569743               
9047           0.0405798767336               
8741           0.0503091784531               
4745           0.0385325149746               
6266           0.0340055372132               
3859           0.0161049784516               
12109          0.0723072499015               
9243           0.00951734474225              
4823           0.0411806272067               
7237           0.0190514822546               
1773           0.027203751585                
1208           0.028471793906                
11041          0.0269306238607               
77             0.0132043161884               
1438           0.0205621047626               
718            0.0340055372132               
6628           0.0182465541039               
1565           0.0191886552762               
3171           0.0252295405905               
5591           0.0154379657796               
7615           0.0275996939223               
6102           0.0293233550294               
10455          0.0158976261673               
5615           0.056943587812                
7589           0.0197774364509               
8862           0.043561413326                
2605           0.019535518114                
1157           0.0385325149746               
6475           0.0488576377901               
11620          0.0560423962507               
5561           0.0264773315825               
11179          0.0169271084259               
9278           0.0139045600633               
6015           0.0340055372132               
2079           0.119618639511                
2683           0.0398850799549               
9248           0.0230727161609               
2353           0.00638401025669              
1161           0.0249515816903               
7141           0.0237156330376               
3808           0.0183447672083               
10592          0.0411806272067               
2870           0.0223034694582               
3348           0.0901975071648               
1522           0.0255375031917               
5544           0.0366536494452               
12058          0.038560714794                
9893           0.0226767738236               
3404           0.0212967039125               
3461           0.0733072988905               
7936           0.0211430250958               
5222           0.0704826610917               
6804           0.0589571189034               
8293           0.0209038865468               
11238          0.0124001306645               
11086          0.0175098812761               
1534           0.0280211981254               
1010           0.0144949182843               
10430          0.0234942203639               
4153           0.0411806272067               
4358           0.018054450597                
8779           0.0313574249811               
6491           0.0166924347358               
2077           0.0280211981254               
5231           0.0351962881189               
6806           0.043561413326                
6738           0.0255198572018               
3109           0.019535518114                
7628           0.0385325149746               
5119           0.0239448161446               
4798           0.0940722749434               
3448           0.0351962881189               
623            0.027203751585                
2182           0.057911593313                
7810           0.0306693103574               
5835           0.0411806272067               
3312           0.0216153548345               
4906           0.0401610443071               
3321           0.03483962575                 
12108          0.0152504586895               
7439           0.0297817212433               
5610           0.0146056166695               
4986           0.00861012292762              
3295           0.0294785594517               
9627           0.0110067997369               
5747           0.0255198572018               
899            0.0172537289015               
4430           0.0862686445077               
4885           0.0478980441997               
605            0.0388356767662               
1618           0.0205621047626               
8859           0.0235598143856               
7191           0.0366536494452               
6157           0.0329987716675               
8443           0.0241823349876               
7014           0.0776370461087               
7432           0.0264773315825               
5012           0.0770650299493               
2258           0.0351599567831               
4776           0.0211430250958               
9640           0.0133408587581               
1460           0.0351962881189               
5909           0.0385325149746               
1709           0.016769726151                
9689           0.021780706663                
69             0.0142261129222               
7154           0.0155879754222               
5737           0.0212967039125               
2318           0.115823186626                
2712           0.0226767738236               
3158           0.0289557966565               
3427           0.00897687462024              
5508           0.0194178383831               
7802           0.0227412968118               
6395           0.0360968050591               
4316           0.029211233339                
7142           0.0313574249811               
10291          0.0351962881189               
10148          0.0187530906837               
6279           0.019302241589                
5383           0.057761059364                
2938           0.0246849712696               
8136           0.0102197037519               
11967          0.00691205921032              
10998          0.00521177965449              
5928           0.0230727161609               
3259           0.0115081492396               
3319           0.0174233760596               
6325           0.0321266716838               
11778          0.0377185778639               
9166           0.0289557966565               
8066           0.0141736544204               
2175           0.0212967039125               
257            0.0411806272067               
6019           0.0137684982818               
3332           0.0255198572018               
11699          0.0385325149746               
9772           0.015829946304                
6886           0.0237156330376               
5608           0.028471793906                
7914           0.0241823349876               
2241           0.0629786383211               
10157          0.0351950953423               
3618           0.026142332596                
5456           0.0375621218695               
7951           0.0148908606216               
1794           0.0224054917696               
2057           0.026142332596                
3648           0.025823681674                
202            0.028471793906                
5538           0.0194178383831               
4883           0.0321266716838               
3168           0.026142332596                
9199           0.0275996939223               
6072           0.0223034694582               
6237           0.0340055372132               
3624           0.0357356730391               
1056           0.0411806272067               
7004           0.0134803170468               
10021          0.0294785594517               
11617          0.021780706663                
4802           0.0124400760389               
632            0.0224874548182               
5787           0.00608955963423              
10603          0.0351962881189               
2551           0.0264773315825               
6914           0.0588728949649               
7856           0.0246849712696               
9585           0.0680110744263               
6386           0.027203751585                
10840          0.0300468349633               
2638           0.0107543606469               
4529           0.0113706484059               
10893          0.0146056166695               
3269           0.0226767738236               
10983          0.0241823349876               
5996           0.0251227986232               
7453           0.0287720313317               
1592           0.0917238360416               
10647          0.0385325149746               
6383           0.0143323111705               
9584           0.322431494673                
6544           0.0179604770568               
3258           0.011755969423                
2399           0.0166924347358               
11071          0.024428818895                
8685           0.0313574249811               
1035           0.0403159870163               
11606          0.0340055372132               
2548           0.00544096276143              
9285           0.0770650299493               
1287           0.0149494354391               
4633           0.0428369885816               
7374           0.021950353821                
8919           0.216603972615                
5656           0.0294785594517               
832            0.018054450597                
3048           0.0385325149746               
1365           0.0366536494452               
10849          0.14121613919                 
5546           0.0411806272067               
8938           0.0156966549763               
11730          0.0671674964765               
6264           0.0259658070293               
2306           0.0280211981254               
2881           0.0140187606379               
3272           0.0740549138089               
2599           0.0300468349633               
6261           0.017170529708                
8166           0.0160351270011               
5522           0.0255198572018               
2194           0.0680110744263               
10040          0.0294785594517               
6422           0.0164659016789               
6599           0.0156966549763               
11374          0.0385325149746               
7476           0.00949178287648              
2866           0.0770650299493               
8905           0.0419857588807               
8350           0.0232800684451               
4747           0.0306693103574               
3465           0.0226767738236               
8196           0.0329987716675               
3642           0.0230859631603               
12218          0.0375562839639               
2328           0.0385325149746               
7233           0.0188592889319               
1710           0.0275996939223               
7518           0.0180484025295               
8892           0.086461419338                
2846           0.0411806272067               
8364           0.0232800684451               
2581           0.0264773315825               
4768           0.0176864068428               
5750           0.0366536494452               
4423           0.0137195763425               
4425           0.0520140049878               
4411           0.306238286422                
4448           0.0589571189034               
4868           0.0411806272067               
2129           0.0202899383668               
548            0.0329987716675               
12073          0.0280211981254               
8431           0.0366536494452               
8218           0.0156669007181               
10285          0.0203600476556               
4106           0.0718344484337               
6772           0.102335835653                
9642           0.0232800684451               
2186           0.0329987716675               
8120           0.0340055372132               
873            0.0115081492396               
1500           0.0461454323217               
12238          0.0162469633558               
1600           0.0411806272067               
12188          0.0385325149746               
2626           0.0123604281205               
1702           0.0385325149746               
9139           0.0205621047626               
2650           0.0321266716838               
5447           0.050459081181                
3973           0.0212967039125               
633            0.0411806272067               
6130           0.0241823349876               
10466          0.0177764916968               
2347           0.0351962881189               
11455          0.0189672426025               
8594           0.0324939267117               
5049           0.0175975476711               
11852          0.0343410594161               
8291           0.0313146211883               
8978           0.027203751585                
1743           0.0249515816903               
6394           0.0558483860741               
3121           0.020702562829                
1938           0.0911989599315               
2763           0.0117921526089               
8524           0.0106621560796               
11918          0.010723480928                
9441           0.0160351270011               
12278          0.0385325149746               
2538           0.0655684149481               
6067           0.0294785594517               
11835          0.0467367957538               
6848           0.0128110239012               
2887           0.0151891338411               
9195           0.113887175624                
5334           0.0175098812761               
9035           0.0366536494452               
10586          0.0364795839726               
7285           0.0111696772148               
216            0.0280211981254               
12166          0.0385325149746               
6235           0.0100230551822               
10692          0.00588078688777              
11375          0.0385325149746               
3647           0.0411806272067               
1299           0.0340055372132               
1863           0.0264773315825               
11048          0.0212967039125               
4076           0.019302241589                
5604           0.0546840725534               
1080           0.026142332596                
10391          0.0182465541039               
5205           0.00861012292762              
210            0.0108793606035               
4863           0.0190770107051               
7349           0.0172537289015               
4029           0.00715722117698              
4976           0.018054450597                
2136           0.0275996939223               
3806           0.115597544924                
4222           0.0176864068428               
2203           0.052954663165                
6163           0.0126435519466               
9008           0.0351962881189               
11577          0.0411806272067               
5140           0.025823681674                
6236           0.0184444798072               
9625           0.0345244477189               
8190           0.0100230551822               
1233           0.0313574249811               
9549           0.0224874548182               
11591          0.0331361845588               
6554           0.0173380016626               
8550           0.0197774364509               
11330          0.0411806272067               
8347           0.0156966549763               
9207           0.0313574249811               
8987           0.0320702540022               
5963           0.0212967039125               
197            0.042593407825                
2393           0.0289557966565               
6785           0.021950353821                
262            0.0151283794647               
11062          0.0307497267443               
470            0.025823681674                
9583           0.228924128461                
323            0.0510397144037               
9551           0.0161755850676               
7101           0.0411806272067               
7564           0.0411806272067               
787            0.0340055372132               
11715          0.0214540861874               
7922           0.031659892608                
2213           0.0329987716675               
3849           0.0202899383668               
1767           0.0453535476471               
1706           0.0781420724561               
4734           0.0249515816903               
10932          0.0536608944393               
3106           0.0300468349633               
5058           0.0351962881189               
6435           0.0306693103574               
9875           0.0199018411336               
6299           0.0385325149746               
8129           0.0411806272067               
940            0.0129395076848               
10595          0.0153123648247               
5341           0.0300468349633               
3359           0.0366536494452               
2616           0.0313574249811               
4400           0.0770650299493               
5692           0.0366536494452               
8308           0.0465601368902               
12051          0.0132950266516               
6925           0.0313574249811               
6546           0.0268304472197               
6341           0.0321266716838               
5085           0.0351962881189               
490            0.0544493881863               
5624           0.0211430250958               
2092           0.0232800684451               
11537          0.0411806272067               
11724          0.0487408900675               
5405           0.0226767738236               
9387           0.0340055372132               
10156          0.057906724767                
7214           0.0642533433675               
6853           0.0364931082078               
9121           0.0162469633558               
4417           0.0366895344166               
