380
169            0.0235177305274               
9790           0.0324015204821               
5923           0.023837783858                
1326           0.0162602081253               
8571           0.0204685849921               
4387           0.0116371662361               
4006           0.0122068907352               
5519           0.0443679254136               
11316          0.0422045222274               
5990           0.0443679254136               
11836          0.169901872207                
8089           0.0626952690593               
3654           0.025892982038                
12066          0.0382648030779               
3772           0.0401239861958               
3859           0.0185439357696               
9586           0.0206804333164               
5510           0.0245219023821               
1445           0.325327955323                
3545           0.0214727568468               
1086           0.0220946083234               
9590           0.0223584991959               
1777           0.0268056300264               
9116           0.0313235204629               
3064           0.0185439357696               
9400           0.0405264563479               
3746           0.0135363075799               
2519           0.0443679254136               
3870           0.0247031188181               
10524          0.0301013589048               
3796           0.0311521792022               
1533           0.0457681088116               
5162           0.0311521792022               
11334          0.032783596639                
10980          0.0345971638094               
3262           0.0290503325795               
132            0.016947169257                
2880           0.00951421563895              
4600           0.0265668760627               
4986           0.0297421509164               
2739           0.0662547860488               
3836           0.0939705613887               
9539           0.0141417013004               
11230          0.0216252731656               
8554           0.178492774845                
11696          0.0287302792489               
2081           0.0250792030916               
10784          0.016690046153                
4763           0.0226319881784               
844            0.0287302792489               
11965          0.0274087238146               
2513           0.0443679254136               
12039          0.0240030678342               
3722           0.023837783858                
8097           0.0301013589048               
9520           0.0598910684985               
848            0.023837783858                
6027           0.0204685849921               
12041          0.0479026787869               
1549           0.0443679254136               
1951           0.0650496952771               
2133           0.0176312877811               
9310           0.0397729036816               
481            0.0129375736075               
9047           0.0233626710506               
8786           0.0235177305274               
10877          0.0363002446581               
8603           0.0353139076264               
10835          0.0345971638094               
3778           0.0233626710506               
10285          0.046886795549                
12109          0.0693812890362               
9243           0.0328759886505               
6633           0.0379961453605               
2151           0.023061826206                
7237           0.0131619969926               
11041          0.0206726866316               
2556           0.0759922907211               
77             0.0152039937224               
2713           0.0284232930254               
7785           0.0218396646479               
6628           0.0210098342159               
6648           0.0121721557165               
5591           0.0177759098958               
6102           0.0337641192037               
10178          0.0691943276188               
117            0.0213543273411               
11869          0.0180737752957               
7589           0.0227725552278               
1725           0.0268056300264               
5109           0.0268056300264               
3191           0.0247031188181               
6781           0.0391553766921               
6854           0.0391553766921               
9278           0.0101883621462               
2079           0.0393525229234               
10032          0.0263354695526               
2353           0.00735081245268              
10474          0.0252745418194               
7141           0.027307157045                
2070           0.0194905700966               
2870           0.0256811337136               
8801           0.0379961453605               
1522           0.0441074001116               
8121           0.01321106259                 
12058          0.0444003958476               
5222           0.0270522133695               
8293           0.0361043944227               
6951           0.0252745418194               
9424           0.0630295026477               
11238          0.02855604275                 
8143           0.106771636706                
7106           0.237599795794                
8286           0.0353139076264               
8805           0.0268056300264               
8779           0.0361062311568               
3348           0.0566493415617               
1503           0.00951421563895              
8165           0.0235177305274               
10839          0.0739839470116               
1965           0.0322647620911               
7552           0.0345971638094               
5046           0.0254750901894               
4238           0.0443679254136               
2182           0.0333408973485               
149            0.0353139076264               
1341           0.0374148460771               
8742           0.0953382743527               
3312           0.0248888101832               
4906           0.015414360396                
12108          0.0175600065063               
3274           0.0161417786196               
12127          0.0186252351364               
9173           0.0220946083234               
4419           0.0369919735058               
3696           0.0281283486269               
10055          0.0322647620911               
9627           0.012673682735                
5747           0.0293846150879               
5831           0.0405264563479               
4430           0.0595999631102               
4885           0.0183839272184               
605            0.0223584991959               
1618           0.0710281639586               
11669          0.0422045222274               
7187           0.0422045222274               
7596           0.0953511354319               
11616          0.0322647620911               
3917           0.0313235204629               
8881           0.0313235204629               
6475           0.0281283486269               
9439           0.0333408973485               
8010           0.0217153623437               
11664          0.0156307816109               
6694           0.0261109717413               
1709           0.0193093536606               
9947           0.0353139076264               
10776          0.0494062376362               
12145          0.0229157999054               
2174           0.0250792030916               
11890          0.0100696445082               
2610           0.0219660561641               
4415           0.0443679254136               
1887           0.0391553766921               
7833           0.0333408973485               
9546           0.00915774519994              
7670           0.027307157045                
7802           0.0392778992528               
10349          0.0422045222274               
3290           0.0407297151588               
10133          0.030487090541                
8832           0.0217153623437               
5383           0.0166271159264               
2938           0.0284232930254               
1035           0.0232107443038               
4853           0.0243449502605               
11967          0.00795882977532              
2049           0.0322647620911               
813            0.0474170709489               
2683           0.0306168829748               
8590           0.0551420958348               
11778          0.0217153623437               
2925           0.0178492774845               
8066           0.0163201297028               
10473          0.0226319881784               
5419           0.0443679254136               
628            0.0333800923059               
10239          0.0369919735058               
5342           0.0313235204629               
9772           0.0182272524225               
10927          0.0379961453605               
3046           0.0526709391051               
3779           0.032783596639                
10232          0.0214727568468               
10943          0.0175600065063               
7951           0.0171459504743               
9770           0.030487090541                
3391           0.0344267918652               
4486           0.0308936824352               
5538           0.0223584991959               
4883           0.0369919735058               
10728          0.0146060536116               
6063           0.0111377217759               
5683           0.00862036534499              
7922           0.14581801938                 
1372           0.0379961453605               
4633           0.0328828491225               
4802           0.0143240161251               
10812          0.0409371699842               
5787           0.0070117698736               
9864           0.047675567716                
2020           0.0240030678342               
4316           0.0336350176695               
10840          0.0345971638094               
11911          0.0361062311568               
230            0.014558306669                
5912           0.0263354695526               
3914           0.0317794247842               
1602           0.0134536680868               
1592           0.042245841662                
9915           0.0379961453605               
9410           0.0206804333164               
9584           0.0807088930978               
4275           0.0176312877811               
4408           0.0125633611742               
2399           0.0192203571403               
490            0.0417968460396               
11949          0.0322647620911               
8316           0.032783596639                
7145           0.0759922907211               
2548           0.0187948461295               
7154           0.0538459115376               
5331           0.0204685849921               
8294           0.0496941238451               
12138          0.0112902649005               
8919           0.149644043337                
10528          0.0250792030916               
1047           0.0844090444547               
2538           0.0188745436537               
6264           0.0149490500469               
7388           0.0443679254136               
2881           0.0161417786196               
7561           0.0422045222274               
1848           0.0361062311568               
9598           0.0223584991959               
3272           0.0284232930254               
10692          0.0406282819871               
7285           0.0385836797225               
5032           0.0339428279705               
11985          0.014510860971                
2756           0.0369919735058               
552            0.0275710479174               
2460           0.0351200130126               
8905           0.0241720663663               
2626           0.01423230623                 
3688           0.0215930813049               
3642           0.0132910646018               
12218          0.019219490135                
9583           0.0658981684924               
4545           0.0297344511037               
2612           0.0287302792489               
812            0.0409371699842               
7233           0.0434307246873               
6040           0.0272397306166               
9195           0.065567193278                
1954           0.0265668760627               
8892           0.0248888101832               
6546           0.0617873648704               
3635           0.113693172101                
4411           0.0293846150879               
2288           0.0353139076264               
8502           0.0617873648704               
12073          0.0322647620911               
635            0.0474170709489               
6772           0.0130926330843               
6145           0.03448146138                 
8166           0.0184635059313               
6043           0.0261109717413               
1500           0.0265668760627               
12238          0.0187074230385               
614            0.0129375736075               
11266          0.0556890737998               
1574           0.0205737631848               
9139           0.0236760546529               
2336           0.0226319881784               
3973           0.171653316675                
6130           0.0835336106997               
11730          0.0309357691897               
3158           0.0333408973485               
3349           0.059028784385                
367            0.0085130865187               
8594           0.0187074230385               
10265          0.0321665120073               
11852          0.0395417107812               
8291           0.0412079372641               
690            0.0308936824352               
7310           0.0313235204629               
6394           0.0128612265742               
11460          0.0212377340259               
1938           0.0945092161576               
1842           0.0313235204629               
3801           0.0167535074426               
11918          0.0123474577847               
4730           0.0405264563479               
10622          0.0722124623135               
11835          0.309434365997                
3036           0.0252745418194               
11466          0.0252745418194               
10586          0.0315030720525               
8524           0.0122768458275               
6235           0.011540958721                
7128           0.0195828426431               
10292          0.0165647079484               
5205           0.00991405030547              
4258           0.0443679254136               
10546          0.0256811337136               
12020          0.028193609878                
5604           0.0314827471547               
210            0.0125269440658               
4863           0.0219660561641               
5572           0.0339428279705               
4976           0.0207886383227               
11064          0.0244137814705               
1335           0.0219660561641               
11992          0.0165647079484               
6700           0.0361062311568               
2171           0.027307157045                
2342           0.059028784385                
10179          0.0443679254136               
5792           0.033894338514                
11724          0.0561222691156               
926            0.025892982038                
8372           0.0281283486269               
8550           0.0227725552278               
8406           0.0293846150879               
262            0.0174194394568               
2676           0.0226319881784               
3718           0.016947169257                
5210           0.0391553766921               
642            0.0422045222274               
2721           0.0256811337136               
7198           0.0124187390596               
2916           0.0353139076264               
9416           0.0179233679182               
2241           0.0241720663663               
10252          0.0281283486269               
11011          0.0219660561641               
2213           0.0379961453605               
11862          0.00963689565476              
1706           0.0449880009737               
8865           0.0226319881784               
8299           0.025892982038                
12111          0.0247031188181               
10813          0.0140078084188               
1547           0.0422045222274               
2173           0.0171459504743               
8675           0.014096804939                
2136           0.0317794247842               
12051          0.0306168829748               
3808           0.021122920831                
9795           0.0422045222274               
2206           0.0159675595956               
4061           0.0245219023821               
366            0.0161417786196               
6478           0.0333408973485               
8767           0.0278445368999               
5624           0.0243449502605               
3098           0.0124187390596               
3651           0.0167535074426               
4182           0.0409371699842               
4921           0.0185023280371               
6329           0.0108707072821               
2661           0.0180737752957               
6613           0.0333408973485               
8205           0.0464214886076               
10998          0.00600105783738              
7363           0.0422045222274               
5730           0.0443679254136               
1515           0.011540958721                
4417           0.380212574958                
