35
3348           0.194295139607                
5222           0.185566625433                
9310           0.0209865481503               
5996           0.0992148896564               
1592           0.434682635875                
7237           0.0300952252658               
5604           0.107979097109                
9584           0.332177113865                
11967          0.0545941717829               
210            0.0859294840512               
8196           0.260637323006                
2399           0.131843437926                
2852           0.0976275398674               
917            0.135619620718                
6628           0.144118486096                
5591           0.121935146981                
8066           0.111949116851                
69             0.112363454803                
8483           0.182237418873                
8919           0.114054911182                
490            0.143354252892                
8641           0.155245769199                
2650           0.253749133123                
4986           0.0680061492356               
2739           0.0908959048779               
4430           0.272553521573                
605            0.15336975163                 
9278           0.00998397303723              
1533           0.104649890548                
11292          0.0489424277245               
7596           0.163517012375                
6853           0.144118486096                
7432           0.20912841525                 
5538           0.15336975163                 
12039          0.164650789834                
