188
3026           0.056557273558                
1186           0.0192946297572               
7527           0.141494948428                
7454           0.0317963440182               
10081          0.0328591710796               
1326           0.0289380014049               
8414           0.0855592064894               
8571           0.0728551488017               
3348           0.016802969895                
4735           0.0658339532331               
10242          0.147218388289                
9963           0.0442941700684               
7352           0.0388676603273               
8134           0.0985775132389               
105            0.0334411505862               
8369           0.0410427193802               
7159           0.0421358507547               
3305           0.113114547116                
2648           0.0345247935379               
6383           0.0587395241317               
4952           0.0217243849847               
10717          0.0271508947258               
7528           0.069684123167                
6468           0.0390925970467               
1271           0.0642576134259               
9238           0.0446330089201               
10385          0.0244652345743               
2548           0.0111496171002               
11936          0.0388676603273               
7607           0.0751106329081               
4428           0.0303771097986               
8911           0.080665742597                
5610           0.029929819504                
6145           0.0306830198657               
6263           0.0384288203645               
7622           0.052917870496                
11730          0.0275279173974               
7555           0.0295909806522               
8132           0.0583443802371               
2880           0.0169322793045               
8029           0.056557273558                
2031           0.0517003570017               
10559          0.069684123167                
4822           0.0658339532331               
8918           0.0375920841832               
8293           0.0214181148744               
10692          0.0120509043935               
9608           0.0364275744008               
8166           0.0328591710796               
5787           0.0249574427202               
4763           0.0805554886695               
3063           0.0936639922581               
9819           0.0424236773266               
11821          0.0323014478911               
8905           0.0430185939243               
11569          0.0430185939243               
4690           0.0338948692829               
9607           0.170247963109                
9835           0.0282143970872               
12256          0.0572461657616               
12218          0.0171022913189               
9243           0.0780117448619               
812            0.0364275744008               
729            0.0549809337509               
9310           0.00544485576146              
10813          0.199435567653                
7900           0.0751106329081               
11881          0.0676210599121               
5631           0.13601268631                 
10661          0.0535708497434               
10285          0.100132309133                
9860           0.0721242090934               
7237           0.00780805683274              
7005           0.0453375621032               
10300          0.0843873125831               
10720          0.0574210196773               
5738           0.0362429725808               
10972          0.0215397831647               
760            0.0583443802371               
1655           0.0583443802371               
4121           0.0297029764503               
10962          0.0511307638169               
10380          0.0549809337509               
1682           0.0342061256316               
6775           0.36548390168                 
8795           0.0303953766975               
6422           0.0337419142493               
3349           0.0350174903933               
9278           0.0077708767623               
8291           0.00916712856049              
2353           0.0130821093705               
1722           0.0271508947258               
9601           0.0421358507547               
8357           0.0460812767474               
3415           0.0826154925074               
6394           0.0228888947671               
2957           0.0843873125831               
2763           0.0241644709112               
1602           0.0239432523248               
7251           0.0786427580479               
9955           0.0289380014049               
4547           0.0350174903933               
1124           0.0574210196773               
454            0.0684122512632               
2737           0.069684123167                
5162           0.0277204879105               
6538           0.0377964151715               
10202          0.0810558179943               
5334           0.0358812365126               
7776           0.0936639922581               
10586          0.0186884845157               
700            0.0991088480196               
5340           0.078960802842                
7247           0.135242119824                
10279          0.0257408107183               
4078           0.0418540841419               
1503           0.0169322793045               
5205           0.0529315737149               
11272          0.114011742624                
10441          0.102148777866                
10950          0.0424236773266               
8701           0.0936639922581               
3868           0.022821471855                
3304           0.113114547116                
3896           0.047280593883                
4029           0.0146665726497               
7919           0.0109542352395               
11065          0.052917870496                
562            0.0279158697712               
3138           0.097196117398                
4770           0.0615719532744               
2730           0.0717624730252               
10790          0.114842039355                
3098           0.0221014076563               
12255          0.0717624730252               
4113           0.0371925494462               
10749          0.0500595186612               
9629           0.0936639922581               
9096           0.043963698469                
236            0.0245414935827               
8859           0.0160929184086               
8142           0.21637262728                 
956            0.160155332893                
9858           0.0421358507547               
2258           0.0720497589455               
1886           0.0572461657616               
4190           0.060407443492                
1521           0.0415781275661               
8602           0.0289380014049               
8341           0.213589151306                
3898           0.0615719532744               
11486          0.0936639922581               
1030           0.131667906466                
972            0.0843873125831               
201            0.029929819504                
8343           0.0382146810799               
697            0.0195029362155               
6610           0.185962747231                
938            0.02607964957                 
2750           0.0327175462685               
8702           0.069684123167                
8218           0.0160523010185               
1393           0.0498588919131               
2738           0.0345247935379               
5987           0.0345247935379               
2028           0.0340495926219               
1335           0.0781851940934               
11891          0.0229566590626               
10676          0.0477055000395               
7412           0.0457042540759               
5867           0.0316354687206               
1005           0.0658339532331               
6105           0.0355290209284               
628            0.0297029764503               
4531           0.0386464417409               
2745           0.101225742748                
210            0.0222939781694               
6387           0.0936639922581               
663            0.030514341212                
4267           0.0334411505862               
9237           0.0459133181252               
3702           0.0237256309484               
1794           0.0229566590626               
7409           0.0843873125831               
11604          0.0892660178402               
3323           0.0721242090934               
2549           0.145794176097                
11337          0.069684123167                
