88
7520           0.205556285047                
6394           0.0465872045208               
1186           0.0392715712924               
4809           0.0341129711038               
3624           0.0745243159916               
1886           0.0582583575899               
7454           0.0862894602738               
7428           0.0786595291603               
6933           0.0380378458276               
2924           0.0901547051986               
2021           0.108575995228                
7918           0.0591163848865               
6663           0.11346314799                 
1158           0.0609180406781               
5415           0.113238720355                
2805           0.0611518628389               
10893          0.0609180406781               
6743           0.237503960099                
6200           0.0686770364427               
5580           0.250610470445                
10545          0.0582583575899               
5423           0.133995978176                
10393          0.0646554149344               
11598          0.0854884147081               
6279           0.0805070244486               
11048          0.0888256555413               
10248          0.0545155694184               
10816          0.0630984131981               
4275           0.0638657911116               
4753           0.0455082470648               
10105          0.0671716747493               
9301           0.0814799891075               
4051           0.152877386723                
10081          0.0668803338494               
5827           0.040563834834                
4428           0.0309142193481               
8911           0.0273640083719               
478            0.0472839206191               
4906           0.0558354178885               
11062          0.0641264640527               
3073           0.08755844499                 
7128           0.0709349057845               
10139          0.0814799891075               
6108           0.0636075890412               
8422           0.0657451648289               
4986           0.0359116517034               
11591          0.0345516297694               
10692          0.0245279622871               
12223          0.124040916429                
11672          0.0857617423967               
9309           0.0167067774362               
3661           0.0433482257706               
1293           0.245902124429                
12218          0.0174046836152               
7179           0.306054116116                
10582          0.122951062215                
10866          0.0910164941295               
2837           0.0660245530676               
3589           0.0578392706395               
3651           0.0606862085173               
697            0.0396955505047               
2816           0.069944246994                
2627           0.0824889975885               
10620          0.333857444666                
7237           0.0476766848217               
5880           0.190640203817                
660            0.208374542557                
9406           0.0680648732767               
4724           0.106439853537                
5407           0.0372453502411               
5738           0.0737675974852               
4423           0.0572224869808               
960            0.0720095607813               
2156           0.0786595291603               
9588           0.0588993310331               
95             0.14679893084                 
2407           0.190640203817                
2128           0.127917522293                
3656           0.152877386723                
8250           0.110433348957                
9278           0.0158165533423               
11292          0.0775343158399               
3619           0.109036113746                
119            0.0509011755718               
6063           0.0403441553009               
7547           0.0576321204817               
10728          0.0529074892601               
8064           0.0401262332228               
