116
6206           0.0873178705559               
8897           0.0902985592646               
3384           0.0630260096393               
1186           0.122357146276                
3868           0.0482408871471               
8121           0.149098431059                
3633           0.0915847069664               
7454           0.0224041033699               
188            0.0798954866032               
10081          0.0694589540006               
7571           0.145281997112                
4014           0.06579438683                 
9750           0.139162291045                
5787           0.026377991424                
11238          0.0537133323214               
2021           0.150349629436                
7918           0.0613956603111               
11292          0.107364944071                
1158           0.0632667802586               
10132          0.0598541690075               
1139           0.106927265609                
6852           0.125427091901                
6714           0.0596406557148               
5632           0.114691187436                
7453           0.0311577700731               
1503           0.0357920900221               
2659           0.0520388568356               
11598          0.0443922415083               
3274           0.060724710832                
7439           0.0645023642705               
1053           0.286593007556                
4408           0.0472628507902               
8997           0.0870734875118               
4333           0.0726409985558               
3746           0.0509230353664               
2140           0.089068349054                
80             0.0613956603111               
6138           0.0706891642112               
4913           0.110543719882                
8911           0.0284190477137               
4911           0.0590096174255               
4906           0.0579881932326               
8790           0.0620829097422               
2141           0.100841683583                
6242           0.0452744182814               
4784           0.0798954866032               
10849          0.0611702377878               
6383           0.0620829097422               
7344           0.0790381368409               
11891          0.0485266509607               
4686           0.0679928032928               
9627           0.0476778759888               
9313           0.0422425715533               
9539           0.0532005017772               
2032           0.0999435009387               
10692          0.0254736557994               
9972           0.0469895116879               
12223          0.0858822697452               
11965          0.0515552488713               
6599           0.0679928032928               
8955           0.0873178705559               
11617          0.0943469360799               
9309           0.0173509194504               
3419           0.0999435009387               
7171           0.0882903248188               
2009           0.336447037295                
3661           0.0450195482963               
2246           0.0882903248188               
1293           0.127691530277                
11837          0.0902985592646               
2181           0.0786190124788               
11890          0.0378815907065               
8956           0.103753467775                
4921           0.0348025005873               
9744           0.147320960208                
6498           0.121378715086                
3784           0.128501785194                
1142           0.0896767677075               
9310           0.0345286238316               
2278           0.0770019794026               
4953           0.125427091901                
9203           0.0803341058854               
2697           0.0958362471468               
8173           0.0523659168598               
10285          0.0352772413581               
26             0.0663281833644               
10620          0.0577882604076               
11458          0.0604803277879               
6849           0.0846215096374               
2812           0.0530316035025               
697            0.041226041466                
2687           0.0553100782851               
9406           0.0706891642112               
6431           0.104750008741                
5407           0.077362743881                
5350           0.0878894127623               
3589           0.060069305991                
5020           0.0747375410266               
5818           0.085140613688                
8675           0.0530316035025               
2828           0.101769320033                
12051          0.0575897306314               
10866          0.0472628507902               
614            0.0486706226556               
6542           0.0990729591142               
1048           0.0826354046927               
4561           0.105817696848                
6759           0.0383787981793               
5927           0.282756656845                
3179           0.0798954866032               
9278           0.016426372116                
12224          0.12100910229                 
29             0.0697615277619               
3258           0.0509230353664               
119            0.0528637075972               
6773           0.121378715086                
