434
169            0.0207954452312               
3297           0.0206583346009               
9790           0.0429763435598               
11317          0.0465374995314               
1326           0.0287560287438               
9632           0.0221761701763               
8571           0.0180992522926               
6447           0.0525851037103               
4006           0.0107938870816               
10877          0.0481474869857               
2556           0.100793751198                
5990           0.0392321343204               
11836          0.131455581558                
8089           0.0554380037845               
11272          0.0188824658976               
3654           0.0228957504729               
12066          0.0507532146287               
3772           0.0354794505542               
3859           0.0163973900551               
9586           0.0182865782006               
1445           0.431504626003                
3545           0.0189871866442               
1086           0.019537055957                
10975          0.017566997904                
9590           0.0197704002492               
1777           0.0711082657981               
9116           0.0276976791394               
10972          0.0107021665932               
3064           0.0163973900551               
9400           0.0358353329382               
3746           0.0119694178221               
2519           0.0392321343204               
3870           0.0218436193843               
10385          0.0121556941476               
3796           0.0275461714165               
1533           0.0269801600405               
5162           0.0137730857082               
8911           0.0133597478526               
11334          0.0579774895877               
10980          0.0611847664737               
3262           0.0256876231915               
132            0.0149854565983               
2880           0.0252387044754               
1609           0.0419283272591               
4986           0.0262993603792               
2739           0.058585490338                
3836           0.0553953582789               
8354           0.0273175968372               
11230          0.0191220484988               
7233           0.0576051283224               
8554           0.189397699874                
10302          0.0465374995314               
2081           0.0221761701763               
10784          0.0147580966742               
9972           0.011044846298                
1948           0.0465374995314               
844            0.0254046175035               
11965          0.0363540572684               
2513           0.0392321343204               
12039          0.0212246025162               
3722           0.0210784509192               
8097           0.0266169883936               
9987           0.0465374995314               
9520           0.0529584023148               
7828           0.0136774059283               
4387           0.0102901108092               
848            0.0210784509192               
8970           0.0267967190638               
6027           0.0180992522926               
12041          0.04235772376                 
3718           0.0149854565983               
9583           0.0582701529013               
10812          0.0361985045851               
2133           0.0155903852619               
9310           0.0297583909219               
481            0.0343199701688               
9047           0.0206583346009               
8786           0.0207954452312               
8908           0.0266169883936               
8603           0.0312261606659               
5519           0.0392321343204               
3778           0.0206583346009               
10285          0.049751320406                
12109          0.0736201034982               
9243           0.00969014733525              
6633           0.0335979170661               
2151           0.0203923139285               
7237           0.0155179138721               
11041          0.0274195923451               
77             0.0134440616361               
2713           0.0251331663449               
7785           0.0193116231826               
2805           0.0149278836847               
6628           0.0185778494334               
6648           0.0215263456015               
5591           0.0157182667028               
6102           0.0298557673694               
117            0.0188824658976               
11869          0.0159816528149               
7589           0.0201365273943               
1725           0.023702755266                
5109           0.023702755266                
3191           0.0218436193843               
1077           0.0465374995314               
6854           0.0346229620481               
5508           0.0197704002492               
9278           0.0109395151121               
2079           0.0347972876979               
8010           0.0192017094408               
2353           0.00649992215817              
10474          0.0223488975494               
7141           0.0482924564586               
2070           0.017234447112                
2870           0.0227084245649               
8801           0.0335979170661               
1522           0.0650029433639               
8121           0.0116818214333               
12058          0.0392608461526               
7251           0.039074111914                
5222           0.0239207954549               
8293           0.0319251449858               
6951           0.0223488975494               
3740           0.0108868904155               
11238          0.0505010993588               
8143           0.0566473976928               
9410           0.0182865782006               
2683           0.0270728381853               
10181          0.0177397252771               
7106           0.180082738655                
8286           0.0312261606659               
8805           0.023702755266                
8779           0.0319267691095               
6713           0.0305923832368               
3348           0.0584405735154               
3122           0.0202631908426               
6962           0.0274501474617               
8165           0.0207954452312               
10816          0.0154030593539               
10839          0.065419965429                
7128           0.0173160386875               
12132          0.0136300774012               
7552           0.0305923832368               
5831           0.0358353329382               
623            0.0276976791394               
4238           0.0392321343204               
2182           0.0294815353872               
149            0.0312261606659               
1341           0.0330839058439               
8742           0.168604862653                
11689          0.0285299677272               
4906           0.0136300774012               
5103           0.0319267691095               
12108          0.015527355122                
3274           0.0142732936253               
12127          0.0164692786469               
4982           0.00890403691904              
3696           0.0248723631149               
10055          0.0285299677272               
9627           0.011206645764                
5747           0.0259832109645               
4430           0.0702679916158               
4885           0.0162559032285               
605            0.0197704002492               
1618           0.0418708852244               
8859           0.0159917202939               
11669          0.0373191549868               
7187           0.0373191549868               
7596           0.0632353527576               
6308           0.0419283272591               
11616          0.0285299677272               
3917           0.0276976791394               
230            0.0128731158239               
6475           0.0248723631149               
9439           0.0294815353872               
1886           0.0142215452709               
11664          0.0138214468667               
6694           0.0230885068671               
8258           0.0198902166436               
1709           0.0341484146211               
2721           0.0227084245649               
10776          0.0436872387686               
12145          0.0202631908426               
1646           0.0269580698217               
4408           0.0111090944305               
2174           0.0221761701763               
11890          0.00890403691904              
48             0.0335979170661               
2610           0.0194233843004               
4415           0.0392321343204               
1887           0.0346229620481               
2362           0.0115425570766               
3771           0.0232870180259               
3046           0.0465740360518               
7670           0.0482924564586               
7802           0.0463084027465               
7116           0.0392321343204               
10349          0.0373191549868               
4316           0.0297416099306               
10133          0.0269580698217               
8832           0.0192017094408               
5383           0.0147024509103               
5331           0.0180992522926               
1035           0.0205239940726               
2108           0.0156540185703               
11967          0.00703755868385              
2049           0.0285299677272               
11852          0.0349645761925               
1954           0.0234916381699               
3755           0.0319267691095               
10032          0.0232870180259               
8590           0.0487591450431               
6781           0.0346229620481               
2925           0.0157831416562               
8066           0.0144309997517               
10473          0.0200122316262               
3427           0.00913986411504              
628            0.0295161933484               
6995           0.0221761701763               
5342           0.0276976791394               
9772           0.0161173642596               
1678           0.0134440616361               
9546           0.00809769414295              
3779           0.0289887447938               
10232          0.0189871866442               
10943          0.015527355122                
7951           0.0151612279769               
9770           0.0269580698217               
3391           0.0304417326275               
4486           0.0546351936743               
367            0.0225829729925               
5538           0.0197704002492               
4883           0.0327099827145               
10728          0.0129153358386               
6063           0.00984847933864              
10252          0.0248723631149               
5683           0.00762251847372              
8004           0.0254046175035               
1372           0.0335979170661               
2160           0.0148708049653               
11359          0.0465374995314               
632            0.0228957504729               
5787           0.00620012531442              
9864           0.0421569018384               
2020           0.0212246025162               
3290           0.0360150636084               
10840          0.0305923832368               
11911          0.0319267691095               
10893          0.0148708049653               
11966          0.0392321343204               
5912           0.0232870180259               
3914           0.0281008104422               
7922           0.0967041855575               
5939           0.0346229620481               
1602           0.0237926884597               
1592           0.0373556915072               
9915           0.0335979170661               
5613           0.0281008104422               
9584           0.0713664681264               
4275           0.0155903852619               
426            0.0419283272591               
2399           0.0169955125462               
6478           0.0294815353872               
11949          0.0285299677272               
8316           0.0289887447938               
7145           0.0671958341323               
2548           0.0166192563887               
7154           0.01587100001                 
3001           0.023702755266                
4633           0.0290765083467               
8294           0.0439418008269               
12138          0.00998336489619              
8919           0.117619607282                
10528          0.0221761701763               
1047           0.0746383099736               
2538           0.0166897285586               
6264           0.0132186288617               
7388           0.0392321343204               
2881           0.0142732936253               
7561           0.0373191549868               
1848           0.0319267691095               
9598           0.0197704002492               
3272           0.0251331663449               
10692          0.0299378098267               
4600           0.0234916381699               
5032           0.0300137897758               
11985          0.0128311621833               
4853           0.0215269104819               
7718           0.0221761701763               
2756           0.0327099827145               
552            0.0243795725215               
2460           0.0310547102439               
8905           0.0213740386922               
2246           0.010376284326                
2626           0.0125848514327               
4533           0.0327099827145               
3688           0.0190935829937               
3642           0.0352576885347               
12218          0.0127460594256               
4921           0.0163605986087               
2612           0.0508092350071               
9539           0.0375142033189               
812            0.0361985045851               
4419           0.0327099827145               
6040           0.0120433033598               
9195           0.0579774895877               
8892           0.0220078161213               
11778          0.0192017094408               
6546           0.0273175968372               
3635           0.0753994990348               
4862           0.0234916381699               
8836           0.017827801134                
8326           0.0358353329382               
4425           0.0176528007716               
4411           0.0259832109645               
8502           0.0546351936743               
3259           0.0117170980676               
12073          0.0285299677272               
5317           0.0144844107214               
6772           0.0115771006866               
6145           0.0228675554212               
4759           0.0251331663449               
1500           0.0234916381699               
12238          0.016541952922                
614            0.0228799801126               
11266          0.049242807797                
1574           0.0181922556265               
9139           0.0209354426122               
2336           0.0200122316262               
3973           0.238517175412                
6130           0.0738642116955               
11730          0.0410322177849               
3349           0.0695945753958               
8881           0.0276976791394               
10265          0.0142215452709               
7624           0.0121935838797               
8291           0.0364379293091               
690            0.0546351936743               
7310           0.0276976791394               
6394           0.0113724805426               
11460          0.018779368794                
1938           0.0557128936163               
1842           0.0276976791394               
3801           0.0148142120281               
4931           0.0281008104422               
11918          0.0109181828497               
7393           0.0134440616361               
703            0.0273175968372               
4730           0.0358353329382               
10622          0.0319267691095               
11835          0.261719573056                
3036           0.0223488975494               
10586          0.0371419290775               
9940           0.0327099827145               
10239          0.0327099827145               
10292          0.0146472669423               
5205           0.00876645345974              
4258           0.0392321343204               
10546          0.0227084245649               
1503           0.00841290149181              
12020          0.0249300700765               
5604           0.0278384746106               
3868           0.0340169432292               
5419           0.0392321343204               
490            0.0369586691897               
4863           0.0194233843004               
5572           0.0300137897758               
2282           0.0269580698217               
11064          0.0215877741632               
1335           0.0194233843004               
10290          0.0392321343204               
11992          0.0146472669423               
6700           0.0319267691095               
10734          0.0285299677272               
2171           0.0241462282293               
2342           0.0521959315469               
10179          0.0392321343204               
5792           0.0299709131965               
11724          0.0496258587659               
926            0.0228957504729               
1874           0.0223488975494               
8372           0.0248723631149               
6554           0.0176528007716               
8550           0.0201365273943               
794            0.0358353329382               
262            0.0154030593539               
2676           0.0200122316262               
470            0.0262925518552               
642            0.0373191549868               
4742           0.0179170592524               
1951           0.0575198943566               
7198           0.0109812129896               
2916           0.0312261606659               
9795           0.0373191549868               
9416           0.015848655782                
11500          0.0373191549868               
2241           0.0213740386922               
3312           0.0220078161213               
7833           0.0294815353872               
11011          0.0194233843004               
2213           0.0335979170661               
11862          0.0255641421974               
1706           0.0397804332872               
159            0.0170742073106               
8299           0.0228957504729               
940            0.0131744451112               
4976           0.0183822579805               
1547           0.0373191549868               
2173           0.0151612279769               
8675           0.0124650350383               
2136           0.0281008104422               
12051          0.0270728381853               
8064           0.00979528201508              
3528           0.0169955125462               
10813          0.0123863402739               
210            0.0110768927696               
7285           0.0341174416279               
5624           0.0215269104819               
3098           0.0109812129896               
3651           0.0148142120281               
4182           0.0361985045851               
1909           0.0117525628449               
5999           0.0115425570766               
6329           0.00961237299859              
5730           0.0392321343204               
2661           0.0159816528149               
6613           0.0294815353872               
3706           0.0152810443713               
8205           0.0410479881453               
10998          0.00530640783733              
3225           0.0465374995314               
7363           0.0373191549868               
7341           0.0294815353872               
1515           0.0102050397558               
4417           0.373556915072                
