183
9790           0.0314926950728               
26             0.0342735008462               
7454           0.0115767840586               
500            0.0552521046477               
6394           0.0500019358024               
6933           0.020412964726                
8911           0.0146848625495               
6233           0.0511935797997               
4387           0.0452430283925               
1938           0.040825929452                
2657           0.0345546321073               
3599           0.049521086378                
8134           0.0358912516213               
6192           0.0279344473865               
9772           0.0354319978825               
1445           0.0702673066859               
2141           0.0521075258256               
8315           0.0648114469953               
9584           0.188268243379                
9625           0.0257585661796               
2399           0.0373624964263               
3771           0.0511935797997               
3664           0.0389985544988               
9176           0.102306838655                
10524          0.058514100768                
3768           0.0921741532137               
4470           0.0862469121986               
762            0.0820414677719               
1461           0.0921741532137               
12138          0.0877886875709               
8919           0.226250422087                
9853           0.0686467862098               
9240           0.0521075258256               
5011           0.204613677311                
8938           0.0351336533429               
132            0.0329436412745               
6264           0.0871784782475               
8945           0.050333427303                
2896           0.0719087823301               
8554           0.0693945030633               
10692          0.0131629017909               
1043           0.102306838655                
822            0.0558488558734               
8338           0.0701869857418               
11985          0.0282076959972               
6599           0.0351336533429               
7476           0.0212453551214               
7508           0.0637281088651               
4690           0.037022518893                
2246           0.0228109558328               
2626           0.0276662127959               
2739           0.154551397078                
3642           0.0258365310313               
12218          0.0373608110527               
9310           0.00594727991472              
8332           0.102306838655                
7157           0.058514100768                
2463           0.0578008678501               
10285          0.018228669929                
12109          0.0269740894484               
6634           0.102306838655                
5374           0.102306838655                
7237           0.042642727015                
8441           0.0276662127959               
3679           0.0659815413151               
548            0.0738607943068               
9243           0.0213025699695               
5738           0.0395872934606               
9891           0.037887764013                
2887           0.0339976742662               
11836          0.0825681599829               
6102           0.0328170744663               
12238          0.0727308052935               
2296           0.102306838655                
1646           0.0592639253823               
11393          0.0701869857418               
6500           0.204613677311                
3973           0.0953363648166               
2342           0.0382487298845               
11415          0.102306838655                
2295           0.102306838655                
367            0.0330972169049               
8057           0.023661481477                
11852          0.0768652224807               
8291           0.0200260509927               
4125           0.0637281088651               
12039          0.046659618738                
8357           0.050333427303                
1716           0.0351336533429               
8628           0.0463383228366               
3348           0.0550603926398               
2048           0.0558488558734               
1522           0.0571603176434               
10182          0.0564710082784               
12058          0.0287700105166               
11140          0.046659618738                
11918          0.0480045031409               
579            0.0263942478545               
9586           0.0402007418612               
11835          0.104610465278                
8950           0.0434627379816               
11086          0.0391921781909               
4359           0.0329436412745               
9966           0.0546787615536               
8351           0.058514100768                
4493           0.164082935544                
3121           0.0463383228366               
906            0.1061648907                  
7453           0.0161000317632               
11029          0.0181672403568               
8330           0.102306838655                
1500           0.0516434114466               
12020          0.0548056230496               
4863           0.0426998670701               
1565           0.042949759908                
7919           0.0358951124192               
7552           0.0672535062565               
11122          0.046659618738                
6138           0.0365269332962               
4417           0.123182683074                
4578           0.0902388384119               
8742           0.185328290665                
6163           0.0282999257986               
4906           0.0898920318189               
5673           0.0701869857418               
942            0.0719087823301               
3992           0.0457161704316               
5792           0.0329436412745               
4113           0.0406244925467               
4986           0.0963597258895               
10734          0.0627195451948               
12129          0.0179377478095               
4430           0.0386188350968               
6554           0.0388074619079               
8859           0.0175778927145               
965            0.0787794716515               
6505           0.0787794716515               
7596           0.0926766456733               
8188           0.0333300525398               
2630           0.0862469121986               
6475           0.109357523107                
9309           0.0179313444844               
8352           0.0349867337642               
9947           0.0686467862098               
9689           0.0487515205385               
262            0.0677233768031               
3079           0.0473242047723               
8913           0.0402007418612               
1645           0.0600543003001               
1762           0.145144245979                
7434           0.0701869857418               
3427           0.0200928415313               
3312           0.0483814153263               
6395           0.0605963167463               
9278           0.00282931151365              
4316           0.0653831881635               
10987          0.0571208208147               
2738           0.0377105694188               
2156           0.0422125427762               
2173           0.0666601050797               
5928           0.0516434114466               
3812           0.0380671328283               
10193          0.0511935797997               
2886           0.0862469121986               
8066           0.0317247376438               
10223          0.0921741532137               
366            0.0313780405631               
4222           0.0791745869213               
6421           0.0241408154044               
210            0.0243511553648               
7141           0.1061648907                  
10616          0.100666854606                
2392           0.204613677311                
1909           0.0258365310313               
6329           0.0845263714952               
9237           0.0250749851481               
5456           0.0280249639298               
9520           0.271652233356                
2825           0.0344133906701               
6853           0.0408410650269               
9622           0.0521075258256               
264            0.0787794716515               
8399           0.0541270592851               
