218
916            0.0744065349587               
10519          0.0542896266459               
4436           0.0696218371837               
5787           0.0110028200769               
6386           0.049152648481                
3855           0.0399753327404               
11911          0.113315289073                
7615           0.0498680503425               
8089           0.0655873174738               
9594           0.0542896266459               
10285          0.0294297722091               
5510           0.0384795971226               
7453           0.0129965671987               
4872           0.0614423423116               
1592           0.364605330394                
5285           0.0596232846417               
9584           0.101318262905                
9976           0.148813069917                
3258           0.0212410788561               
3064           0.0581980277354               
3023           0.0825860298307               
2399           0.0603208990712               
7186           0.0265933790623               
2096           0.139243674367                
8704           0.0596232846417               
2548           0.0098309135479               
7862           0.0596232846417               
1287           0.0270111400933               
1533           0.0478793300968               
4633           0.0257997680351               
8919           0.0521823072442               
8926           0.0313268814569               
9785           0.0498680503425               
10849          0.102061617902                
7128           0.0307292592425               
6264           0.0234579444208               
10786          0.0321191599205               
2881           0.0253295657263               
2739           0.020793309058                
8354           0.0484781496646               
1112           0.0566576445366               
2880           0.0447889212288               
8554           0.0280089609619               
9145           0.0369038576955               
10692          0.0318768074818               
6261           0.0310242875265               
4763           0.0355139570175               
4853           0.0382019250952               
11965          0.0430095770546               
12039          0.0753308911824               
6067           0.0532628474396               
7476           0.0171500708543               
2129           0.0366605394527               
2626           0.0446664701068               
9520           0.0626537629137               
668            0.0346707043205               
9352           0.0566576445366               
8970           0.0237768967204               
12218          0.00753977225924              
1951           0.0170125875514               
812            0.0321191599205               
10137          0.0270111400933               
1830           0.0523183021318               
9310           0.0624113613298               
7203           0.0532628474396               
7183           0.0212410788561               
6068           0.032968484404                
3778           0.0366605394527               
5936           0.049152648481                
12109          0.0653235791014               
3635           0.0446016319399               
2151           0.036188455834                
4423           0.0247889895319               
4425           0.0313268814569               
4411           0.0461101317738               
7596           0.0374060831357               
5743           0.0596232846417               
8097           0.0472348411412               
5407           0.0161348212207               
5515           0.0498680503425               
5738           0.0319563915925               
6628           0.0659369688079               
4297           0.0368277683806               
6772           0.0205448679514               
9891           0.0305844658101               
538            0.0376654455912               
2153           0.0327936587369               
8188           0.0269053051535               
5591           0.0278938330566               
11836          0.233282722305                
6102           0.0529824188969               
4986           0.0155570581623               
2095           0.0635938308853               
10455          0.0287243628234               
2650           0.0580475452146               
10610          0.0340755941906               
6273           0.133304412746                
9278           0.00570982370626              
10265          0.0252377324482               
10232          0.101084698043                
104            0.0288479295722               
5165           0.0399753327404               
7931           0.0744065349587               
3348           0.118524998949                
7524           0.0632748785857               
1522           0.0692130227081               
8121           0.0207307067006               
1240           0.0596232846417               
3404           0.0384795971226               
9155           0.0566576445366               
3740           0.0386400243105               
11835          0.0633342046308               
11238          0.0448099418762               
8143           0.0670181211968               
630            0.0396606336456               
9820           0.0542896266459               
5996           0.0453927130501               
10181          0.0314811387735               
11862          0.0453664470883               
532            0.0209195189957               
10586          0.0494343995754               
11460          0.0333261031864               
3857           0.0313268814569               
1875           0.019046205981                
1503           0.0149296404096               
6279           0.0348759358706               
9315           0.0662270400866               
11272          0.0335090605984               
4076           0.0348759358706               
11120          0.0506296382383               
5604           0.0247012529442               
490            0.0327936587369               
4753           0.0197143381846               
3109           0.0352974277004               
7014           0.0701386061507               
5031           0.0276668930493               
4798           0.0566576445366               
11064          0.0191549672734               
5046           0.0399753327404               
11586          0.0292265882636               
7923           0.0532628474396               
2203           0.0478401285177               
5830           0.0229951197407               
3098           0.0194873981772               
3321           0.0209831337949               
9625           0.020793309058                
4113           0.0655873174738               
8141           0.0384795971226               
6242           0.0188849207821               
2209           0.0514437897697               
8190           0.0362199828605               
10495          0.0393541094848               
9627           0.0198874540035               
6853           0.16484242202                 
2073           0.0396606336456               
4430           0.0623492292255               
4885           0.0288479295722               
605            0.526272000383                
1618           0.0371522988021               
8859           0.0283791072261               
4952           0.0191549672734               
3523           0.0371522988021               
7432           0.0478401285177               
7421           0.0376654455912               
9309           0.00723743676355              
11890          0.0158012154932               
8602           0.0255154044756               
1709           0.0303001022506               
2638           0.0194313386101               
4742           0.0317958378683               
4921           0.029033723306                
3077           0.0290990138677               
9551           0.0292265882636               
6808           0.0614423423116               
9467           0.0506296382383               
12056          0.0420632065148               
3427           0.0324394347807               
3349           0.0308758513971               
2222           0.0278938330566               
9572           0.0387639606822               
2063           0.0446016319399               
10148          0.0677674232854               
8832           0.0340755941906               
5383           0.0260911536221               
7237           0.0206537133095               
3142           0.0266964409986               
9875           0.0719186247755               
8136           0.03693060529                 
11967          0.0124889398281               
8233           0.0865285897952               
8196           0.0596232846417               
485            0.0554143360133               
10998          0.0282504535285               
3319           0.0314811387735               
10205          0.0696218371837               
8066           0.051218865989                
8064           0.0173828302088               
2837           0.0286020765821               
628            0.026189903292                
2745           0.0297511420297               
6421           0.0194873981772               
210            0.0196571927136               
7285           0.0201817464797               
3755           0.0566576445366               
6886           0.0857003983851               
2962           0.0596232846417               
12041          0.0501123649133               
8362           0.0413254339988               
10924          0.0557064498391               
7951           0.0269053051535               
11292          0.0223920984579               
678            0.0635938308853               
4842           0.0744065349587               
4391           0.0399753327404               
5538           0.0350848000256               
3168           0.0472348411412               
10156          0.0348759358706               
10494          0.0825860298307               
