37
9309           0.0272180886243               
3348           0.0557176530687               
1842           0.184850132192                
1759           0.204168950652                
9520           0.117812129304                
319            0.120791679404                
11890          0.0594241991627               
1951           0.0639798496109               
8143           0.126018728851                
9416           0.105771537811                
605            0.131944668763                
85             0.0942296861405               
11836          0.125330674335                
7518           0.0613196599559               
5996           0.170710007846                
1592           0.124653124878                
5604           0.0928948899631               
9584           0.285773425293                
2667           0.279823330952                
10458          0.164319535311                
5407           0.0606788022153               
6628           0.123985764523                
6261           0.116674153431                
11922          0.106659139945                
8919           0.19624387882                 
1252           0.184850132192                
4113           0.123328291352                
2739           0.0781981448986               
10232          0.126717619316                
2740           0.310584251372                
6273           0.125330674335                
11989          0.169546584758                
11550          0.161148284578                
10692          0.0399600852919               
6853           0.123985764523                
1194           0.369700264384                
810            0.310584251372                
