91
4126           0.211318303155                
2258           0.0541845819865               
1938           0.0421636825549               
10182          0.116642814925                
7527           0.053205206693                
9955           0.0652879426355               
6933           0.0421636825549               
8414           0.193032838967                
4207           0.0920114563197               
11327          0.190388891963                
3348           0.0758194264535               
214            0.0801581507933               
11458          0.0322757955012               
7435           0.127600658388                
2887           0.0702233685604               
10893          0.067525614901                
10169          0.162721715299                
11272          0.085741836004                
8524           0.0492939573686               
11029          0.0375250614296               
3857           0.0801581507933               
8637           0.133870278703                
10394          0.0957134037331               
10998          0.0240954308101               
10718          0.0648124248122               
956            0.289065220239                
7793           0.266142630462                
11762          0.169459480771                
3884           0.0817689197569               
7919           0.0988567899945               
10944          0.0588391244185               
11064          0.0490130738758               
1533           0.0612559945852               
2730           0.0809527955422               
8911           0.060664179967                
6759           0.0409622859836               
3321           0.0536909237253               
1612           0.0564222542519               
5610           0.067525614901                
10786          0.082185405777                
9110           0.125770112619                
7430           0.0957134037331               
9608           0.082185405777                
5382           0.131632606438                
1909           0.0533662457827               
290            0.169459480771                
8955           0.0931957162516               
328            0.211318303155                
9309           0.0370378103706               
9069           0.0511862962604               
2460           0.0705068894955               
1913           0.179547568109                
69             0.0657710690662               
10425          0.0550257159789               
12256          0.193732334901                
8970           0.0608395085651               
11890          0.0808632174872               
11230          0.043414868464                
9310           0.0122843117477               
9079           0.104840701427                
8131           0.0991549566074               
6395           0.041721260607                
1794           0.0517932465002               
4029           0.0661794393068               
10285          0.0376519463292               
12109          0.0557159119204               
1424           0.105742104417                
1393           0.224976454286                
2738           0.0778924815322               
6042           0.038993491343                
77             0.0610470334901               
9243           0.0440011928622               
5317           0.131542138132                
1438           0.0950640290766               
9891           0.0782584830769               
8941           0.0775308633449               
8291           0.0413644988966               
960            0.0399100973733               
10455          0.0734989152946               
2745           0.076126202743                
499            0.124044228161                
109            0.0848126932254               
11862          0.0386940367457               
1824           0.124044228161                
4123           0.0999334817237               
6775           0.190287650909                
9278           0.0087660607446               
11292          0.0286480671119               
10265          0.0645774449669               
2683           0.0614664118669               
1722           0.0612559945852               
