204
7559           0.0390397852108               
3384           0.0274376735682               
1186           0.0887780419933               
4082           0.0578345443897               
2463           0.0486969171029               
7454           0.165807420338                
6933           0.0171978118679               
9840           0.0404569677467               
5620           0.0691194908259               
5787           0.0114833657123               
5093           0.0299788927612               
3786           0.0284147770742               
2021           0.163632604903                
5443           0.0684518284751               
5415           0.0511979100406               
85             0.0261505054609               
4906           0.0252445161265               
4529           0.0214421603325               
6772           0.0214421603325               
11220          0.0420586892693               
4914           0.0460665595121               
8790           0.0270271054985               
5510           0.0401601846741               
578            0.113659108297                
6769           0.0691194908259               
10620          0.276732253499                
8782           0.0776562232546               
7439           0.0280803881661               
10972          0.0594650365947               
1053           0.0623825420113               
8997           0.0379064760798               
4333           0.0316234522454               
3746           0.0221687780883               
3870           0.0404569677467               
10385          0.0225137838844               
11936          0.0357674111827               
3796           0.0255093844325               
4428           0.0279541029112               
8911           0.0247438338156               
478            0.0213781814793               
222            0.0528408760402               
3942           0.0335219568405               
7128           0.0320713525702               
11177          0.0274376735682               
1566           0.0295999120429               
7344           0.0344083753754               
302            0.0663712768185               
10139          0.0368390347346               
6108           0.0287584989607               
9598           0.0732342411898               
9406           0.0307737428331               
7285           0.0210631796141               
5522           0.192495924683                
11041          0.0169281098158               
2414           0.0803203693483               
8971           0.0447216717839               
2923           0.0330191971753               
2323           0.0404569677467               
3642           0.0217671370112               
12218          0.00786907007802              
3718           0.0555096775493               
4921           0.0151508822459               
8173           0.0455938410546               
11148          0.0368390347346               
10495          0.0410728911625               
3576           0.0349725611108               
1190           0.072798268692                
481            0.0423764304429               
2160           0.0275424903842               
5905           0.158522628121                
7804           0.0357674111827               
7183           0.0221687780883               
7660           0.0726625549051               
70             0.0404569677467               
10285          0.0153575553698               
5984           0.0555096775493               
7237           0.0143705063244               
10692          0.0110896732383               
11698          0.124454635762                
631            0.0622273178812               
5407           0.117876540778                
718            0.0641258224763               
3633           0.0398703853848               
6145           0.0141178061481               
8694           0.029476133096                
873            0.0217014520472               
960            0.0325572295713               
7815           0.0641258224763               
11554          0.0578345443897               
8804           0.0241583433685               
621            0.0451538530237               
9278           0.005959198943                
5351           0.0447216717839               
29             0.0303699066037               
7624           0.0225839601514               
6799           0.0424056390163               
8957           0.0861929556834               
119            0.0230136281983               
5165           0.0834424924017               
9879           0.0435092935395               
7520           0.0232342174063               
8897           0.0393104752619               
7918           0.0534558381774               
10551          0.14532510981                 
11788          0.0240786285171               
5227           0.0298512656964               
11918          0.020221766532                
7936           0.0398703853848               
1415           0.0641258224763               
7571           0.0316234522454               
9313           0.0183898345397               
441            0.0467670057784               
6848           0.0241583433685               
11458          0.0131647196185               
4856           0.0417212462009               
8093           0.139648793861                
11914          0.0980852273918               
10586          0.0171978118679               
8524           0.0402122468286               
10545          0.0526799692131               
11029          0.015305801289                
2520           0.0591321541268               
7171           0.0192181063459               
660            0.314036902195                
3122           0.0375298270833               
1503           0.0155816890197               
5205           0.0162365090983               
132            0.083264516324                
9310           0.1102321223                  
7919           0.0100804790591               
8838           0.0289930946545               
1602           0.022033437149                
2279           0.182407013394                
6169           0.0948703567361               
2725           0.0591321541268               
663            0.0561607763322               
4854           0.0404569677467               
4797           0.0447216717839               
6756           0.165571210782                
80             0.133639595443                
8995           0.0465495979536               
10762          0.0344083753754               
8422           0.0891748429507               
9565           0.0431303128212               
12129          0.0151124550648               
11591          0.0156216109397               
234            0.0424056390163               
9902           0.173503633169                
12223          0.0747757853005               
1909           0.0653014110335               
7710           0.0427626466663               
11195          0.111178180095                
11617          0.0410728911625               
1424           0.0431303128212               
8381           0.0390397852108               
9689           0.0410728911625               
203            0.0635418996702               
33             0.248909271525                
12224          0.105359938426                
3661           0.0979938026707               
5752           0.0410728911625               
9744           0.0213781814793               
7532           0.0821457823251               
2920           0.0340461168613               
10866          0.0617260721077               
5309           0.0443041436114               
8              0.076523360158                
697            0.0897364972595               
10543          0.030238184476                
938            0.04799885261                 
367            0.0975947889307               
7142           0.0591321541268               
5366           0.0481239811707               
2812           0.0461734396332               
7207           0.0351665163246               
908            0.0512993790951               
1528           0.0536905854524               
940            0.0244006312126               
10948          0.057750476476                
3589           0.0261505054609               
3259           0.0434029040945               
10564          0.0208779745971               
289            0.0707271499065               
7359           0.0395872487419               
4001           0.128251644953                
2819           0.0536905854524               
8064           0.0725680852761               
2353           0.0120386249404               
3427           0.0169281098158               
11204          0.0688167507508               
3098           0.0203385058092               
2146           0.0256891818088               
10756          0.0417212462009               
5927           0.0615474856663               
10924          0.0193798054066               
5277           0.116543169781                
3187           0.0481239811707               
11292          0.0350551023096               
330            0.0259638973221               
10998          0.0196561903913               
9588           0.0532595677917               
7547           0.0260568479636               
1515           0.0189009411395               
6063           0.0182405490568               
