139
355            0.036757939894                
10924          0.018371714994                
8522           0.0817094074521               
7454           0.00924603064719              
5200           0.036757939894                
10538          0.0284194635648               
10242          0.128428513276                
5415           0.072802078645                
3599           0.0395510082953               
680            0.040886778692                
7453           0.0128586130959               
7159           0.514611158515                
6254           0.0607901529234               
129            0.0375280162017               
10972          0.0187906032682               
4887           0.0260104324228               
5899           0.209536545677                
6798           0.0216791575852               
3746           0.02101561209                 
2548           0.0097265617727               
7154           0.0139329575025               
5827           0.0173858758116               
2944           0.0311469772839               
4428           0.0132499991827               
8911           0.046913439344                
4294           0.0309943573557               
8319           0.0261097969226               
9539           0.0439110159204               
2835           0.0343026866866               
5460           0.0629188041839               
11973          0.0508977315871               
8956           0.0428183947809               
2075           0.0286652675543               
3042           0.0326185352506               
9310           0.0379993145459               
3651           0.0260104324228               
7386           0.0355776166212               
1370           0.0736167351124               
10620          0.0238488467025               
3234           0.0688828252631               
10132          0.0494028680255               
11041          0.0481426519614               
3364           0.0412460457538               
5407           0.0159635556279               
8218           0.0280070061685               
5020           0.0616874135438               
4297           0.0728737085031               
5321           0.103525922601                
11119          0.073024271809                
4134           0.0321071283189               
1164           0.0205725952147               
9879           0.0412460457538               
3669           0.0432296608851               
614            0.0401721114442               
4146           0.0189516438662               
109            0.0327941063524               
7166           0.0540886324117               
6759           0.0791934268267               
8420           0.0370090303939               
4041           0.0203877587697               
8743           0.0248796856927               
10050          0.0565969507                  
9278           0.00903874541785              
133            0.078479299247                
29             0.0287901378168               
2079           0.0610962296506               
8291           0.0159942070513               
327            0.219304527377                
2259           0.0405382376377               
7520           0.0220256298422               
6394           0.0199675241634               
632            0.0401998006586               
1938           0.0163032234602               
9309           0.0214818415645               
5320           0.0290439577752               
2781           0.0370090303939               
11711          0.0347123869078               
214            0.0309943573557               
2561           0.0455020688645               
2887           0.0271529240425               
10181          0.0311469772839               
532            0.0206974654772               
3121           0.0370090303939               
6235           0.0179177600831               
3122           0.0711552332424               
11056          0.036757939894                
625            0.0548261318443               
9123           0.0655240627728               
1874           0.0392396496235               
6974           0.0306949753561               
6138           0.0291729674663               
9262           0.205435050639                
6163           0.0226023030164               
4359           0.0263110994654               
71             0.0412460457538               
5792           0.0263110994654               
11806          0.0306949753561               
173            0.0607901529234               
4563           0.0817094074521               
6620           0.0650374727557               
9858           0.036757939894                
9261           0.0499396851502               
1886           0.0249698425751               
5810           0.0560562430741               
110            0.051823812904                
5118           0.0560562430741               
3661           0.0185792806076               
9744           0.0202661403966               
3865           0.0574313904331               
399            0.0574313904331               
5456           0.0223826992083               
10597          0.0428050592474               
2751           0.0629188041839               
5907           0.245128222356                
964            0.0416167200058               
1794           0.120159837128                
6639           0.0195618912679               
2038           0.0467334595046               
8744           0.0365121359045               
447            0.0358043277884               
3073           0.0375280162017               
11691          0.40854703726                 
8485           0.0319415190422               
330            0.0246133184379               
3589           0.0247902196745               
7412           0.0797417967896               
7359           0.0375280162017               
6105           0.0309943573557               
10498          0.300035155939                
6421           0.01928054613                 
6040           0.0211453385164               
1363           0.121580305847                
1909           0.0206348634063               
2760           0.0736167351124               
1644           0.0494028680255               
8720           0.0497593713854               
2750           0.028541718695                
9781           0.036757939894                
2825           0.0274849442816               
