127
7520           0.077262431097                
1186           0.0885660218178               
1522           0.0400352063549               
10551          0.120815036364                
9628           0.0782333115614               
7454           0.0162168076672               
11918          0.0336224546756               
7393           0.0414008777136               
5320           0.0509408085596               
6933           0.0571891332178               
7571           0.0525798815907               
9313           0.0305765264041               
5577           0.161935396252                
5787           0.0190932351324               
11919          0.0612517592712               
2021           0.163241816676                
1158           0.0457945221122               
5443           0.170720878668                
5415           0.0851260648819               
8093           0.0773973799414               
4529           0.0356515867585               
9546           0.0249367828004               
10248          0.0819630579514               
1232           0.110354614324                
9208           0.103464510469                
10545          0.0437951322002               
10789          0.0782333115614               
5510           0.0667737898583               
1602           0.109904083907                
660            0.156643458827                
11598          0.0642650527514               
4976           0.113216025834                
10865          0.0482064219951               
5127           0.0446046242025               
7439           0.0933777547966               
4275           0.0480104637431               
1053           0.0518612997536               
4753           0.0342103653253               
10105          0.403965027159                
4029           0.0224407863679               
2816           0.105159763181                
8800           0.072342307369                
10385          0.0374333605836               
11064          0.0332396868757               
7154           0.0244373072809               
8422           0.0494232639628               
8689           0.072342307369                
6169           0.0525798815907               
2518           0.0809676981259               
2812           0.0383859733231               
8911           0.0205706170539               
8790           0.0898751974215               
471            0.0566080129171               
10762          0.171631005584                
10139          0.0612517592712               
7377           0.0699304074862               
2880           0.0518149225                  
5292           0.039513458868                
8874           0.107157962508                
1874           0.0688232469862               
4686           0.0492153689684               
7183           0.0368597241646               
6753           0.0424141046495               
10692          0.0184386480396               
2271           0.0892706022012               
446            0.0584708857831               
12223          0.124328675644                
9858           0.128941048164                
12224          0.218975661001                
9641           0.0865362156366               
9633           0.0314263363581               
4982           0.0274199087762               
5348           0.0941157020072               
3661           0.130346364491                
9405           0.0358660126033               
7828           0.0421194595507               
9525           0.114924032172                
33             0.103464510469                
2181           0.0569069595559               
12218          0.0130837952075               
3718           0.0922951817542               
1951           0.0295220072726               
8173           0.0379041280078               
9309           0.0125591512828               
10943          0.0478163629432               
9310           0.0583168225498               
2160           0.0457945221122               
6788           0.173072431273                
7953           0.118939970892                
9203           0.0581483991014               
964            0.0729924407377               
367            0.139088160793                
7660           0.120815036364                
2705           0.120815036364                
3545           0.0584708857831               
10620          0.209144969781                
5927           0.0511670813709               
7919           0.0167606746787               
7237           0.0119468221729               
726            0.0385082273045               
11967          0.0216721043357               
1139           0.0773973799414               
8069           0.0830171552538               
5407           0.027998816052                
2963           0.0693693455109               
11914          0.0543616554157               
4001           0.106621128097                
8              0.0636171722304               
8064           0.060328981502                
5522           0.0800150853864               
366            0.0439544908338               
711            0.0658211771188               
210            0.0341112005742               
5957           0.124020542422                
663            0.0466888773983               
1678           0.124202633141                
8524           0.0668603528906               
6759           0.0833394104147               
1909           0.036191921038                
697            0.0298407293654               
137            0.0677728895214               
5277           0.0387549469284               
9278           0.0138715900248               
11124          0.0605203429109               
11292          0.0777141856318               
119            0.0765288897776               
3808           0.0575182730436               
