227
169            0.0312160128588               
5093           0.0242971910052               
4809           0.0875014692683               
3624           0.0273083686958               
7454           0.0158097686934               
1042           0.0491009078994               
7281           0.0629385516065               
11113          0.135843807626                
9554           0.0420862623245               
4802           0.0190128325107               
2938           0.0377273597695               
612            0.0428262934277               
4387           0.015446470502                
7856           0.113182079308                
10538          0.0485943820104               
5415           0.0207473539672               
3312           0.0330359010541               
8134           0.0490146817439               
10202          0.0302269122436               
8331           0.0203895468422               
10331          0.13971474692                 
2086           0.0845690502753               
3274           0.0214256204851               
3270           0.0901073131318               
3289           0.0257496113252               
6798           0.0185345733736               
4661           0.0335478978942               
500            0.0377273597695               
7154           0.011911967618                
4098           0.125877103213                
5827           0.014864036558                
3243           0.0421820860458               
8911           0.0200542982427               
8926           0.0264985937907               
8857           0.0442546902704               
6145           0.0114421514926               
11739          0.0637204404813               
2306           0.0428262934277               
6181           0.0483875045119               
8945           0.0343687780293               
6042           0.0257808514132               
11230          0.014352039718                
7193           0.0359074715741               
10692          0.035951682539                
4742           0.0268952718153               
2888           0.0512601359609               
7538           0.0937470895224               
3469           0.056019729753                
7648           0.0698573734601               
2632           0.0481827488713               
4690           0.0252797951997               
2246           0.0311516508874               
8690           0.0234027048423               
2201           0.0410064052324               
5370           0.0161106899913               
3642           0.0529252654334               
12218          0.0191330914295               
4827           0.0629385516065               
4677           0.0201808615415               
214            0.0264985937907               
8218           0.0119722804902               
8786           0.0936480385763               
6848           0.0391595438743               
611            0.141053056769                
8932           0.0394677116876               
10285          0.0248938784473               
12109          0.0368370104112               
6052           0.017223610238                
11458          0.0320090914945               
5162           0.0206747591019               
8441           0.0188911023438               
1359           0.0390033605226               
3426           0.0349561091891               
2700           0.0698573734601               
9243           0.014545866196                
870            0.0450536565659               
7709           0.149343473667                
6772           0.0173783691516               
215            0.0930305888676               
2153           0.0277393025213               
1164           0.0175885190184               
10330          0.0208204806677               
873            0.0175885190184               
960            0.0131934363253               
6620           0.0556037201207               
8842           0.0196447998543               
10326          0.0428262934277               
5612           0.0698573734601               
115            0.0546167373915               
6167           0.0843641720917               
443            0.0410064052324               
7671           0.0377273597695               
3923           0.117782600546                
11435          0.0415769462284               
10923          0.0187708388411               
9278           0.0115914990811               
8057           0.0161565831755               
10265          0.021347941105                
8291           0.0888825001325               
104            0.0244017129024               
2353           0.0487851189081               
5155           0.0937470895224               
10924          0.0314137574965               
6442           0.112039459506                
7520           0.0188307894716               
6394           0.0170712141484               
7014           0.0988807028235               
1938           0.069692120245                
8121           0.0175355653134               
664            0.0277393025213               
9628           0.0762696694247               
4081           0.0491009078994               
7936           0.0646280285841               
4416           0.100867569749                
6235           0.0306375409326               
3127           0.13971474692                 
11738          0.567286335086                
441            0.0189517818618               
3543           0.0306108730413               
6492           0.0349561091891               
8524           0.0162955424959               
2683           0.0203194991865               
4146           0.0162026883382               
5334           0.0267612865824               
11587          0.056019729753                
6119           0.0362458683868               
4672           0.0665772341667               
11029          0.0124049937524               
1875           0.0161106899913               
1503           0.0126285943017               
5361           0.0546167373915               
4076           0.0295006465606               
8898           0.0504337848746               
5127           0.0217425280538               
11891          0.154095792864                
210            0.0166275077684               
5989           0.0346581243748               
8811           0.0450536565659               
6265           0.021118465482                
8839           0.0327894255689               
7919           0.0245099771102               
4766           0.0428262934277               
8838           0.0939928988389               
12132          0.0204600895385               
7263           0.056019729753                
4182           0.0271687615253               
6445           0.0698573734601               
4895           0.0373358684169               
6163           0.019323815606                
9835           0.0420862623245               
3321           0.0354981736471               
395            0.100643693682                
8288           0.0288236583612               
2252           0.0504337848746               
11918          0.0655570741458               
8190           0.0153187704663               
8422           0.0240913744356               
4694           0.0459221823761               
11591          0.0126609500836               
234            0.0343687780293               
8859           0.0240051482802               
3507           0.0302269122436               
11788          0.117090989494                
230            0.0386476312119               
8347           0.023990036002                
9309           0.0795854723975               
11812          0.0586540930665               
8341           0.0318602202406               
2174           0.0332886170833               
6785           0.0335478978942               
203            0.0514992226503               
8624           0.058891300273                
9444           0.0261170792005               
9072           0.0504337848746               
9069           0.0169211098164               
11890          0.0133658369835               
1951           0.0287810101668               
7198           0.0164838829887               
3109           0.0298571755308               
4041           0.0174304932908               
3437           0.0362458683868               
8901           0.0365961411675               
2920           0.0275935809555               
3427           0.0137198368474               
4890           0.0698573734601               
7518           0.0137921686855               
6782           0.0698573734601               
1789           0.0377273597695               
7802           0.0173783691516               
11155          0.0273083686958               
12157          0.0238897160623               
9019           0.0359074715741               
11197          0.128748056626                
1686           0.0304170465633               
5090           0.0450536565659               
10558          0.0352632641923               
5265           0.0519724784195               
7237           0.0116469590717               
7954           0.0468735447612               
5664           0.0289886497206               
8136           0.0156193189765               
2056           0.0390033605226               
7346           0.137967904777                
10676          0.0711603435219               
727            0.0369591538989               
3319           0.0532581520812               
2925           0.0473841023756               
5177           0.0291564141734               
2837           0.0725812567678               
6019           0.0210431311623               
10474          0.0335478978942               
6068           0.0836615490104               
8767           0.0369591538989               
3098           0.0494516489661               
1678           0.040361723083                
5022           0.0355801717609               
5686           0.0450536565659               
5456           0.0382721311143               
10414          0.0698573734601               
3604           0.0330359010541               
12154          0.20957212038                 
10998          0.0159308823103               
8482           0.0278871830035               
367            0.0112997560681               
9023           0.0670957957883               
6395           0.0275843373711               
11992          0.0219869912922               
