284
169            0.0271799053256               
3200           0.109601689475                
3297           0.027000700028                
2000           0.0468372254473               
6753           0.0180015941678               
4387           0.0134493026947               
3265           0.0315594203416               
8684           0.0487765993031               
9963           0.028764489144                
9828           0.0399846250377               
2400           0.0452526416288               
12114          0.0357044385202               
10882          0.0198938614096               
2086           0.02454486837                 
9045           0.0704690644867               
9595           0.035629361067                
6601           0.0339603796033               
8873           0.0548008447375               
7186           0.0391723559725               
236            0.0318743313013               
10385          0.0317752866002               
4428           0.029590193597                
8911           0.0261920346814               
3584           0.0799692500754               
4176           0.0487765993031               
6242           0.0139088537349               
9004           0.0301769653778               
8857           0.0385327330946               
132            0.0391723559725               
2891           0.027000700028                
6181           0.0210655953649               
4747           0.0408129800129               
6042           0.0112237444256               
11204          0.0242814800616               
10784          0.0578670472207               
11312          0.117685188583                
9633           0.0133381137707               
7727           0.0512768870632               
12088          0.0487765993031               
4097           0.0439128950999               
9549           0.0299250303753               
8831           0.0427523538687               
8108           0.0548008447375               
5243           0.0548008447375               
9310           0.0212152291193               
3651           0.0193623592052               
611            0.0307038629999               
7021           0.03320415076                 
10285          0.0108375989984               
7231           0.0226322777372               
5644           0.0548008447375               
11041          0.0119459159722               
682            0.0614077259998               
520            0.0548008447375               
1958           0.0439128950999               
10107          0.0299250303753               
237            0.0321804808459               
6714           0.0183223371714               
1803           0.0309797956679               
9517           0.088461339802                
4043           0.0343646919913               
9278           0.0109338275557               
2079           0.0227402437096               
2687           0.0169919309433               
9789           0.0392283961944               
9628           0.0996124522801               
12082          0.0231860413746               
11086          0.0699034728419               
9570           0.0357044385202               
4856           0.0294420645183               
3795           0.0372890223386               
11592          0.0452526416288               
12040          0.0439128950999               
11029          0.0216021538228               
3216           0.0339603796033               
10146          0.0279361341689               
6197           0.0140276412198               
1503           0.0109957667902               
562            0.018128474509                
10718          0.0186553721311               
8898           0.0439128950999               
11007          0.0335740427109               
8331           0.0355065174602               
1966           0.0643609616918               
5830           0.0677441564685               
4906           0.035629361067                
3321           0.0463625993809               
8288           0.0250968728434               
1612           0.0324807520346               
80             0.0943074799899               
8488           0.0427523538687               
3696           0.0650169753204               
12129          0.0213292706984               
7099           0.0227402437096               
8859           0.114957574273                
4996           0.0799692500754               
11788          0.0849596547164               
6              0.0289845299859               
6994           0.0399846250377               
313            0.0223162011225               
8385           0.0385327330946               
8352           0.0624026095614               
1684           0.0318644042311               
9890           0.0682207311289               
4772           0.0224202879835               
11458          0.0278704420169               
6848           0.0340963690627               
2327           0.0468372254473               
1563           0.0452526416288               
201            0.0194363268773               
6024           0.0408129800129               
4901           0.0487765993031               
3427           0.0238918319443               
697            0.0253302859578               
7670           0.0315594203416               
8480           0.0890405792573               
938            0.0169360391171               
1686           0.0264842422258               
4094           0.0417286839546               
2109           0.0285498819685               
8744           0.0543598106512               
5383           0.0192162860354               
7721           0.0275497972765               
3073           0.0279361341689               
908            0.0362012108122               
9951           0.0548008447375               
3145           0.109601689475                
5974           0.146329797909                
4998           0.0766055247215               
7208           0.0224202879835               
3589           0.0184540237667               
3697           0.0512768870632               
2603           0.0307038629999               
8721           0.0530768038812               
9546           0.0105837868684               
5456           0.0166618476389               
5277           0.0164485572044               
1794           0.0149079792978               
330            0.0183223371714               
12196          0.0315594203416               
10156          0.0256863291347               
10728          0.0506415132891               
6063           0.0257441697496               
3384           0.0193623592052               
4809           0.0108839819821               
7007           0.0408129800129               
7454           0.0206484417909               
8958           0.0432410760453               
11739          0.221926553839                
1413           0.140511676342                
2522           0.0195861779862               
10893          0.0194363268773               
9912           0.0378886496655               
5915           0.0335740427109               
5092           0.0335740427109               
7453           0.0191440943077               
10624          0.0296801930858               
8216           0.333829471636                
2648           0.0224202879835               
9584           0.0186553721311               
2399           0.0666400382627               
159            0.0223162011225               
1561           0.0312647769042               
8017           0.027000700028                
7154           0.0103717971147               
4633           0.0190016788598               
4014           0.0202128384579               
7374           0.029210286809                
9240           0.0619595913358               
8103           0.0385327330946               
6264           0.0172769121795               
3185           0.0264842422258               
8945           0.0299250303753               
7095           0.0362012108122               
88             0.0307038629999               
11985          0.0167704884162               
2888           0.0223162011225               
1196           0.0526373830497               
11967          0.0183963532998               
12184          0.0752906185303               
7476           0.0126311266967               
5348           0.0199725148786               
5916           0.0392283961944               
4690           0.0220112172329               
9405           0.0152224220843               
2626           0.0164485572044               
9833           0.0656987214452               
12218          0.0222123440724               
4921           0.0320752585225               
2278           0.0236559476513               
664            0.0241527199434               
6040           0.0157407471438               
2644           0.0273628836422               
4393           0.030436421929                
7918           0.0943074799899               
9121           0.0216205380226               
9638           0.030436421929                
1642           0.0548008447375               
10294          0.0372890223386               
5407           0.0118833894506               
9243           0.0126651429789               
2929           0.0299250303753               
3606           0.117685188583                
6772           0.0302628289136               
9831           0.0399846250377               
960            0.022975153929                
8511           0.0619595913358               
4206           0.0378886496655               
10382          0.0512768870632               
8743           0.0555618688067               
11262          0.0155962925882               
367            0.0983874210726               
7624           0.0159371656507               
8291           0.029765516495                
2078           0.021813682616                
10106          0.0189313047991               
7520           0.0327920850981               
993            0.0328493607226               
1938           0.0728174442561               
4672           0.115938119944                
7393           0.0175715556169               
10613          0.0414287800913               
11916          0.0417286839546               
7518           0.0120088955884               
5567           0.0352345322434               
6235           0.0266762275415               
4917           0.0468372254473               
3868           0.0148201891673               
4753           0.0145197244645               
7349           0.0229602845515               
4029           0.0190488486007               
2140           0.0273628836422               
2246           0.0135619325518               
1959           0.0279361341689               
9365           0.03320415076                 
2489           0.0427523538687               
8190           0.0400143413122               
8422           0.0209764545936               
1374           0.0487765993031               
11591          0.0110239390969               
11891          0.119263834382                
5226           0.0378886496655               
8188           0.0198159133623               
4857           0.0399846250377               
9858           0.0273628836422               
453            0.109601689475                
9309           0.00533041417125              
434            0.0399846250377               
2676           0.0261562354115               
8997           0.0133750189176               
2108           0.0204599967914               
7198           0.0143525818322               
9554           0.0183223371714               
9551           0.0215255518421               
3863           0.0285498819685               
11915          0.0548008447375               
6745           0.0704690644867               
11500          0.0487765993031               
6696           0.196141980972                
7953           0.0252405314698               
1513           0.15383066119                 
7713           0.0784567923888               
9216           0.0325084876602               
5617           0.265220547659                
2968           0.0487765993031               
6240           0.0487765993031               
940            0.0172191634687               
12084          0.0352345322434               
8675           0.0162919556881               
6615           0.0468372254473               
12187          0.0468372254473               
2206           0.0184540237667               
366            0.0186553721311               
1739           0.0150862655292               
210            0.0289552729871               
11586          0.0215255518421               
3858           0.0745780446772               
6681           0.0614077259998               
9237           0.0149079792978               
8177           0.0385327330946               
11738          0.389951404696                
11292          0.0329838208866               
7433           0.0378886496655               
9588           0.0187922434482               
