237
2072           0.0631249615981               
5683           0.015728463592                
4374           0.166877530503                
3995           0.0437952874871               
8958           0.034133010654                
11113          0.112039123962                
10608          0.0476413065978               
10158          0.173031569826                
3412           0.071441741978                
5523           0.0389624739411               
4316           0.0306847291072               
9311           0.0536142994037               
2178           0.0865157849132               
3269           0.0476413065978               
1224           0.0770051227188               
6200           0.0345929750148               
1010           0.0304521644687               
1445           0.0329768757277               
1448           0.137138501171                
4872           0.071441741978                
9046           0.0476413065978               
1876           0.0371571166854               
9984           0.0468570368484               
9584           0.0589036234934               
4952           0.0222723317188               
3064           0.0338347166195               
6798           0.0254777576305               
3871           0.0391785569137               
9301           0.0410418878479               
7154           0.0327485524223               
1533           0.0278357124596               
5827           0.0408644227417               
4428           0.015571650626                
8294           0.0302234760885               
12138          0.102999416687                
10528          0.0457587720424               
8319           0.0306847291072               
6108           0.0320394683934               
3160           0.0480509186629               
9539           0.0258025298384               
7704           0.0364251572745               
977            0.0571519687923               
9622           0.0489087595547               
10692          0.0123548602344               
11965          0.0500091466392               
10034          0.0476413065978               
9633           0.021057291866                
5524           0.0468570368484               
11519          0.0865157849132               
755            0.0369704337351               
8350           0.0489087595547               
7596           0.0434937152336               
6400           0.0770051227188               
9534           0.0252391257865               
8485           0.0375382796729               
9505           0.0328389752184               
12218          0.0438341414123               
4921           0.0168794001909               
9310           0.0725684634549               
2278           0.037346374654                
4953           0.0608328149776               
7518           0.0758352563906               
611            0.145419408407                
10183          0.0244723908448               
10285          0.0684386080846               
6052           0.0473513965844               
11458          0.087999853963                
5372           0.0563676990429               
5162           0.0284196722984               
4425           0.0364251572745               
6042           0.124034902072                
7364           0.0377329068395               
5346           0.071441741978                
8797           0.0608328149776               
1359           0.0536142994037               
5853           0.126249923196                
7709           0.102644305566                
3751           0.05798379833                 
6048           0.0400786162548               
8827           0.0556258435009               
6043           0.0476413065978               
1803           0.0978175191094               
117            0.0779249478822               
614            0.0236055140717               
3012           0.0480509186629               
10455          0.0333990932004               
2059           0.0194670568376               
4533           0.134988921049                
1574           0.0375382796729               
9139           0.0431986289104               
8862           0.0457587720424               
2605           0.0410418878479               
7352           0.0398480060334               
4075           0.0588693304223               
10552          0.071441741978                
5613           0.05798379833                 
443            0.0563676990429               
3973           0.0447419376545               
2342           0.0359007245797               
7718           0.0457587720424               
10923          0.0258025298384               
9278           0.00796687892972              
8057           0.0222089552312               
11852          0.036073317864                
5138           0.071441741978                
104            0.0670855395014               
2353           0.0402362248258               
4296           0.0865157849132               
10924          0.0215907882968               
10106          0.149437175829                
632            0.0472435690339               
3348           0.0861339272957               
8121           0.0241045139786               
4672           0.0457587720424               
579            0.0247739630982               
3235           0.0508043183021               
11835          0.0245471647911               
10236          0.0542525998489               
6848           0.0269144950801               
9820           0.126249923196                
6492           0.0480509186629               
8524           0.0223999697107               
9201           0.0311620288906               
8351           0.0549220489686               
11862          0.0351663894464               
10279          0.0263900623853               
1789           0.0518602996072               
10586          0.0191598577704               
11788          0.0804770574135               
7533           0.0809524041725               
2520           0.0658783612373               
1875           0.0221458701307               
3122           0.0418114905887               
1503           0.0173593563956               
1938           0.229918293244                
12020          0.0257206132657               
1554           0.0264760876526               
7349           0.036248109848                
5361           0.0375382796729               
8839           0.0450725798027               
7919           0.033691590508                
4976           0.0379303344929               
12279          0.0693266427841               
262            0.0317829939132               
472            0.154010245438                
74             0.0480509186629               
4417           0.0385402564685               
9262           0.0268256858045               
3098           0.0226588639043               
3321           0.0243980221793               
8400           0.0693266427841               
1612           0.0256391828475               
2164           0.0865157849132               
2461           0.128865422326                
6242           0.0439166733244               
11806          0.036073317864                
4986           0.0180888828998               
8279           0.0294518117467               
5483           0.0480509186629               
8270           0.0865157849132               
11591          0.0174038328857               
8859           0.0164988245869               
6954           0.0739433733574               
11447          0.123862159567                
10972          0.0441661475004               
280            0.0431986289104               
8188           0.0312839940064               
6620           0.0764332728916               
1773           0.0571519687923               
9261           0.029345033113                
6794           0.0524204175892               
4267           0.0342846252926               
110            0.0304521644687               
2544           0.0739433733574               
8258           0.0820837756957               
4863           0.0400786162548               
12145          0.0418114905887               
12041          0.0291339368695               
4852           0.0227901661999               
9072           0.0693266427841               
3634           0.0542525998489               
11890          0.0183727754791               
6959           0.0739433733574               
8480           0.0468570368484               
6808           0.142883483956                
2440           0.0412936561077               
3427           0.0188593862337               
3771           0.0480509186629               
9546           0.0167089509781               
11197          0.1061868018                  
6395           0.0379176281953               
7922           0.066513811106                
3289           0.0707912012                  
1901           0.0461151813065               
3290           0.0743142333708               
3047           0.0513221527832               
10558          0.0969462722711               
11739          0.0437952874871               
4203           0.0345929750148               
2738           0.0353956006                  
7237           0.0160099935607               
5854           0.0658783612373               
2156           0.0396212077262               
11967          0.0145214453618               
940            0.0543688496108               
7465           0.0429097553948               
8336           0.0403131687216               
1804           0.0631249615981               
8291           0.122178522825                
5671           0.0739433733574               
6346           0.0447419376545               
3664           0.036604519112                
6142           0.0865157849132               
2925           0.0325672636627               
5790           0.0549220489686               
2078           0.0688758679692               
6019           0.0289260391774               
3639           0.0563676990429               
210            0.0228562915577               
10429          0.0480509186629               
11263          0.0865157849132               
5574           0.0693266427841               
2338           0.0888381520964               
11724          0.034133010654                
4014           0.0319106319051               
367            0.0621309032768               
5244           0.0658783612373               
9237           0.0235356870244               
3077           0.0338347166195               
11738          0.287293214935                
11292          0.026036288009                
3648           0.0542525998489               
10998          0.0109493526007               
12241          0.0739433733574               
11384          0.0410418878479               
10728          0.106599093314                
4895           0.0513221527832               
