139
8163           0.559255087863                
7454           0.0259947890138               
7428           0.0947850575474               
3504           0.0411926054488               
3872           0.0449010542992               
4524           0.0386363270315               
85             0.0348482800151               
4529           0.0285739183326               
578            0.0378656584489               
7453           0.018075699032                
8369           0.0503311086754               
8331           0.0670499333077               
6229           0.114861116527                
634            0.0740782689138               
5290           0.0404710727654               
3306           0.0579806783006               
4428           0.0745035240162               
8911           0.0164868715587               
2971           0.0440015291773               
11177          0.0365635659662               
2880           0.0207642281668               
10869          0.0620322015                  
9278           0.0127060080727               
10692          0.0295562958706               
4080           0.0704159866909               
11965          0.0897269438665               
1196           0.0496997914107               
7171           0.0256101340872               
2923           0.0440015291773               
5370           0.0264895708036               
2795           0.055160233178                
6027           0.0446715089458               
3718           0.0369862217325               
1951           0.0473224056216               
9755           0.0829244008823               
2075           0.241773235629                
10137          0.0375672461329               
9310           0.0200312477724               
3651           0.109690697899                
2160           0.0367032453219               
9012           0.0503311086754               
8869           0.0727645899674               
10285          0.0102327733335               
4768           0.0444451298362               
7237           0.0191502007142               
11077          0.139813771966                
2687           0.0320872875746               
1359           0.0641302315853               
77             0.0663636828676               
5738           0.0444451298362               
614            0.0282355099469               
10049          0.0665363208233               
2034           0.0565099433688               
12258          0.0968304442044               
8842           0.0646008727054               
41             0.0500124146768               
1687           0.0787997718817               
8641           0.0493930119136               
10871          0.133072641647                
3927           0.0968304442044               
6547           0.214070563657                
10793          0.053131453091                
8795           0.037274162894                
2662           0.229722233054                
11179          0.085074095426                
367            0.0185793214686               
8291           0.0224834879748               
10474          0.055160233178                
6061           0.071548313237                
1938           0.0229178806703               
1532           0.0523853143681               
4318           0.114861116527                
3740           0.0268703819765               
11919          0.049091861717                
11238          0.0311609600677               
10132          0.0347234716172               
8524           0.0267935095866               
5363           0.161465707182                
5157           0.071548313237                
9538           0.125841970454                
7705           0.0665363208233               
10288          0.0386363270315               
7863           0.0727645899674               
5110           0.05275414394                 
8405           0.0473925287737               
8901           0.0601722255917               
4060           0.0401218633098               
3714           0.114861116527                
6974           0.0431487542391               
7800           0.0449010542992               
6169           0.042141553269                
9262           0.0962618627238               
2089           0.0437841455327               
1612           0.0306680634076               
319            0.0446715089458               
11806          0.0431487542391               
12129          0.0201389249092               
2228           0.0968304442044               
6620           0.0914249285335               
4275           0.0384792710461               
8987           0.0402955392715               
9309           0.0301976037289               
5022           0.0585017450881               
110            0.0364250653533               
4852           0.0272602393862               
1030           0.0807328535912               
10097          0.0506561138547               
201            0.0367032453219               
4041           0.0286596220533               
2362           0.0569773196559               
697            0.0239166511619               
8720           0.0349740448085               
2816           0.042141553269                
1901           0.165480699534                
6639           0.0549973556896               
2140           0.103343253834                
10788          0.0770705713683               
8485           0.0449010542992               
2825           0.0386363270315               
3535           0.113971386706                
8064           0.0967045535561               
10498          0.0468630562369               
2837           0.039779929583                
1739           0.0569773196559               
11586          0.0406485039554               
3098           0.0271031834008               
6489           0.0683617809981               
2146           0.0342335180622               
3070           0.0500124146768               
8925           0.0975922758928               
5277           0.0310611893943               
2750           0.0401218633098               
11292          0.0622861138991               
1515           0.0251874783209               
330            0.0345996051785               
3445           0.0674236842364               
1451           0.0493930119136               
8715           0.0807328535912               
3706           0.0377157740717               
