41
10213          0.123475997944                
1308           0.213029869292                
7961           0.140017974718                
4173           0.122850266082                
11113          0.123475997944                
6400           0.254597252412                
4174           0.390778443721                
3596           0.142824942553                
4921           0.111614624047                
10097          0.140017974718                
9424           0.126741064291                
7856           0.171462486171                
640            0.164729436277                
5415           0.0942921241886               
9310           0.0184560462744               
216            0.194636009238                
1794           0.0778145795824               
11029          0.0563779464749               
472            0.254597252412                
1739           0.0787451730499               
279            0.127423255203                
7237           0.0529328469041               
9595           0.0929865710452               
8136           0.212959026052                
3258           0.0816572854226               
1355           0.186365020851                
7958           0.260518962481                
6798           0.0842355269538               
3992           0.141869857998                
11918          0.0744855920732               
4428           0.051483580896                
6933           0.0633470472186               
9240           0.161703992694                
7383           0.217809532305                
210            0.075568336566                
9278           0.00878013225698              
2750           0.110900375395                
10558          0.160263718051                
8291           0.0310731737126               
2440           0.273053298687                
1515           0.0696204156689               
