397
9766           0.0302216036389               
1186           0.0431639332482               
2207           0.0365897139663               
4528           0.0588809574821               
1664           0.0257450890469               
5403           0.0504249274358               
6933           0.0139359761118               
6753           0.0206711280951               
612            0.0428187720553               
1705           0.0415696442728               
2089           0.0266243993063               
2657           0.0235905236727               
5683           0.0457605678541               
12243          0.0253907324051               
2400           0.0519633507474               
547            0.0490922845472               
1576           0.0831392885455               
2659           0.0183577486983               
10975          0.0527303280633               
10147          0.0560098912819               
9045           0.0404596127757               
12153          0.037329311301                
10972          0.0481865562803               
11744          0.0468653125899               
11508          0.0629274980166               
11195          0.0900914880252               
4436           0.0588809574821               
3746           0.0359282406669               
2504           0.0479168102128               
914            0.115658646298                
3354           0.0459141172879               
749            0.0381281372779               
4428           0.0226521672285               
12071          0.0421746778124               
2275           0.0490922845472               
5467           0.0560098912819               
132            0.0224906966724               
2880           0.0252527528069               
7195           0.0588809574821               
4986           0.0263139990914               
9539           0.0187675422105               
3434           0.0632705507289               
11204          0.027882285314                
2233           0.0316352753644               
6154           0.0468653125899               
4763           0.0300350562088               
11312          0.0450457440126               
308            0.0537829193246               
9633           0.0153160801056               
475            0.0409992034781               
2073           0.033542006041                
7828           0.0205275285395               
2201           0.0409992034781               
8033           0.0365897139663               
10425          0.0363742926116               
848            0.0316352753644               
8970           0.0201087259613               
2317           0.0263651640317               
9583           0.0291512935751               
7099           0.0261124923857               
7970           0.033542006041                
9310           0.0203011056782               
6036           0.0698451047514               
9047           0.0620095002403               
8786           0.0312105305432               
8933           0.0519633507474               
7157           0.0399477058551               
611            0.0352570710777               
2640           0.0281847326089               
1612           0.01864873132                 
10285          0.0124447532286               
8550           0.0302216036389               
7237           0.0116449135733               
3649           0.0316352753644               
7005           0.033808155065                
1359           0.0779930211064               
215            0.0310047501202               
6058           0.02173870952                 
8404           0.0349499700187               
4297           0.0311461798754               
6048           0.0291512935751               
4340           0.0459141172879               
3171           0.0385528820992               
5452           0.034652037538                
1164           0.0175854300329               
10107          0.034362742009                
1803           0.0711478459789               
157            0.0450457440126               
2059           0.0141594182121               
1466           0.0310047501202               
441            0.0189484534531               
6759           0.0406166684949               
4041           0.0348548641172               
9278           0.0173841949842               
10032          0.0349499700187               
2353           0.0487765510163               
6563           0.0588809574821               
8406           0.0389965105532               
3348           0.0125299505622               
2663           0.0312105305432               
12058          0.0196413497342               
7989           0.0504249274358               
579            0.0360388226331               
3001           0.0355739229895               
6577           0.0537829193246               
360            0.0629274980166               
4672           0.199696624598                
11458          0.0106678232981               
197            0.0325431734317               
1789           0.0754414677957               
11460          0.0281847326089               
11788          0.117070425376                
6197           0.0161078605496               
6962           0.0205990700425               
2680           0.0385528820992               
8528           0.0266243993063               
1554           0.0192574563696               
8840           0.0450457440126               
7919           0.0163371150285               
5031           0.0233985947397               
8944           0.0428187720553               
11906          0.0460509345688               
1425           0.0560098912819               
6138           0.0249370180513               
2677           0.0537829193246               
6720           0.0504249274358               
3321           0.0177459696383               
2086           0.0845541978268               
2352           0.0698451047514               
3413           0.0428187720553               
2742           0.0537829193246               
9410           0.0274451352743               
6242           0.0159714575571               
4982           0.0133634896069               
3696           0.037329311301                
1566           0.0239858227494               
10033          0.033808155065                
12129          0.012246140055                
899            0.0263651640317               
3994           0.0641578076369               
8213           0.0332827707664               
236            0.0366011131645               
8859           0.0240009323734               
7014           0.0197726673779               
4622           0.0698451047514               
259            0.0588809574821               
4776           0.0323083391398               
9640           0.0203859659258               
8074           0.0459141172879               
1709           0.025625566697                
6313           0.0698451047514               
9890           0.0522249847714               
4867           0.0629274980166               
11890          0.0133634896069               
1684           0.0365897139663               
7184           0.0280323632839               
669            0.0428187720553               
5015           0.0264939399723               
10564          0.0169181380447               
3427           0.0137174272996               
7802           0.0173753170737               
6395           0.0137897464344               
3381           0.0355739229895               
3289           0.128725445234                
3290           0.027026332696                
3047           0.037329311301                
7624           0.0549016697467               
10148          0.0286563162547               
2787           0.0409992034781               
2738           0.0257450890469               
7674           0.0629274980166               
7207           0.0284966328972               
9862           0.0404596127757               
8136           0.0468497274957               
5935           0.0381281372779               
3259           0.0175854300329               
6325           0.0981845690944               
8066           0.0216585484711               
5177           0.0291512935751               
628            0.0221494669572               
3639           0.0409992034781               
6421           0.016480988005                
11755          0.034652037538                
1867           0.0352570710777               
3091           0.0325431734317               
5608           0.0870146414021               
4491           0.0352570710777               
10943          0.0233039969041               
5277           0.0377755691838               
8246           0.0468653125899               
2065           0.0215001324952               
10543          0.0245030367676               
12196          0.0362395027023               
7310           0.0831392885455               
938            0.0194475572969               
6063           0.0295618835552               
355            0.0314206435023               
3624           0.0273035726606               
4439           0.0479168102128               
7454           0.00790349605052              
3730           0.0277344308033               
6717           0.0404596127757               
11113          0.0543279800172               
11739          0.191127748716                
9684           0.0369526629435               
5365           0.0377207338979               
7975           0.0937306251798               
8370           0.034362742009                
11911          0.0479168102128               
9311           0.11698953166                 
6039           0.0490922845472               
4529           0.0173753170737               
7822           0.0504249274358               
6192           0.0572127268185               
7453           0.0109915272506               
9444           0.0261124923857               
2120           0.0537829193246               
6383           0.0219009894684               
9584           0.0214218576082               
4203           0.0251612970837               
3258           0.0179641203334               
8407           0.0359011653206               
2399           0.025507458846                
6603           0.0275887348299               
8289           0.043507320701                
2548           0.0332570139508               
3951           0.0349499700187               
7154           0.0357296267323               
8379           0.0471810473455               
5331           0.0271639900086               
4014           0.0232102873243               
12138          0.0149833827336               
2538           0.050097055114                
1818           0.0327836669225               
8938           0.0239858227494               
7555           0.0220659518511               
11132          0.0504249274358               
4686           0.0239858227494               
3794           0.0588809574821               
5747           0.0389965105532               
9132           0.0504249274358               
7285           0.0341364320293               
7687           0.0629274980166               
11985          0.0192574563696               
8511           0.0355739229895               
8216           0.0479168102128               
6599           0.0239858227494               
3165           0.0624210610863               
10034          0.034652037538                
9010           0.0381281372779               
7476           0.029008501747                
2460           0.0466079938083               
7293           0.0519633507474               
90             0.0298519318612               
4690           0.075826066299                
9405           0.0174798206142               
12218          0.044636039416                
1045           0.0629274980166               
4545           0.0394607801665               
76             0.0468653125899               
8867           0.0369526629435               
8331           0.0203859659258               
88             0.0352570710777               
8731           0.0537829193246               
6047           0.0537829193246               
6052           0.0172205853396               
6042           0.0128881618242               
8753           0.0257450890469               
10692          0.00898634213022              
2889           0.0394607801665               
5407           0.0136456284509               
8218           0.0119701778572               
6772           0.0173753170737               
538            0.0637092495721               
4121           0.0221494669572               
10330          0.0416336481371               
960            0.0263822384532               
614            0.0171695366507               
4146           0.0323996854786               
5164           0.0332827707664               
9139           0.0314206435023               
9099           0.0442469180357               
11393          0.0479168102128               
4123           0.0330300991204               
7501           0.0629274980166               
6310           0.0519633507474               
10923          0.0187675422105               
367            0.0225955430945               
8057           0.0161537456738               
10948          0.0233985947397               
8291           0.0546873170055               
7694           0.0900914880252               
10924          0.015704120226                
9901           0.0519633507474               
3208           0.0504249274358               
1938           0.278719522236                
1842           0.0831392885455               
4697           0.0428187720553               
5227           0.0241895032256               
11918          0.0163863901694               
3284           0.0365897139663               
9069           0.0169181380447               
7526           0.0325431734317               
3187           0.0389965105532               
7518           0.0413692393033               
6989           0.0459141172879               
2887           0.0232102873243               
2632           0.0240871433854               
11862          0.0383675575104               
4164           0.0330300991204               
6126           0.0404596127757               
10586          0.0139359761118               
3850           0.0421746778124               
3761           0.0537829193246               
6235           0.0153160801056               
1875           0.0483235816489               
660            0.0127237429995               
6279           0.0294954655064               
4476           0.0698451047514               
12020          0.0187079599623               
5604           0.0417809550335               
11991          0.0433170969422               
5205           0.0131569995457               
5010           0.0698451047514               
4863           0.0291512935751               
7349           0.0527303280633               
7532           0.0665655415328               
8839           0.0655673338451               
7452           0.0214218576082               
4029           0.0218736843982               
4976           0.0275887348299               
11064          0.0161998427393               
2246           0.0311461798754               
1335           0.0291512935751               
4895           0.111987933903                
900            0.0560098912819               
6163           0.0386408437175               
8665           0.0537829193246               
8400           0.0504249274358               
9625           0.0175854300329               
8451           0.0431580523249               
4500           0.0404596127757               
10762          0.027882285314                
3006           0.0362395027023               
11891          0.102712486516                
602            0.0698451047514               
2323           0.0327836669225               
6809           0.0225778587717               
1004           0.0537829193246               
6794           0.0762562745558               
110            0.0221494669572               
2408           0.0308031271631               
6785           0.033542006041                
4753           0.016672916938                
2108           0.0234940978315               
5767           0.0504249274358               
9551           0.0247176686297               
11197          0.0772352671407               
3142           0.0225778587717               
2920           0.0275887348299               
11454          0.0698451047514               
7951           0.0227545004968               
9572           0.0327836669225               
10252          0.037329311301                
7713           0.0450457440126               
7364           0.0274451352743               
3849           0.0310047501202               
10558          0.0352570710777               
10717          0.0202463832739               
8865           0.0300350562088               
8287           0.0340815967433               
10867          0.0325431734317               
5100           0.0389965105532               
5854           0.0479168102128               
10944          0.0194475572969               
10093          0.0698451047514               
940            0.0197726673779               
2173           0.0227545004968               
2963           0.033808155065                
8064           0.0147011013763               
11743          0.0385528820992               
366            0.0428437152165               
210            0.0332491751212               
3098           0.016480988005                
5382           0.043507320701                
12041          0.0211906504277               
5405           0.034652037538                
1909           0.0176386568093               
3979           0.0468653125899               
9237           0.0171187477526               
10156          0.0294954655064               
11738          0.358223182334                
11292          0.056812700608                
3120           0.0588809574821               
8205           0.0308031271631               
10998          0.023892126671                
3706           0.0229343251264               
