349
4398           0.0334822816802               
1326           0.0168737915095               
1560           0.0492063670415               
4006           0.0126675210833               
9963           0.0258279962173               
2765           0.0270962763748               
3361           0.0546156127094               
7352           0.0226637903444               
8089           0.0216870307069               
10285          0.00486560815549              
10135          0.0460421611686               
7973           0.0767757514115               
10882          0.0535888443554               
9590           0.0232022032553               
9087           0.023064077669                
6798           0.0144906261282               
4333           0.0200379973824               
3746           0.0140471038348               
9085           0.022160138702                
10385          0.0142657145413               
1981           0.0182226381366               
7953           0.0226637903444               
2944           0.062457113622                
4428           0.0531388132406               
8911           0.0156787713556               
478            0.0135461473719               
8926           0.0207170247625               
11177          0.017385705611                
9004           0.0270962763748               
11806          0.020516914006                
1155           0.042055733221                
6181           0.0189150627593               
8441           0.088616197102                
11230          0.022441308741                
10540          0.0437971213736               
771            0.0260255736539               
10784          0.0173198495923               
9972           0.0129620425232               
9379           0.026650218292                
12181          0.0512705954758               
12039          0.0249088301394               
10690          0.0345990251948               
1692           0.0460421611686               
7972           0.0546156127094               
2433           0.109939462659                
5892           0.0546156127094               
7828           0.0160515694348               
9534           0.0287098056962               
8296           0.0210271539914               
4939           0.042055733221                
9505           0.0933868119837               
8956           0.0572407251286               
3718           0.0351733506134               
10495          0.0260255736539               
9310           0.00317490346458              
4849           0.0233428177245               
3651           0.017385705611                
7386           0.0475610677179               
9543           0.0316375292098               
26             0.0365932184596               
2964           0.0352236698328               
70             0.0256352977379               
12177          0.0752526176314               
12109          0.0143998821766               
3557           0.0546156127094               
7237           0.0182115580474               
6687           0.0334822816802               
11041          0.0107263880473               
7744           0.157719761036                
682            0.0275693843699               
7785           0.0226637903444               
1430           0.0398912851085               
4297           0.0243548592776               
6648           0.0378944259875               
11119          0.122025892485                
1164           0.0137509856907               
3474           0.0250842058771               
9879           0.0551387687399               
8451           0.0168737915095               
1570           0.0492063670415               
2059           0.0110720043161               
6920           0.0334822816802               
8678           0.0325055220427               
4479           0.0189150627593               
5252           0.042055733221                
10614          0.0386561269187               
6759           0.0317603394535               
12143          0.030493451545                
4041           0.0272548772951               
9158           0.118289820777                
3258           0.0140471038348               
2353           0.00762819736356              
1716           0.0187557941313               
10906          0.0283376000568               
697            0.0227443820269               
1886           0.0166901620514               
11060          0.0270962763748               
1353           0.035038217442                
614            0.0134257764728               
12082          0.041638075748                
3740           0.0383300046113               
2781           0.0247373091273               
4856           0.0264363996593               
11299          0.0556342955591               
9966           0.0583795590537               
10181          0.020819037874                
8420           0.0494746182545               
11991          0.0169359742441               
2839           0.0334822816802               
11029          0.0193968453403               
10146          0.0250842058771               
6197           0.0125955953032               
3122           0.023780533859                
1503           0.00987323715855              
8368           0.0546156127094               
5127           0.0509959693313               
8405           0.0225347974588               
3896           0.0275693843699               
7919           0.0255497232158               
8838           0.0367425763821               
2607           0.0320594639599               
3011           0.0492063670415               
3603           0.0242442678086               
293            0.0374687096278               
3321           0.0138765201708               
7166           0.0361535335024               
1612           0.0145824376801               
12127          0.0193280634594               
6242           0.024977869056                
4982           0.0313488758625               
850            0.053300436584                
8213           0.0260255736539               
8859           0.00938380457614              
3507           0.0236318838045               
946            0.0359026972129               
7014           0.0309226064615               
3946           0.0424819452482               
313            0.0200379973824               
4776           0.0252636135922               
11947          0.0374687096278               
3660           0.0345990251948               
2431           0.0437971213736               
11360          0.0340206945911               
11150          0.084533324117                
2444           0.0515693451493               
2094           0.0524565670838               
11890          0.020899250575                
3661           0.0248372574401               
11435          0.0325055220427               
9644           0.0256352977379               
2712           0.0270962763748               
10597          0.114445795693                
2361           0.0224079021117               
3427           0.0107263880473               
9546           0.0095033152104               
8720           0.0166299000384               
6395           0.0215658764721               
2852           0.044308098551                
4162           0.0546156127094               
9278           0.0151040325256               
12175          0.0283376000568               
8681           0.0247373091273               
8744           0.024405178497                
10265          0.0166901620514               
5694           0.246031835208                
8485           0.0213501197446               
3510           0.109231225419                
103            0.0163353785986               
3319           0.020819037874                
2699           0.0406329155007               
8017           0.0242442678086               
7359           0.0250842058771               
12179          0.0240866080646               
8594           0.0194133527444               
6421           0.0257747271238               
1867           0.0275693843699               
11896          0.0749374192556               
2313           0.0291897795269               
10232          0.0668491115323               
5456           0.0149608823448               
5277           0.0295387323673               
2065           0.0168121003432               
3648           0.0308564887182               
8799           0.163846838128                
10115          0.0827081531098               
6612           0.0193280634594               
4809           0.0293185925246               
5683           0.00894565718019              
2185           0.109231225419                
7454           0.0123603302159               
6850           0.0700284531735               
11969          0.0366464875531               
7765           0.0298144241649               
5787           0.00727636092037              
11728          0.0367425763821               
170            0.0283376000568               
3504           0.039173559403                
2020           0.0249088301394               
6639           0.0130754182495               
2638           0.0128502903715               
11485          0.028895258087                
10893          0.0349042442263               
6981           0.022160138702                
8121           0.0137095856366               
10905          0.0460421611686               
2430           0.082259283797                
7453           0.00859486140856              
8637           0.0345990251948               
1154           0.0222830371774               
9410           0.0858432604108               
2906           0.218462450838                
8686           0.0210271539914               
8319           0.0174521221131               
5899           0.256770994969                
11812          0.0687850631667               
2548           0.0195040747695               
7154           0.00931296694693              
2592           0.0283376000568               
8803           0.022160138702                
8689           0.0275693843699               
8379           0.0184466886994               
5827           0.0116209416951               
8294           0.0171897817164               
12138          0.0351489183689               
10613          0.0743988443616               
8692           0.0268700607706               
471            0.0215731032544               
6145           0.0268369715406               
2251           0.0406329155007               
9598           0.0232022032553               
6358           0.0345990251948               
6001           0.0920843223373               
973            0.0556342955591               
4175           0.042055733221                
9069           0.0396875834821               
7476           0.0226832947325               
2632           0.0565050664222               
7171           0.0243548592776               
5241           0.0268700607706               
9538           0.0199456425543               
5089           0.0256352977379               
2626           0.0147693661837               
9005           0.0383878757057               
12218          0.00997237141613              
1507           0.0546156127094               
4921           0.00960025921359              
4677           0.0473331617051               
3567           0.0445660743548               
2075           0.0191602313586               
6922           0.0492063670415               
4822           0.0383878757057               
9121           0.0194133527444               
6068           0.0218026460349               
8836           0.0209224021917               
2561           0.0456212469544               
5657           0.0875942427473               
10692          0.0281076008523               
5407           0.0426809787917               
5317           0.0339973128875               
2121           0.0546156127094               
1438           0.0245694770265               
9891           0.04045210414                 
8120           0.0406329155007               
960            0.0206296793869               
8842           0.0460758568832               
8191           0.0192436962387               
11985          0.0150584322637               
109            0.0219200000042               
1551           0.11798341493                 
10610          0.0225347974588               
4938           0.0691980503895               
8743           0.0498897001152               
11262          0.0140041070765               
2801           0.0406329155007               
29             0.0192436962387               
7624           0.0429305438465               
8291           0.0106907325013               
11740          0.0450695949175               
10924          0.0245597784199               
7520           0.0147222126148               
2924           0.0258279962173               
1602           0.0279226918359               
10075          0.087595543605                
9313           0.0699156031752               
11956          0.024405178497                
6538           0.0220391457063               
7518           0.0323488147081               
2887           0.018149361618                
6226           0.0406329155007               
11862          0.0300016396146               
532            0.0138344505708               
1643           0.0247373091273               
10586          0.0326918490605               
8524           0.0127401159501               
9068           0.0437971213736               
5348           0.0179335720566               
5205           0.0102881596952               
10288          0.0183712881911               
11891          0.0133860619245               
5021           0.0226637903444               
1115           0.042055733221                
2282           0.0316375292098               
989            0.0546156127094               
9262           0.167829951202                
395            0.0786848506257               
9625           0.0137509856907               
5473           0.0312372418852               
8005           0.0294958537326               
8422           0.0188350221407               
9549           0.0537401215412               
11591          0.0197970668535               
4183           0.0345990251948               
8347           0.0187557941313               
9261           0.0333803241028               
9309           0.0430762127309               
3792           0.0316375292098               
6887           0.0298144241649               
9345           0.0691980503895               
9554           0.0164518567594               
9744           0.0406384421156               
1644           0.0165107543363               
10568          0.0294958537326               
2811           0.022160138702                
2604           0.0788598805181               
2816           0.0200379973824               
7364           0.257529781232                
1205           0.0875693385806               
8865           0.0234860124191               
4734           0.0298144241649               
2133           0.0182966092298               
5879           0.131391364121                
10595          0.0182966092298               
7348           0.0632750584196               
5818           0.0234860124191               
8675           0.0146287517145               
5895           0.109231225419                
6105           0.0621510742876               
10498          0.311962520484                
1739           0.0135461473719               
3098           0.0386620906857               
8930           0.105928992006                
5999           0.0135461473719               
6329           0.022561832767                
1515           0.0119764599431               
3940           0.0546156127094               
10998          0.0311375469503               
3528           0.0997282127713               
4806           0.0406329155007               
3706           0.0179335720566               
