173
4809           0.0825478946316               
5683           0.0151121544945               
4737           0.0648497362122               
7538           0.0619079594073               
11113          0.071765964969                
11739          0.168316796301                
8414           0.0280933657021               
8571           0.0358829824845               
2339           0.0922637163991               
5021           0.0382865891478               
6914           0.0297096735238               
3290           0.03570114046                 
4054           0.059504352744                
9311           0.257567298599                
85             0.0279923434625               
3772           0.035170196045                
8961           0.194549208637                
6192           0.151153293288                
11060          0.0457745145553               
12062          0.0426785449078               
1448           0.0329412056795               
10624          0.0900419517602               
2659           0.0242501478901               
2086           0.186156795488                
4952           0.0427992112412               
8686           0.0355217725536               
3289           0.0680172963573               
4408           0.0440490506926               
9087           0.0389628059723               
5987           0.0340086481787               
7154           0.0157326613875               
2592           0.0478715181496               
4428           0.0299229722747               
8911           0.0132432984093               
12138          0.0197926909861               
162            0.0584491226938               
3942           0.0358829824845               
471            0.0364440602561               
9289           0.0619079594073               
11132          0.133220251324                
6042           0.0340499083418               
977            0.0549125079509               
10692          0.035612230437                
5032           0.059504352744                
11736          0.0777803395352               
7718           0.04396574583                 
612            0.056562575939                
8955           0.0406901958111               
9069           0.0223484565756               
7476           0.0574793077026               
3740           0.0215839909725               
2632           0.0318185415297               
9835           0.0277925920993               
8583           0.059504352744                
3688           0.0378543098386               
8970           0.0265631470644               
12218          0.0421165305358               
4921           0.0162179924293               
9310           0.0375441865106               
6040           0.0238766572525               
2640           0.0744627181954               
3778           0.0409565349253               
10285          0.0246588329983               
12109          0.0243261327561               
7825           0.0619079594073               
7237           0.00769132645189              
726            0.0247914753393               
7261           0.0831257230035               
8441           0.0249503126554               
9243           0.0384227349818               
6059           0.233796490775                
10972          0.0212177635962               
215            0.0409565349253               
8526           0.0450209758801               
9786           0.0584491226938               
251            0.0922637163991               
1574           0.0360673678364               
6167           0.0557117428166               
1638           0.0922637163991               
11262          0.0236575385613               
9278           0.00893048592702              
8057           0.0213387124973               
10265          0.0281951680439               
7624           0.0241745984699               
8291           0.0270902402078               
5177           0.0770163261305               
11740          0.0380686777773               
10924          0.0622343040354               
10106          0.028716316443                
2351           0.045392362066                
2911           0.0648497362122               
7697           0.0521267487983               
3348           0.0165517656431               
3801           0.0293701696697               
11788          0.0773236189141               
10646          0.0521267487983               
8631           0.0433064415642               
3802           0.0378543098386               
3102           0.0922637163991               
7698           0.105539932023                
7525           0.0474245825434               
424            0.0739877296079               
11458          0.0422758199108               
8966           0.0389628059723               
11862          0.0168942092538               
2084           0.0598819321673               
1789           0.0498281892068               
8524           0.04304448441                 
7453           0.0145195451657               
10275          0.0710459528029               
2520           0.0632969626713               
10292          0.0290391898317               
7077           0.0584491226938               
1938           0.0736363673474               
1503           0.0166791418781               
5604           0.0275958222113               
11891          0.0226134572119               
10391          0.073663666879                
7349           0.0348277524344               
7452           0.0282977626298               
7919           0.0755332866345               
5664           0.0382865891478               
8838           0.155175712535                
6138           0.0329412056795               
4895           0.0493111292982               
3312           0.0436319726161               
4743           0.0409565349253               
3381           0.0469923032342               
6242           0.0210979142457               
2758           0.0584491226938               
10162          0.0739877296079               
4885           0.03222841924                 
6412           0.213137858409                
10425          0.0240247862014               
3507           0.0399220171147               
6620           0.0244794291084               
6794           0.0503663593484               
9309           0.0161710840048               
2216           0.0541589692757               
2676           0.0396755924118               
4852           0.0218971491114               
11890          0.0176528508273               
11197          0.102025944536                
4250           0.0584491226938               
2920           0.0364440602561               
2361           0.0378543098386               
3427           0.018120394072                
3046           0.092336152503                
6395           0.0182159259231               
11993          0.0922637163991               
367            0.0298481731451               
7257           0.24937716901                 
4203           0.0332374729286               
8195           0.0619079594073               
1272           0.0686423461396               
8136           0.0206291239566               
8158           0.0488135858074               
5944           0.147975459216                
7346           0.0728881205122               
8313           0.046573749421                
10050          0.0319537564356               
10720          0.056562575939                
2353           0.0257730639014               
12245          0.0527699660117               
3114           0.0922637163991               
1521           0.0409565349253               
6329           0.0190571746483               
10943          0.0307840237191               
11738          0.433770584712                
11292          0.0125080369279               
1515           0.0202321762741               
10998          0.0105203097015               
10728          0.102422080689                
