142
9766           0.0573455481989               
8958           0.0471087859399               
11113          0.0515437207411               
11739          0.302221044067                
8414           0.0403544102571               
4387           0.0293045585184               
3348           0.0475512082337               
9311           0.0739959501236               
10893          0.0423496289204               
11272          0.0537741854413               
821            0.132531214056                
6200           0.0477436072521               
5580           0.116147973121                
12243          0.0481789611941               
5996           0.0364223306421               
1448           0.189272149511                
9628           0.0723482102449               
9584           0.0406480140055               
2417           0.132531214056                
4408           0.031636890395                
5928           0.0669003568771               
2548           0.0473289336145               
579            0.0341918659419               
2118           0.0681225268814               
10526          0.0540724130605               
1326           0.0409462416247               
4066           0.132531214056                
1319           0.0871221215593               
11230          0.0272282388213               
7285           0.0647739422323               
11985          0.0365410586951               
9819           0.0600279928846               
7476           0.0550436851395               
2460           0.0442193767631               
7163           0.0588315700799               
9835           0.0399223672798               
8392           0.0854743816806               
4921           0.0232961592063               
3576           0.0537741854413               
4372           0.0986005531164               
6040           0.0342973651698               
2160           0.0423496289204               
9474           0.064151036092                
7237           0.0110481224056               
6042           0.0244553106419               
11576          0.132531214056                
1359           0.0739959501236               
5738           0.0512825157387               
2805           0.0425121798106               
215            0.0588315700799               
4121           0.0420286540764               
6680           0.049313256041                
960            0.0250301728672               
117            0.0537741854413               
4146           0.0307392312374               
10958          0.0986005531164               
2605           0.0566440953243               
4075           0.0812486983171               
7671           0.0715751615859               
9278           0.0164932708946               
3483           0.11940504262                 
8291           0.103769284075                
2353           0.0185107189592               
10106          0.0412492410878               
7310           0.0788784760643               
1938           0.158661241018                
10473          0.0569915741089               
2504           0.0909222350484               
3404           0.0617507311284               
1554           0.0365410586951               
9441           0.0464945570978               
8293           0.0303058699363               
454            0.0484004498293               
11086          0.0507706720821               
6848           0.0371461281356               
11862          0.0242675035247               
6961           0.132531214056                
1789           0.0715751615859               
1643           0.0600279928846               
11460          0.0534805816928               
4672           0.315770592121                
1875           0.0305646948642               
6197           0.0305646948642               
6962           0.0390867730942               
6279           0.055967699764                
7672           0.0889270163851               
11891          0.194897131089                
11661          0.132531214056                
4863           0.110629265789                
8839           0.0622070679672               
4766           0.0812486983171               
4976           0.0523496748167               
5169           0.0777960636127               
4977           0.132531214056                
637            0.11940504262                 
3138           0.137529045364                
74             0.132635264111                
4895           0.0708324364921               
3268           0.0701177455447               
11062          0.0445800936206               
80             0.0410971353509               
5610           0.0423496289204               
10403          0.0715751615859               
4884           0.204367580644                
4885           0.0925883260654               
11788          0.148094230897                
1773           0.0788784760643               
6794           0.0723482102449               
9309           0.0116143890546               
4753           0.031636890395                
4852           0.0314539221848               
9554           0.0399223672798               
7198           0.0312727048934               
7811           0.0622070679672               
11197          0.0977027071405               
2361           0.0543754125235               
6395           0.0523321381787               
12157          0.0453228187143               
1306           0.0812486983171               
10148          0.0543754125235               
1393           0.0352742783935               
5664           0.0549963554456               
7724           0.0681225268814               
3259           0.0333683856621               
6334           0.0871221215593               
2206           0.0402092979575               
3840           0.132531214056                
366            0.0406480140055               
6421           0.0312727048934               
1335           0.0553146328945               
5957           0.0573455481989               
12041          0.0402092979575               
2372           0.0526261331928               
4491           0.0669003568771               
1644           0.0400652891841               
1767           0.0657523046285               
11738          0.169932285973                
11292          0.0718681355663               
202            0.0825552206321               
9203           0.0537741854413               
3706           0.0435179238886               
11155          0.0518085790787               
