336
1186           0.0290501196923               
2000           0.0542953384761               
8414           0.0429394987201               
25             0.0355929843876               
1599           0.0542953384761               
11014          0.0365847761731               
12243          0.0512652874705               
1454           0.101810706341                
5505           0.0446684825115               
5027           0.0473118239361               
2086           0.1138130556                  
9045           0.0408450935326               
4952           0.0654167498407               
8639           0.0565435280075               
7712           0.0509053531704               
7442           0.0565435280075               
3746           0.0181352742874               
10385          0.0184175079187               
914            0.0389201963949               
11936          0.029259700727                
12152          0.029259700727                
3584           0.0463515660787               
4308           0.0542953384761               
11659          0.0389201963949               
6242           0.0483708789839               
840            0.0303212165402               
7555           0.022276186187                
9289           0.0473118239361               
4986           0.013282353443                
6181           0.0244199697914               
11230          0.0289724696402               
11275          0.0328532299613               
11204          0.0281479350251               
2633           0.0524584338784               
822            0.0384914047984               
11312          0.0454749193384               
8279           0.0216259553076               
11787          0.0463515660787               
8306           0.0296012616331               
9835           0.0637196688464               
8943           0.0355929843876               
10425          0.0550812754488               
1003           0.0480256807748               
9310           0.0368901456548               
10383          0.0848983286086               
10813          0.0187669677525               
3651           0.0224455192787               
451            0.0524584338784               
8859           0.0242296023221               
10183          0.0179696527749               
10285          0.0314083029187               
7237           0.0176337915065               
7231           0.026236122411                
8441           0.0190677387981               
11041          0.0276962413944               
11261          0.0425764989276               
8186           0.0380801198646               
6058           0.02194582604                 
3064           0.0248442464508               
3393           0.0509053531704               
4297           0.0157214632434               
4134           0.027706620019                
2368           0.0524584338784               
117            0.0286094698476               
2059           0.0142943226977               
9517           0.0205094915027               
2605           0.0301363474672               
2804           0.0594419484184               
6759           0.0546715274762               
1545           0.0635270425475               
5985           0.0352829574095               
10793          0.0326161582752               
9278           0.0175498236737               
2353           0.0295447630629               
4945           0.0888037848992               
6563           0.0594419484184               
4927           0.0635270425475               
3348           0.0126493302224               
9628           0.0384914047984               
11446          0.0635270425475               
10646          0.0398367445013               
366            0.0648778659228               
4148           0.0408450935326               
12082          0.0268780644526               
454            0.0257504822925               
1395           0.0635270425475               
4672           0.201599243054                
6492           0.0352829574095               
10132          0.0213159283296               
6646           0.0296012616331               
1789           0.0380801198646               
11460          0.0284532639001               
11788          0.078790546034                
6197           0.0325226578122               
6962           0.0415906571936               
5361           0.0275637086612               
562            0.021015157284                
1554           0.0388818652801               
7919           0.0329855352345               
10944          0.0785313790497               
8838           0.0711538166747               
12132          0.020651396409                
9890           0.0263612803161               
11792          0.0565435280075               
11124          0.0297764848634               
1796           0.0317200050782               
5830           0.0392656895248               
4361           0.0463515660787               
1612           0.0188264079355               
11484          0.0509053531704               
5610           0.0225312651733               
9173           0.0296012616331               
3696           0.0376849679715               
9627           0.0169795722559               
12129          0.024725631396                
236            0.0184749159475               
234            0.034690134559                
7183           0.0181352742874               
9595           0.020651396409                
7014           0.0199610523441               
6620           0.0187078761943               
2258           0.0542392921633               
11664          0.0209413468308               
10972          0.0162152186115               
3707           0.113087056015                
9136           0.0565435280075               
11810          0.0565435280075               
1646           0.0408450935326               
11458          0.0430778458327               
5503           0.0380801198646               
2399           0.0257504822925               
6024           0.0473118239361               
5015           0.0267463621616               
3427           0.0138481206972               
11977          0.0626002985066               
7518           0.0278422577115               
11262          0.0180797640544               
8480           0.0688126213386               
938            0.0196328447624               
12157          0.0241130907846               
1686           0.0614029068631               
4997           0.0454749193384               
5383           0.022276186187                
10361          0.0439218386304               
5953           0.0635270425475               
4998           0.0296012616331               
6325           0.0495600134676               
10473          0.0303212165402               
7154           0.0480933897828               
628            0.0223604969869               
4531           0.0290931666578               
6421           0.0332760226997               
7497           0.0594419484184               
5608           0.0439218386304               
9889           0.0335998738424               
6133           0.0211644204851               
2932           0.0565435280075               
5456           0.0579449774332               
1794           0.0172818473818               
2065           0.021704975962                
12084          0.0408450935326               
12187          0.0542953384761               
6395           0.0139211288557               
6063           0.0149217678566               
3384           0.0224455192787               
3624           0.0275637086612               
7454           0.00797879696                 
7004           0.0415906571936               
6717           0.0408450935326               
8958           0.0250632785944               
11113          0.0822683883879               
11739          0.160790605689                
9903           0.0463515660787               
10538          0.0245243757184               
11073          0.0330960147645               
9311           0.0393680515387               
11485          0.0373047310801               
10893          0.0225312651733               
5915           0.116760589185                
5996           0.0387555315522               
8076           0.0408450935326               
1876           0.0272838272806               
2648           0.0259903765257               
9584           0.0216259553076               
1393           0.0750678710101               
4408           0.0168317688943               
6468           0.0294290338187               
6070           0.0635270425475               
1561           0.0362432152669               
11909          0.108590676952                
579            0.0181910920578               
824            0.0927031321573               
8379           0.0238152834343               
5827           0.0150030189566               
8294           0.0221925750698               
12138          0.0151261375778               
7374           0.0338615789926               
9240           0.0718257102399               
6263           0.02892934058                 
11730          0.020723105479                
2306           0.0432267298069               
11132          0.101810706341                
10247          0.0483733397493               
8293           0.016123626328                
973            0.03591285512                 
8216           0.0483733397493               
6422           0.0254010224587               
12184          0.0290931666578               
9069           0.0341586527119               
2460           0.0235260267692               
1565           0.0296012616331               
90             0.0301363474672               
755            0.0271467492233               
2626           0.0381354775962               
9008           0.0542953384761               
1223           0.0317200050782               
5370           0.0162613289061               
12218          0.0257493207218               
4921           0.0247885024722               
4677           0.0203695575616               
9829           0.0384914047984               
9303           0.0328532299613               
6040           0.0364944415848               
3434           0.0638733637097               
7918           0.0437298025063               
722            0.0294290338187               
88             0.0355929843876               
8932           0.0398367445013               
7735           0.115474214395                
10547          0.0542953384761               
11341          0.0483733397493               
4425           0.0267463621616               
6042           0.0130109543581               
8753           0.0259903765257               
2973           0.0483733397493               
9243           0.0146818736234               
750            0.0635270425475               
4372           0.0524584338784               
6772           0.0350817223569               
215            0.0626002985066               
6154           0.0473118239361               
960            0.0399503946018               
4146           0.0163541874602               
11985          0.0388818652801               
1733           0.101810706341                
10380          0.0413898252093               
11862          0.0258220707452               
4206           0.0439218386304               
6310           0.262292169392                
9819           0.0319366818549               
8743           0.0214697493601               
10923          0.0378927016041               
367            0.0684324694033               
7624           0.0184749159475               
8291           0.055208352846                
10924          0.0158537419286               
7310           0.041965700904                
3208           0.0509053531704               
1938           0.309512538343                
2504           0.0483733397493               
11918          0.0165425122292               
2914           0.0635270425475               
4547           0.0263612803161               
11956          0.0315078902584               
7526           0.0328532299613               
6848           0.0395256952431               
6989           0.0463515660787               
2887           0.0468628487342               
6019           0.0212398896155               
4558           0.0439218386304               
2263           0.0495600134676               
8016           0.034690134559                
6235           0.0463860142162               
4678           0.0344063106693               
1875           0.0162613289061               
7511           0.0483733397493               
3148           0.0851529978551               
6265           0.0213159283296               
4076           0.0595529697269               
12020          0.0188862008813               
11891          0.120972931672                
4863           0.0294290338187               
7349           0.0266163593024               
4060           0.0246298749211               
4029           0.033123130346                
11540          0.0635270425475               
5664           0.029259700727                
4976           0.0278515877257               
9405           0.0176463603811               
1335           0.0294290338187               
4895           0.113054903915                
57             0.0365847761731               
2171           0.0365847761731               
3381           0.03591285512                 
1856           0.0769828095969               
749            0.0384914047984               
12077          0.0338615789926               
12041          0.0213925452904               
2323           0.0330960147645               
527            0.0509053531704               
1773           0.041965700904                
5567           0.0408450935326               
6794           0.0384914047984               
6329           0.0436921051983               
4739           0.0495600134676               
2676           0.0303212165402               
11197          0.0779711295771               
2920           0.0278515877257               
10220          0.0778403927897               
7713           0.0454749193384               
3965           0.0338615789926               
11738          0.301363474672                
4203           0.152406134752                
7724           0.0362432152669               
10915          0.0542953384761               
2056           0.0393680515387               
10998          0.016079839979                
8675           0.0188862008813               
6486           0.0335998738424               
8059           0.0213925452904               
8064           0.0148411667723               
4018           0.0524584338784               
210            0.0167829790566               
9047           0.0313001492533               
9468           0.0524584338784               
6138           0.0251746065978               
5999           0.0174885229735               
2372           0.027998671824                
2750           0.0246298749211               
11900          0.0439218386304               
11292          0.0860309792027               
10561          0.0384914047984               
8966           0.0297764848634               
1396           0.0365847761731               
11871          0.0542953384761               
4222           0.0272838272806               
