368
9766           0.0282136504423               
1186           0.0268640525926               
2000           0.0502095290416               
8414           0.0397082340498               
25             0.0329145564508               
1798           0.0257557120375               
1599           0.0502095290416               
2804           0.0549688485084               
4952           0.0604940367465               
12243          0.0474074941297               
1454           0.0941492909014               
5505           0.0413071090974               
5027           0.0437515349311               
3305           0.0393725505614               
2086           0.105248444542                
9045           0.0377714361397               
9595           0.0190973464178               
8639           0.0522885387824               
3064           0.0229746779135               
7442           0.0522885387824               
4333           0.0239229787345               
3746           0.0167705664348               
10385          0.0170315615424               
914            0.0359913905326               
11936          0.0270578623255               
12152          0.0270578623255               
4428           0.0105735674318               
3584           0.0428635379845               
4308           0.0502095290416               
11659          0.0359913905326               
6242           0.0745514907074               
840            0.0280394974077               
7555           0.0205998682149               
9289           0.0437515349311               
4986           0.0122828355003               
6181           0.0225823287386               
11230          0.0267922458287               
11275          0.030380972845                
11204          0.0260297587375               
2633           0.0485108543979               
6154           0.0875030698622               
11312          0.0420528602874               
9627           0.03140366559                 
11787          0.0428635379845               
8306           0.0273737202373               
2504           0.0447331700134               
9835           0.0589246637605               
8943           0.0329145564508               
10425          0.0679150973649               
1003           0.0444116729223               
7718           0.0310714306023               
9310           0.0379045603299               
10383          0.0785095961367               
10813          0.0173547239752               
9047           0.0289447638978               
451            0.0485108543979               
7183           0.0167705664348               
10183          0.016617408201                
1612           0.0174096911912               
10285          0.0348537345962               
7237           0.0163068210202               
7231           0.0242618130232               
8441           0.0176328615276               
11041          0.0256120557614               
11261          0.0393725505614               
8186           0.0352145310798               
6058           0.0202943681875               
3393           0.0470746454507               
4297           0.0145383984602               
6048           0.0272144528363               
4134           0.0256216533782               
2368           0.0485108543979               
117            0.0264565623403               
2059           0.0132186524804               
9517           0.0189661200784               
3696           0.0348491149868               
2605           0.0278685400227               
11014          0.0338317143479               
6759           0.0505574092291               
1545           0.058746532893                
5985           0.0326278594895               
10793          0.0301617411754               
11097          0.0295333964221               
2353           0.0273214732732               
4945           0.082121160712                
6563           0.0549688485084               
4927           0.058746532893                
3348           0.0116974482706               
1522           0.0182153584467               
11882          0.025230676457                
9628           0.0355948661768               
7251           0.0273737202373               
11446          0.058746532893                
10646          0.0368389669556               
4148           0.0377714361397               
12082          0.0248554479186               
454            0.0238127180858               
1395           0.058746532893                
6492           0.0326278594895               
10132          0.0197118712684               
6646           0.0547474404746               
1789           0.0352145310798               
11460          0.0263121111355               
11788          0.0728614337867               
6197           0.030075276769                
6962           0.0384608949651               
5361           0.0254894963244               
562            0.0388674674321               
1554           0.0359559438944               
7919           0.0533808133928               
10944          0.0726217695247               
8838           0.0877325070629               
12132          0.0190973464178               
9890           0.0243775525995               
11792          0.0522885387824               
11124          0.0275357576446               
203            0.0240345599014               
1796           0.0293330249129               
5830           0.0363108847623               
4361           0.0428635379845               
7712           0.0470746454507               
11484          0.0470746454507               
5610           0.0208357521072               
9173           0.0273737202373               
8966           0.0275357576446               
1876           0.025230676457                
8279           0.0199985682297               
12129          0.0228649888277               
236            0.0170846495269               
234            0.0320796474888               
8859           0.0224062867201               
10972          0.0149949979619               
7014           0.0184589518272               
6620           0.034600158299                
2258           0.0501577003019               
11664          0.0193654776153               
3707           0.104577077565                
9136           0.0522885387824               
11810          0.0522885387824               
69             0.0202943681875               
1646           0.0377714361397               
11458          0.0398361703251               
5503           0.0352145310798               
6468           0.0272144528363               
8480           0.0636343635845               
5015           0.0247336564317               
3427           0.0128060278807               
11977          0.0578895277956               
9889           0.0310714306023               
6395           0.0128735420608               
12157          0.0222985428587               
9278           0.0198356545427               
1686           0.0567822417525               
4997           0.0420528602874               
5383           0.0205998682149               
10361          0.0406166513401               
4853           0.0301617411754               
5953           0.058746532893                
4998           0.0273737202373               
11900          0.0406166513401               
6325           0.0458305446719               
4654           0.0176328615276               
3389           0.0372935408206               
10473          0.0280394974077               
2837           0.0225823287386               
6019           0.0196415545868               
628            0.0206778344948               
4531           0.0269038602064               
6421           0.0307719497663               
7497           0.0549688485084               
5608           0.0406166513401               
2932           0.0522885387824               
5456           0.0535845269393               
1794           0.0159813612432               
2065           0.0200716424559               
10915          0.0502095290416               
12187          0.0502095290416               
938            0.0363108847623               
6063           0.0137988814063               
3384           0.0207564587258               
3624           0.0254894963244               
7454           0.0073783799664               
7004           0.0384608949651               
6717           0.0377714361397               
8958           0.0231772275445               
11113          0.0760775630452               
11739          0.20816720436                 
9671           0.0338317143479               
9903           0.0428635379845               
10538          0.0226788779557               
11073          0.0306054877108               
9311           0.036405543874                
10486          0.0326278594895               
11485          0.0344974915183               
10893          0.0208357521072               
5915           0.107974171598                
5996           0.0358391169778               
8076           0.0377714361397               
8216           0.0447331700134               
2648           0.0240345599014               
9584           0.0199985682297               
4203           0.16442688957                 
4408           0.0155651518683               
2399           0.0238127180858               
6070           0.058746532893                
1561           0.033515856436                
11909          0.100419058083                
7154           0.0444742867213               
824            0.0857270759691               
8379           0.0220231459788               
5827           0.0138740182335               
2118           0.033515856436                
8294           0.0205225489656               
12138          0.0139878719853               
7374           0.0313134420292               
11878          0.0257557120375               
9240           0.0664207128172               
6263           0.026752362298                
11730          0.0191636592677               
2306           0.0399738505466               
11132          0.0941492909014               
4739           0.0458305446719               
88             0.0329145564508               
8293           0.0149102981415               
973            0.0332103564086               
9819           0.0295333964221               
12184          0.0269038602064               
9069           0.0315881604849               
7476           0.0135405741192               
2460           0.0435113126635               
1565           0.0273737202373               
90             0.0278685400227               
9405           0.0163184440673               
2626           0.0352657230551               
9008           0.0502095290416               
6163           0.0180367539471               
1223           0.0293330249129               
5370           0.0150376383845               
12218          0.0297645549063               
4921           0.0229231287568               
4677           0.018836716386                
10923          0.0350412163375               
9829           0.0355948661768               
9303           0.030380972845                
6040           0.0337481775791               
3434           0.0590667928442               
6848           0.0365513246423               
722            0.0272144528363               
10247          0.0447331700134               
8932           0.0368389669556               
7735           0.10678459853                 
6052           0.0160764326404               
10547          0.0502095290416               
11341          0.0447331700134               
4425           0.0247336564317               
6042           0.0120318596226               
8753           0.0240345599014               
2973           0.0447331700134               
9243           0.0271540791814               
750            0.058746532893                
4372           0.0485108543979               
6772           0.0324417676904               
215            0.0578895277956               
10825          0.0458305446719               
822            0.0355948661768               
960            0.0369440647077               
5334           0.0249788525847               
4146           0.0302470183733               
11985          0.0359559438944               
1733           0.0941492909014               
10380          0.0382751759028               
2263           0.0458305446719               
4206           0.0406166513401               
2389           0.0377714361397               
6310           0.291065126387                
6188           0.058746532893                
6422           0.0234895556529               
8743           0.0198541170249               
11262          0.016719233434                
367            0.063282818679                
7624           0.0170846495269               
8291           0.0510538376473               
10924          0.0146607229667               
7310           0.0388077160477               
6024           0.0437515349311               
3208           0.0470746454507               
1938           0.312241346254                
7918           0.0404390662357               
4672           0.186428583614                
11918          0.0152976622212               
2914           0.058746532893                
4547           0.0243775525995               
11956          0.0291368720663               
7526           0.030380972845                
11738          0.278685400227                
7518           0.0257470841215               
6989           0.0428635379845               
2887           0.0433363458179               
366            0.0599957046892               
579            0.0168221838304               
4558           0.0406166513401               
5567           0.0377714361397               
8016           0.0320796474888               
9538           0.0238127180858               
6235           0.0428953938457               
4678           0.0318171817923               
1875           0.0150376383845               
7511           0.0447331700134               
3148           0.0787451011227               
6265           0.0197118712684               
4076           0.0826072729338               
12020          0.017464984624                
11891          0.127850889946                
10391          0.0260297587375               
4863           0.0272144528363               
7349           0.0246134364917               
4060           0.0227764381778               
4029           0.0306305628022               
11540          0.058746532893                
5664           0.0270578623255               
4976           0.0257557120375               
755            0.0251039137386               
1335           0.0272144528363               
4222           0.025230676457                
57             0.0338317143479               
2171           0.0338317143479               
3381           0.0332103564086               
1856           0.0711897323536               
749            0.0355948661768               
12077          0.0313134420292               
9468           0.0485108543979               
2323           0.0306054877108               
527            0.0470746454507               
1773           0.0388077160477               
6794           0.0355948661768               
6329           0.0404042057093               
6133           0.019571764627                
2676           0.0560789948154               
11197          0.0721036797042               
2920           0.0257557120375               
10220          0.0719827810653               
7713           0.0420528602874               
3965           0.0313134420292               
11862          0.023878919395                
1393           0.0694188959009               
8900           0.0344974915183               
7724           0.067031712872                
12084          0.0377714361397               
2056           0.036405543874                
10998          0.014869806784                
8675           0.017464984624                
6486           0.0310714306023               
8059           0.0197827226826               
8064           0.0137243456802               
4018           0.0485108543979               
210            0.0155200335425               
3651           0.0207564587258               
12041          0.0197827226826               
5999           0.0161724841723               
2372           0.0258917278266               
2750           0.0227764381778               
6138           0.0232801779409               
11292          0.0883966811066               
10561          0.0355948661768               
1396           0.0676634286957               
6523           0.058746532893                
11871          0.0502095290416               
4895           0.10454734496                 
