135
3384           0.112144899768                
1186           0.14514356833                 
7454           0.0398645883054               
6933           0.0351459624183               
5787           0.11733874718                 
5093           0.06126576139                 
2021           0.0668808965523               
5443           0.069945101433                
5415           0.0523147896955               
2522           0.0567206181806               
4574           0.0617956576892               
12062          0.0814803113967               
9053           0.102037490497                
6383           0.0552334007037               
6214           0.0602383067095               
7439           0.0573859206484               
1053           0.127486827623                
10105          0.186194546901                
9238           0.0839377881499               
914            0.0972287936279               
10727          0.10798719382                 
4633           0.0550279371583               
7374           0.0845915689217               
1102           0.17420786345                 
8790           0.0552334007037               
7704           0.0668166342358               
9406           0.314450703785                
1566           0.120982530131                
11104          0.0995184754626               
11672          0.0792415792647               
1113           0.164145107774                
9069           0.0426668529809               
9105           0.12716960695                 
10425          0.0458672399717               
4006           0.0408553415657               
1951           0.0362858920825               
4677           0.0508863698516               
178            0.0797828720524               
1190           0.0743863590096               
4849           0.0752853525933               
481            0.0433008699946               
2160           0.0562866566623               
9121           0.0626120258329               
3633           0.0814803113967               
10183          0.0448910289015               
10620          0.0514125732237               
2146           0.0524991798575               
726            0.0946619494641               
5407           0.0344137174793               
1164           0.0443497361137               
2849           0.176146500755                
960            0.033267463784                
4146           0.0817106831314               
2059           0.0357094742669               
4763           0.0757471847166               
10181          0.0671456473463               
6759           0.0341445262016               
5737           0.0820725538872               
9278           0.0121783970951               
8240           0.100746482157                
8057           0.0407390866498               
193            0.0714709713022               
7624           0.0461532560557               
2353           0.0246024937925               
119            0.0470313385201               
1129           0.0873910230084               
2663           0.0787116829655               
9441           0.0617956576892               
9077           0.158700579179                
7571           0.0646266323117               
8890           0.123808736029                
9313           0.0375820155829               
10941          0.148495369267                
11292          0.119399424939                
4558           0.109723685375                
3036           0.0845915689217               
10545          0.0538291799091               
2226           0.0905412722446               
1875           0.0406233662412               
660            0.0641775200664               
11598          0.0394945158586               
7734           0.123808736029                
1554           0.0485665182266               
5774           0.123808736029                
4029           0.0275822692161               
7919           0.0824030733421               
12132          0.051590447777                
11064          0.0408553415657               
11992          0.0554405553261               
4911           0.0524991798575               
4982           0.0337021748412               
4986           0.0331814153427               
5292           0.0485665182266               
2073           0.0845915689217               
236            0.0461532560557               
7183           0.0453047775809               
7949           0.0703179844685               
446            0.071867343975                
12223          0.0382035075182               
1909           0.0444839718695               
3658           0.0814803113967               
9309           0.0154366200064               
11084          0.109723685375                
6773           0.10798719382                 
12218          0.0160814668374               
3661           0.120157838649                
509            0.0688584947992               
5752           0.0839377881499               
9744           0.0436890907177               
9416           0.119975730788                
9546           0.0306501316535               
8131           0.0413258065633               
7953           0.0730953506692               
367            0.142462591434                
2109           0.0826790686459               
2627           0.0762176497142               
12004          0.12084423778                 
11533          0.131049447692                
8308           0.0897159804545               
5670           0.0826790686459               
8590           0.0922777637993               
9310           0.0716779828045               
5290           0.0620648489669               
6421           0.0415643784399               
3261           0.123808736029                
1678           0.0508863698516               
10756          0.0852627858872               
5927           0.125780281514                
6329           0.0363832583337               
3179           0.0710807441903               
5277           0.0476342211057               
11217          0.0706964749775               
10998          0.0200849891278               
7547           0.053250553402                
1515           0.0386265283085               
