193
3384           0.145302299685                
1186           0.070521578466                
5683           0.0373819903994               
2227           0.0765689215608               
6933           0.0227687089408               
8294           0.0359162128699               
3726           0.114113489307                
5787           0.0760158948048               
11728          0.0383848444529               
4006           0.026467432296                
1190           0.0481899268341               
2089           0.0434991559733               
5443           0.0453127342881               
5415           0.0338912392182               
8336           0.0479063475368               
2522           0.036745479635                
9546           0.0198561620908               
4574           0.0400332569352               
4384           0.114113489307                
12062          0.052785622215                
1448           0.0407422990185               
9053           0.0661032381052               
6383           0.0357820113008               
7454           0.0258255897894               
7985           0.102811448241                
1053           0.0825901546633               
10105          0.0402076478874               
7186           0.036745479635                
1882           0.0496868855189               
9238           0.0543776563797               
2548           0.0135838936722               
914            0.0629880063156               
10727          0.0699576513556               
4633           0.035648905267                
2274           0.0652668804949               
7374           0.0548011970393               
1102           0.188095960634                
8790           0.0357820113008               
7128           0.0424602442227               
2880           0.0206290744904               
8190           0.0250235338552               
7704           0.0432860104728               
11150          0.0883116759036               
5292           0.125851943345                
11104          0.0644713374204               
5049           0.0878679847437               
11672          0.205341192005                
1113           0.106338592709                
9105           0.247153946075                
4623           0.0661032381052               
10425          0.0594286094319               
12218          0.0208362049332               
1951           0.070521578466                
4677           0.0659317238443               
178            0.0516859652497               
2021           0.0433276417124               
4849           0.048772324408                
481            0.0561034518876               
2160           0.0364643451085               
9121           0.040562127035                
15             0.0539648394289               
3633           0.052785622215                
9668           0.0962001780363               
10183          0.0290818831177               
10620          0.066613507503                
2146           0.0340106932221               
726            0.0306625601749               
11041          0.0224116421481               
5407           0.0222943366162               
8218           0.0195569720709               
6066           0.0543776563797               
7079           0.0476276159871               
10579          0.0848981369703               
1342           0.0506558080757               
960            0.0215517558199               
1204           0.192400356073                
8842           0.0320901938777               
4146           0.052934864592                
2059           0.0231337704267               
4763           0.0490715144279               
10181          0.0434991559733               
10962          0.0622940548384               
12223          0.0247494870917               
1682           0.0416742897394               
2358           0.107929678858                
6759           0.0221199456641               
9946           0.0603735554939               
1332           0.193914101975                
9278           0.0126233050851               
8057           0.0263921185427               
193            0.0463012429116               
7624           0.0298995953303               
2353           0.0159383036296               
119            0.0304684459943               
7439           0.0371764844277               
1129           0.056614775354                
2663           0.0509920137724               
9077           0.102811448241                
7571           0.0418672552885               
9313           0.024346864201                
12082          0.0434991559733               
6713           0.0750148510887               
11292          0.0773508695472               
5075           0.0915094071755               
4558           0.0710826076256               
3036           0.109602394079                
5293           0.0465580261492               
2839           0.0699576513556               
10545          0.0348723109438               
2226           0.0586556102896               
6197           0.0263171510608               
10941          0.0962001780363               
11598          0.0255858447021               
11162          0.0543776563797               
10288          0.115154533359                
7734           0.0802073661095               
2848           0.0735960959043               
10391          0.045554300167                
1554           0.0314629858362               
5774           0.0802073661095               
4029           0.0178687000297               
7919           0.0266917088572               
12132          0.03342198673                 
11064          0.026467432296                
11992          0.0359162128699               
4913           0.0637128100227               
4911           0.0340106932221               
5795           0.06791681642                 
80             0.0353859092655               
4982           0.0218333759223               
4986           0.0214960108131               
8422           0.0393537670098               
1566           0.0783764570927               
8874           0.0426627983629               
12129          0.0200078413111               
2073           0.109602394079                
236            0.0298995953303               
9406           0.325938392148                
7183           0.0293499231032               
7949           0.045554300167                
846            0.114113489307                
446            0.0465580261492               
10393          0.0387014640829               
1909           0.0288181782012               
3658           0.10557124443                 
9309           0.0100003495073               
6773           0.0699576513556               
3661           0.103789593148                
262            0.037769473362                
5232           0.0428679004207               
1331           0.0552360334378               
12107          0.0470840523668               
8795           0.037031546597                
1128           0.0848981369703               
8240           0.0652668804949               
509            0.133826384452                
5752           0.0543776563797               
9744           0.0283032280806               
9416           0.11658632911                 
7436           0.045554300167                
9644           0.107124433076                
12056          0.0581209591586               
5927           0.0814845980369               
8131           0.0535444299508               
7953           0.0473535692237               
2852           0.0617180262737               
367            0.0922919463894               
2109           0.0535622165382               
1393           0.0303722486734               
2627           0.0493762971074               
660            0.0207881528117               
2162           0.0516859652497               
12004          0.0782868667651               
8308           0.0581209591586               
5670           0.0535622165382               
8590           0.0597805665596               
9310           0.0663362168039               
5290           0.0804152957748               
628            0.0361879758041               
6421           0.107707078695                
3261           0.0802073661095               
12041          0.0692429074194               
10756          0.0552360334378               
697            0.0237609784682               
6329           0.0235702698778               
3179           0.0920968819404               
4969           0.0411087278908               
5277           0.0308590131369               
1794           0.055937493274                
11217          0.0457994987515               
10998          0.0130117157154               
7547           0.0344974576856               
1515           0.0250235338552               
