118
1938           0.0831458110508               
4809           0.0497110283731               
8121           0.034867853905                
10037          0.138904942524                
7454           0.0314362665371               
7004           0.040966545193                
10613          0.0473050044082               
11739          0.316755543627                
5021           0.0576412556592               
214            0.105380018319                
6848           0.0778651403812               
3472           0.10028292852                 
6019           0.0418423250095               
6216           0.0616609145157               
11862          0.0763037494144               
3077           0.0489428642725               
1831           0.0865254895511               
628            0.0440499079438               
11788          0.0776082101771               
11029          0.0493323713401               
1010           0.0440499079438               
4078           0.062070161777                
5027           0.0932037194997               
4672           0.132382688144                
2086           0.0560525848882               
5604           0.0830921677073               
3868           0.0338445453787               
4275           0.0930682391855               
2852           0.0375632142365               
3746           0.0357262704565               
7919           0.0162452761158               
5031           0.0465341195927               
8838           0.0934481040742               
11922          0.0477019734204               
2548           0.016535030006                
7237           0.0115794518195               
7154           0.0473716973707               
824            0.0913120231637               
5120           0.145536101164                
4428           0.0225248283193               
836            0.0952948927809               
10528          0.0661913440721               
5610           0.0443863192005               
2538           0.0498154350688               
7555           0.0438838166903               
2880           0.0502215894687               
11244          0.125147503555                
12129          0.0243545970263               
4885           0.0485205549581               
8741           0.0509630257105               
8859           0.0238660113957               
10998          0.0158385448955               
4600           0.0701177476797               
230            0.038423624639                
11312          0.0895850397148               
2670           0.138904942524                
360            0.125147503555                
9309           0.0243459030474               
9069           0.0336460658349               
8292           0.138904942524                
11664          0.0412541993436               
2460           0.046345987483                
10427          0.0734898679092               
1913           0.0590106116133               
475            0.163074907624                
9237           0.0340450298003               
12218          0.012681462403                
176            0.125147503555                
10495          0.0661913440721               
5015           0.0526900091595               
9310           0.032299173177                
2278           0.0540225758742               
10813          0.0369706989236               
6040           0.035946803714                
11262          0.0356169159707               
7518           0.0274244550526               
11715          0.195596243394                
367            0.202216702474                
8370           0.0683391444644               
7547           0.0419921203543               
6042           0.0256314223281               
10122          0.138904942524                
2938           0.075017374413                
11891          0.136180119201                
10273          0.0661913440721               
7346           0.0548672901201               
12097          0.125147503555                
10676          0.0707478891441               
7014           0.0393230310908               
8291           0.0951648124937               
1991           0.222780129173                
8059           0.0842861096762               
8              0.246643658063                
117            0.0563603087108               
614            0.0341460365779               
366            0.0426028697419               
2059           0.0563192847926               
6421           0.0327766806238               
8862           0.0661913440721               
11586          0.0983148741079               
923            0.138904942524                
6759           0.0269255615594               
697            0.0289231130208               
6904           0.0456108001393               
7403           0.0826719219481               
4041           0.0693178557627               
8743           0.0422951459193               
2415           0.0794462805308               
9278           0.00192071888034              
11738          0.356209434649                
1515           0.091379885577                
7944           0.0784779036483               
2895           0.106961158469                
2353           0.0194009416682               
1722           0.0402651369053               
6395           0.0274244550526               
3706           0.0456108001393               
11604          0.0661913440721               
