134
9766           0.0608852411859               
4809           0.0251788303161               
11739          0.192525506207                
11831          0.0737146045055               
11025          0.118623132657                
5580           0.123317285803                
12243          0.0511528403603               
5915           0.0776696548956               
2086           0.0567817069922               
9584           0.0431570403316               
8722           0.104686739357                
7186           0.0453103517504               
2852           0.0380518298793               
1037           0.0536382182945               
2548           0.01675011475                 
7154           0.0239939500131               
6655           0.0681108024505               
4428           0.0228178272996               
8911           0.0201974117548               
2880           0.0254374315081               
9289           0.0944160969876               
11132          0.101587391106                
3434           0.127466523191                
10247          0.0965344718807               
11985          0.0387965804098               
9819           0.0637332615954               
2891           0.0624629887789               
7476           0.0584412940628               
90             0.0601404906554               
2246           0.0627479169005               
475            0.0825980785806               
2323           0.0660468415704               
3718           0.0453103517504               
3576           0.0570934336318               
10813          0.0749032144641               
8867           0.0744458111046               
10285          0.0250715286614               
7237           0.0234601505589               
6042           0.0519296626669               
7508           0.0876509978057               
3667           0.0675746115947               
3606           0.0907503460565               
6772           0.0700095457114               
215            0.0624629887789               
4121           0.0446229013503               
8736           0.16302200979                 
6102           0.0451362730396               
11043          0.0907503460565               
1679           0.126775400133                
8678           0.0837473036774               
2605           0.0601404906554               
6310           0.104686739357                
3158           0.0891410101373               
367            0.0227607890613               
7624           0.0368687848157               
8291           0.0550872568755               
2353           0.0196533056838               
4945           0.0590726663398               
3208           0.101587391106                
3348           0.0252431694606               
3868           0.0342847892351               
9628           0.0768139527563               
4547           0.0526069170871               
454            0.0513880005323               
5162           0.0416446008193               
6848           0.0394389981733               
11055          0.132093683141                
6492           0.0704111330244               
11460          0.0567817069922               
4672           0.335261746806                
6197           0.0324513214545               
11029          0.0999481561912               
10393          0.0477222496011               
1503           0.0508748630162               
1938           0.140378928409                
7672           0.188832193975                
2680           0.0776696548956               
1080           0.0804797036875               
11891          0.206927289135                
4147           0.0526069170871               
1733           0.101587391106                
4863           0.0587289662524               
7919           0.0329131835849               
4766           0.0862638295117               
562            0.0419381237768               
1335           0.0587289662524               
11900          0.175301995611                
5379           0.118623132657                
8851           0.0744458111046               
4986           0.0265064389103               
4884           0.0723274362115               
4885           0.0983034034996               
8859           0.0241764562481               
11788          0.0786177240399               
8188           0.0458418179052               
6620           0.0373336833427               
1773           0.0837473036774               
3973           0.0655623370296               
9890           0.0526069170871               
7179           0.112949479448                
11837          0.0641751687356               
3447           0.101587391106                
10097          0.0620567938425               
11197          0.103733473227                
9467           0.0862638295117               
3441           0.0605094178044               
11977          0.124925977558                
2811           0.0570934336318               
4333           0.0516259437294               
12157          0.0481204005423               
9278           0.0155656260128               
3290           0.0544479639212               
8218           0.0241154365791               
10148          0.11546354373                 
8865           0.0605094178044               
2162           0.127466523191                
8136           0.0314615662817               
8838           0.0946636604734               
10676          0.071668165165                
10510          0.104686739357                
3389           0.0804797036875               
6334           0.184999587601                
10473          0.0605094178044               
5177           0.0587289662524               
366            0.0431570403316               
6421           0.0332030338845               
3138           0.07300905964                 
11586          0.0497968682952               
12041          0.0426912442369               
7521           0.126775400133                
4491           0.071029826932                
11738          0.180421471966                
11292          0.0190760612854               
10998          0.0160445698844               
