59
6794           0.140675601745                
9309           0.022583297688                
9069           0.0624202864278               
1938           0.154252368361                
11788          0.143978993924                
8341           0.117529174779                
9689           0.122798388266                
2246           0.0574576665534               
7747           0.217244132981                
5021           0.106936237537                
2721           0.125745695242                
10538          0.0896299142544               
11197          0.0949877479526               
9405           0.064492641363                
9311           0.143879506834                
4359           0.0829805102987               
3567           0.10513970172                 
11399          0.191721289236                
1789           0.139172467322                
4672           0.122798388266                
8291           0.0252214367683               
1875           0.178292185569                
236            0.0675207863084               
2738           0.0949877479526               
10998          0.0293837179606               
2086           0.10398893056                 
240            0.257696883229                
6042           0.0475514947607               
11738          0.220280285251                
1554           0.0710513142336               
8876           0.206651195739                
10720          0.157981925027                
5959           0.191721289236                
8839           0.120956920558                
1462           0.191721289236                
2887           0.085635474721                
755            0.0992139752343               
6680           0.0958858822367               
9310           0.0299607634809               
4895           0.137728294769                
8294           0.0811078179289               
478            0.0639157886238               
4146           0.0597701012488               
628            0.0817215268037               
5373           0.181128351993                
8033           0.134999514725                
8938           0.0884968500828               
6145           0.0422089556339               
11739          0.352587524338                
3185           0.112205451023                
11891          0.0631604456224               
9793           0.186045202216                
367            0.0416836731154               
8066           0.0799102593681               
7014           0.0729522101019               
9972           0.0611597635327               
6422           0.0928338193431               
10106          0.16041203485                 
5827           0.0548319483469               
