48
355            0.0972950285719               
4229           0.182326769983                
1938           0.0863063924119               
11812          0.181592379273                
169            0.0966444070668               
8911           0.0931318056974               
8414           0.0658543361602               
8571           0.0841141647471               
9310           0.012572604739                
697            0.0450338299177               
938            0.0602199838052               
11788          0.120837440106                
9278           0.00299059535239              
611            0.109174649387                
10393          0.0733503106114               
10972          0.0497370714227               
4099           0.105534755476                
6222           0.216277603032                
8291           0.0635028854936               
9891           0.0800950835023               
2548           0.0257453521147               
4121           0.0685865335727               
4182           0.0841141647471               
8066           0.0670663887633               
74             0.21644740225                 
2353           0.0604152607431               
8294           0.068071465316                
3468           0.0863383891572               
7774           0.160906179254                
6242           0.0494561296695               
2461           0.14511994088                 
5957           0.0935821632461               
6145           0.0354247658589               
11739          0.197277731023                
2880           0.0390979787808               
9627           0.0520815795493               
5483           0.108223701125                
2372           0.0858805529312               
2610           0.0902679138664               
7704           0.0820393333574               
9030           0.648832809095                
11738          0.277312388253                
5631           0.104688034565                
330            0.130298571006                
7944           0.122191569166                
1803           0.110155791476                
6809           0.0699130625419               
3706           0.071016872022                
