223
3384           0.0255527404158               
1186           0.0496074622953               
2588           0.061811654818                
8004           0.0438199207085               
7454           0.0635833314936               
8345           0.0405202606091               
10081          0.0563217195977               
6933           0.016016344144                
1326           0.0496007034654               
5787           0.0106944731454               
615            0.0527681948975               
5093           0.0279193810939               
2021           0.0457173761424               
5415           0.0476806789704               
2924           0.0379608453962               
4556           0.0471195808079               
3772           0.0305989001773               
2971           0.0307508204754               
5996           0.0220603057816               
7453           0.0126323467909               
510            0.0368676552829               
10625          0.0508521154807               
7439           0.0261513013412               
627            0.0305989001773               
1053           0.0580969410008               
8997           0.0176511747787               
6798           0.085190723046                
8289           0.0500021107631               
137            0.0379608453962               
914            0.0443080716049               
7154           0.0136877865196               
7158           0.0471195808079               
11935          0.216964019515                
1069           0.0550698506152               
8370           0.157969702971                
7440           0.0305989001773               
478            0.019909527699                
8790           0.0251703778485               
4061           0.0374012312479               
8319           0.102601425801                
3420           0.0538613850108               
2880           0.0145112468727               
3185           0.0349515758661               
3836           0.0477751772303               
88             0.0405202606091               
9406           0.0573192519608               
9972           0.0190510362515               
7119           0.0597204603231               
2246           0.0178978469701               
8350           0.0408844122997               
9835           0.0483604214333               
3683           0.0477751772303               
1223           0.0361111296061               
9401           0.0723213398382               
8970           0.0231105645354               
4006           0.0186181616782               
4921           0.0282200719486               
8173           0.0212308011853               
3525           0.061811654818                
178            0.0727156035952               
3633           0.0371313407999               
2278           0.0312190411933               
481            0.0197326118806               
2491           0.0550698506152               
1739           0.039819055398                
2686           0.0252647801495               
7804           0.0333102356883               
8859           0.013791900531                
2350           0.0538613850108               
4029           0.0125694983333               
12177          0.0368676552829               
26             0.0806746386831               
1424           0.0803346307647               
8836           0.0307508204754               
7237           0.0066916354413               
10869          0.0433516999906               
11041          0.047295510836                
5407           0.172509185963                
7512           0.0802716096455               
5317           0.0249838726851               
6648           0.037130366449                
3995           0.0366098957877               
215            0.0712663029903               
6102           0.025748810401                
12238          0.0285328864055               
8842           0.0225734182                  
3012           0.0803346307647               
8191           0.0848505983535               
4146           0.0372363233563               
5752           0.0382512359655               
8862           0.0382512359655               
6759           0.0155599802837               
8804           0.022498696015                
7403           0.143325531691                
9278           0.022199238328                
5712           0.0517701905158               
7624           0.0420649418308               
14             0.0484705304164               
2353           0.0448463470931               
119            0.0857304852635               
10114          0.0564208002237               
960            0.0151602947281               
2070           0.0297273558949               
10620          0.0234291909916               
697            0.0334286857753               
7429           0.0517701905158               
2663           0.0358696509012               
1602           0.0410395362811               
11082          0.0500021107631               
11918          0.0188325569825               
9441           0.0281608597988               
2518           0.0453515010552               
7571           0.0294509614406               
1909           0.0202717624823               
9313           0.0171264763798               
12082          0.0611978003545               
7079           0.0335030102231               
12037          0.0550698506152               
3784           0.364690854645                
441            0.0217770860877               
3543           0.0351742977152               
1158           0.0769510693511               
110            0.0254559481551               
5092           0.0443080716049               
9534           0.0210982006931               
8016           0.0394924257429               
11466          0.0385491699846               
6126           0.0464994397918               
8524           0.0748994335977               
10545          0.0245304612847               
10501          0.0433516999906               
8073           0.0416493500156               
660            0.0877388903562               
11598          0.0179980206621               
5205           0.0151210816477               
10288          0.0540026121177               
5604           0.0240090162725               
11891          0.0196742411957               
8718           0.064371070031                
4753           0.0191618565806               
6265           0.0242667757677               
4060           0.0280394849644               
3275           0.0379608453962               
8424           0.0412605054956               
8287           0.117507933002                
8944           0.0984215506058               
755            0.030904780033                
7911           0.0371313407999               
6169           0.0294509614406               
10790          0.0492107753029               
3321           0.0203950950128               
10789          0.0438199207085               
3413           0.0492107753029               
5091           0.0817688245994               
8995           0.0433516999906               
4986           0.0302421632955               
10055          0.0492107753029               
8279           0.0246197209945               
3006           0.0416493500156               
7708           0.0538613850108               
7183           0.0206458113301               
6048           0.0670060204463               
12223          0.0522290882212               
7428           0.0331206476557               
7421           0.0732197915754               
10317          0.0564208002237               
12224          0.343426457986                
9309           0.00703461226928              
2216           0.0471195808079               
1878           0.0538613850108               
8258           0.03430824007                 
6773           0.0492107753029               
262            0.106273725942                
203            0.177529956805                
420            0.0363578017976               
8887           0.0517701905158               
4742           0.030904780033                
3661           0.0182523507015               
509            0.0313794607989               
4611           0.144642679676                
9744           0.059728583097                
5086           0.0579523805703               
5437           0.21107277959                 
9546           0.0139675519703               
2362           0.059728583097                
4388           0.0464994397918               
5927           0.0573192519608               
11715          0.0753552514045               
3532           0.030904780033                
2816           0.0294509614406               
3047           0.0858036913468               
3734           0.0825210109912               
5383           0.076079897643                
11292          0.141469733278                
2108           0.0270013060588               
2555           0.0723213398382               
4307           0.061811654818                
3589           0.0730619973435               
8308           0.0408844122997               
2963           0.0388550498403               
2925           0.0272240279079               
9310           0.0513296580997               
8064           0.0168956876111               
2603           0.0405202606091               
9319           0.064371070031                
8008           0.0412605054956               
6421           0.0568238292612               
8767           0.0424689711                  
3261           0.0564208002237               
6040           0.0207732550282               
9415           0.064371070031                
7212           0.203012190391                
10756          0.0388550498403               
4267           0.0286596259804               
3179           0.0323921606532               
10943          0.0267828267898               
1794           0.0196742411957               
2065           0.0494193615752               
12084          0.0464994397918               
9588           0.0496007034654               
10115          0.0405202606091               
7547           0.0242667757677               
1515           0.0176024706085               
