169
9766           0.108370957037                
3384           0.0797272689481               
1186           0.0257967601119               
5683           0.0205114716619               
7454           0.0283409656606               
10081          0.0439324394655               
5787           0.0333678941219               
11728          0.0842469478838               
4006           0.0290453227184               
2021           0.0475476926544               
5443           0.0497261304357               
11073          0.058779100574                
4574           0.0439324394655               
7453           0.0197071330444               
1448           0.0447105412435               
7439           0.0407974213615               
7985           0.112825137698                
6601           0.0699183474886               
2287           0.0840266260837               
10105          0.0441238158494               
7186           0.0403244373123               
2852           0.0338646373138               
9238           0.0596739631012               
2548           0.0298138913566               
914            0.0691229489269               
1287           0.0409579024491               
11117          0.135261916658                
8294           0.0394144011388               
12138          0.0537285693343               
1102           0.0825664963269               
2971           0.0479729159088               
832            0.0494649065068               
6603           0.0494649065068               
8938           0.0430051065082               
7555           0.039562895944                
10139          0.0535226797338               
6108           0.0835652693178               
7704           0.0475020065911               
11150          0.0484565540347               
1566           0.0860102130165               
11672          0.225341133301                
1113           0.0583479105208               
9105           0.271226390402                
8971           0.0649752018016               
5370           0.0577608086073               
10425          0.0978253077413               
12218          0.0114328108927               
1951           0.0257967601119               
3437           0.0649752018016               
8173           0.0331211793439               
178            0.0567201050671               
9310           0.0363986351875               
4849           0.0535226797338               
8867           0.0662538542978               
15             0.0592209383641               
3633           0.0579268670635               
9668           0.105569939138                
726            0.0336490501115               
9406           0.268263247461                
77             0.036176690187                
5407           0.0244657734293               
8218           0.0214617934539               
6066           0.0596739631012               
7079           0.0522664783339               
2153           0.0497261304357               
10579          0.0931670952782               
1204           0.105569939138                
8842           0.0352157333151               
4146           0.0290453227184               
2789           0.0519657398038               
10962          0.0683614075586               
1682           0.0457333065407               
2358           0.118441876728                
8804           0.0350991627313               
9946           0.0662538542978               
8530           0.0780059529409               
1332           0.106400530443                
7184           0.0502603050685               
9278           0.0155843967637               
7624           0.0328117735716               
2353           0.0174906718313               
119            0.0334360294846               
8357           0.0616102851861               
1842           0.0745318181553               
7571           0.045945066661                
11916          0.0859118967179               
9313           0.0267182142941               
12082          0.0477359121614               
8245           0.0931670952782               
3465           0.0621289742955               
6492           0.0626631489283               
9143           0.316709817414                
4558           0.0780059529409               
3036           0.0601387560212               
532            0.0317209719896               
11455          0.0519657398038               
2839           0.0767714275234               
123            0.100422293838                
10941          0.105569939138                
10279          0.0344152506444               
6197           0.0288804043037               
12062          0.0579268670635               
11598          0.0280778697413               
5205           0.0235896918236               
10288          0.0421234739419               
5513           0.0859118967179               
1554           0.0345274360986               
4029           0.0196090861068               
12132          0.0733544818104               
7800           0.0489536282576               
4913           0.0699183474886               
4854           0.058779100574                
9257           0.0532002652213               
4982           0.07187974745                 
5292           0.0345274360986               
8874           0.0936361890085               
12041          0.0759870685401               
2073           0.0601387560212               
8859           0.0215160985679               
6620           0.0332255150409               
12223          0.0271600520842               
1053           0.090634318763                
9309           0.0109743693868               
6773           0.0767714275234               
262            0.0414481665782               
5232           0.047043173212                
1331           0.0606159448692               
3661           0.1708478288                  
509            0.146860884773                
5752           0.0596739631012               
4041           0.0312463149451               
7436           0.0999824489783               
9644           0.058779100574                
5927           0.089421082487                
8131           0.0587595815982               
367            0.0405124205054               
8592           0.0880194499787               
11862          0.0229302244418               
2627           0.0541854785187               
660            0.0684386683659               
3566           0.0545263178017               
12004          0.0859118967179               
7465           0.111917127398                
10273          0.0596739631012               
3589           0.03799353427                 
7346           0.0494649065068               
3259           0.0315295956057               
8590           0.0656031090811               
289            0.154137043229                
3725           0.0756166061188               
845            0.125227981558                
1129           0.0621289742955               
628            0.0397126333979               
6421           0.0295493989062               
10235          0.0579268670635               
3261           0.0880194499787               
8930           0.0404807136012               
6139           0.0567201050671               
10756          0.0606159448692               
6329           0.0258659807836               
3179           0.101066987814                
4969           0.135337979307                
5456           0.0343037641696               
5277           0.0338646373138               
1794           0.03069286295                 
11292          0.0679077877572               
10727          0.0767714275234               
7547           0.0378574612087               
1515           0.0274607906142               
