343
12221          0.0347842204382               
1326           0.0148856853355               
8711           0.0406173753503               
4387           0.0213068853058               
4006           0.0111750066795               
1705           0.0286756519732               
7860           0.0677298683148               
6216           0.0213877563668               
11014          0.0249988034623               
2660           0.0221287311372               
3772           0.0367321886852               
12243          0.0175150838678               
9586           0.0189322560068               
8369           0.0422246856278               
10758          0.0551136065881               
9984           0.0235102326229               
2086           0.0194424464628               
6214           0.0164767556467               
11999          0.0434087677255               
4952           0.0111750066795               
10110          0.0279099279107               
10663          0.0481806845096               
2852           0.0521168315945               
3746           0.0123920440431               
11817          0.0237041727908               
11936          0.0199934941348               
8813           0.0386368509414               
9483           0.0481806845096               
6606           0.0323287200781               
8958           0.0171260300388               
4428           0.039064903925                
478            0.0119501113412               
6242           0.0220349231476               
7555           0.0152215773507               
2356           0.0295373277029               
1459           0.0386368509414               
2891           0.0213877563668               
4747           0.0323287200781               
10559          0.0358454585662               
11230          0.00989861289468              
2081           0.0229591849509               
10784          0.0152791879018               
9972           0.0228696539479               
6504           0.0347842204382               
11312          0.0310735417821               
8157           0.033054066191                
9633           0.0105653678396               
10830          0.0231380111266               
10781          0.033054066191                
2923           0.0922864002776               
9835           0.0145134638393               
7828           0.0141603392227               
9534           0.0253271550378               
3718           0.0155145756404               
8181           0.0371006368622               
1142           0.0218227065037               
9310           0.0476141024145               
10813          0.0128236875418               
2311           0.0371006368622               
1944           0.0310735417821               
8908           0.0275568032941               
7183           0.0123920440431               
2964           0.0310735417821               
10285          0.00858466361017              
5789           0.0406173753503               
726            0.0129462620678               
5773           0.0481806845096               
6687           0.0295373277029               
2253           0.0371006368622               
11041          0.00946258208587              
4831           0.0295373277029               
7785           0.0199934941348               
6066           0.0229591849509               
4297           0.0107426588563               
6648           0.0111432079131               
3171           0.0265946232877               
2522           0.0155145756404               
10126          0.033054066191                
2059           0.00976747710731              
115            0.0188346030123               
9517           0.126129368753                
7352           0.0199934941348               
6759           0.0373576911854               
4041           0.012021824705                
10050          0.0667457985784               
9278           0.00999333235271              
7841           0.0371006368622               
2353           0.00672942684916              
4945           0.0202268866782               
11093          0.024109255546                
8121           0.0120942929603               
2047           0.0290930173733               
9628           0.0526032499962               
7936           0.0222870006519               
1353           0.0154549698942               
3740           0.0676277631179               
11458          0.0220766951626               
10132          0.0291308439557               
10181          0.0183660943426               
1789           0.0520411784296               
3208           0.0347842204382               
4672           0.0688775548526               
4203           0.0173568143531               
2279           0.0254907570317               
3216           0.0269006479212               
6197           0.0111115553485               
1503           0.00870995125798              
562            0.014359901621                
1086           0.0202268866782               
10816          0.0159469234636               
11007          0.0531892465754               
8528           0.0367321886852               
7919           0.0169045501712               
5031           0.0161408636315               
5169           0.0282821494069               
7263           0.115910552824                
8001           0.0593032656013               
6138           0.0172021017595               
3645           0.0772737018829               
2730           0.0184572800555               
4906           0.0141113395804               
10167          0.0565642988138               
5610           0.0153958757916               
9173           0.0202268866782               
1566           0.0165459463867               
12129          0.00844765588868              
8859           0.00827818466832              
6994           0.0316725647053               
4776           0.0222870006519               
10422          0.0295373277029               
3863           0.0226148921773               
9689           0.0229591849509               
9890           0.0540389091779               
4356           0.0406173753503               
11169          0.0434087677255               
3427           0.00946258208587              
9889           0.0459183699017               
2453           0.0216746487397               
7140           0.0481806845096               
10133          0.0558198558214               
5672           0.0481806845096               
447            0.0422246856278               
5331           0.0187383158388               
3073           0.0442574622743               
5451           0.0290930173733               
6455           0.237054539102                
5974           0.115910552824                
8949           0.0310735417821               
3259           0.0121308151716               
2004           0.0257505773261               
4654           0.0130292078986               
6904           0.0316412005477               
2708           0.0245396719845               
2030           0.0434087677255               
628            0.0152791879018               
11755          0.0478074703782               
663            0.0313931066039               
5277           0.0130292078986               
4486           0.0565642988138               
9109           0.0397593989332               
6981           0.0195491838052               
5959           0.0358454585662               
676            0.0386368509414               
10728          0.0133713613246               
4809           0.0258642133012               
5683           0.0394583036743               
7007           0.0323287200781               
6850           0.0205925170579               
6686           0.0434087677255               
11739          0.153818129805                
2802           0.0229591849509               
3027           0.0347842204382               
6914           0.0155145756404               
2020           0.0219740185436               
12150          0.0295373277029               
5970           0.0520411784296               
7261           0.0434087677255               
4618           0.260452606353                
4303           0.0481806845096               
6200           0.0520704430593               
6192           0.0263110621766               
1010           0.0458375637054               
8947           0.0263016249981               
7453           0.0379109823534               
3756           0.0338649341574               
8232           0.0265946232877               
2648           0.0177595268481               
1673           0.0677298683148               
4275           0.0161408636315               
8997           0.0211892021847               
4158           0.0481806845096               
12216          0.0257505773261               
8379           0.0162732604173               
5827           0.0205034750226               
1423           0.0347842204382               
2799           0.0716909171324               
5376           0.0305224941102               
10979          0.0406173753503               
5776           0.0481806845096               
6145           0.0315666429395               
6264           0.0410560898144               
11453          0.0481806845096               
10692          0.0185969274416               
9130           0.0184572800555               
5032           0.0932206253464               
11985          0.0398526467862               
2888           0.0176770777108               
6422           0.0173568143531               
3165           0.021529708214                
9899           0.0316725647053               
9069           0.0350115075862               
7476           0.0100053502371               
2460           0.0160756079706               
4690           0.017435494303                
9405           0.0241159269585               
2626           0.0130292078986               
1352           0.0745734272267               
3688           0.0197677552004               
3642           0.0121675321689               
12218          0.00879740530549              
4921           0.00846913615784              
10923          0.0129462620678               
11173          0.0434087677255               
8436           0.289084107057                
3545           0.0196576021196               
6052           0.0118791373035               
4862           0.0486422011785               
8836           0.0184572800555               
11341          0.198324397146                
4423           0.014461894904                
8753           0.0177595268481               
627            0.0367321886852               
9243           0.020064590333                
2929           0.0237041727908               
11097          0.0218227065037               
3606           0.0310735417821               
6772           0.0119858746459               
1430           0.0703824173033               
4121           0.0152791879018               
1342           0.0213877563668               
9831           0.0316725647053               
873            0.0121308151716               
614            0.0473756911948               
5334           0.0184572800555               
4368           0.0275568032941               
195            0.0316725647053               
11882          0.0186433568067               
9099           0.0305224941102               
2336           0.0207188402476               
7461           0.0300123036541               
6547           0.0224489944948               
8743           0.0146705296787               
11262          0.0123541132547               
367            0.0623476040037               
8057           0.0111432079131               
7942           0.0295373277029               
7624           0.0126241251434               
8291           0.00471556377625              
3812           0.0179274478724               
12193          0.0481806845096               
626            0.0263016249981               
4139           0.0252403868701               
7520           0.025975220128                
6394           0.0117740296026               
10812          0.0562149475164               
1938           0.0192266836957               
3801           0.0153372846236               
11788          0.0134596243371               
6131           0.529987529605                
7393           0.0139187558149               
10075          0.0154549698942               
6848           0.0945292869489               
10274          0.0347842204382               
4557           0.0565642988138               
11640          0.0272209112789               
11862          0.00882226077446              
9845           0.0279099279107               
6235           0.0105653678396               
3857           0.0182761006339               
10393          0.0163404260298               
10292          0.015164444901                
6540           0.161643600391                
5205           0.00907598673467              
4090           0.0347842204382               
4076           0.0203466187514               
6962           0.0284193802398               
11891          0.0590444375167               
4147           0.018012969726                
6265           0.0145654219779               
4060           0.0168298802633               
7452           0.0147772670212               
8424           0.0247654109188               
3350           0.0224489944948               
1335           0.0201092014077               
6228           0.0310735417821               
4895           0.0515011546522               
2229           0.0275568032941               
6163           0.0133276505703               
10265          0.0147236914926               
8005           0.0260205892148               
8422           0.0166158395828               
4861           0.0434087677255               
1506           0.0742012737244               
4963           0.0358454585662               
11591          0.00873226706579              
8188           0.015696553302                
6794           0.0526032499962               
110            0.0152791879018               
6681           0.0243211005893               
540            0.0282821494069               
9920           0.0406173753503               
9514           0.0481806845096               
1752           0.0371006368622               
7198           0.0113689468475               
9551           0.0170507897196               
3142           0.0155747019673               
6996           0.069964819675                
3505           0.0310735417821               
7953           0.0199934941348               
11715          0.0678446765318               
9493           0.0610449882203               
10717          0.0139663990547               
8865           0.0207188402476               
10944          0.0268307027655               
8158           0.0254907570317               
940            0.0136396194442               
5632           0.0279099279107               
7724           0.0495308218377               
3445           0.0565642988138               
7722           0.0247654109188               
2769           0.0295373277029               
4472           0.0807019437637               
12245          0.0275568032941               
5954           0.0481806845096               
6236           0.0194424464628               
11122          0.0219740185436               
4530           0.0481806845096               
5999           0.0119501113412               
6329           0.0099517747085               
3077           0.0169763628252               
11738          0.10296258529                 
10998          0.0164813127777               
1515           0.0105653678396               
