403
9782           0.0232933955831               
10557          0.0338955827084               
9595           0.0179852924668               
6933           0.0245049399785               
1326           0.018972217542                
6753           0.0181739961807               
9760           0.0365479113074               
4387           0.0135781072236               
1186           0.0126498685249               
3873           0.085216195666                
1798           0.0485118721262               
2805           0.0196977864524               
8336           0.0257797263348               
9963           0.0290399678479               
8101           0.0517679679343               
3772           0.0702242851591               
12243          0.0669703760187               
8331           0.0179232824242               
6453           0.0396040881694               
4332           0.0346938040697               
1448           0.0219245543221               
3471           0.0431617949323               
10147          0.0492437348147               
9045           0.0711439496358               
6214           0.0210000806459               
10972          0.0141218270844               
1444           0.0355719748179               
3064           0.0216368438088               
4887           0.0586433799635               
3746           0.0157940027669               
6717           0.0355719748179               
11922          0.0210882661571               
80             0.0190421333263               
11936          0.025482261085                
5611           0.031276490454                
4428           0.00995786003553              
8911           0.0088142922941               
3584           0.444043153924                
7768           0.0614076145795               
11985          0.0169311000783               
132            0.019773755624                
6108           0.0204888068412               
10786          0.0238825016417               
2891           0.0545185737008               
6181           0.0212673414441               
1352           0.0237614737297               
11230          0.012616055826                
3434           0.027813642826                
9972           0.0291480062912               
4763           0.0264067347613               
12039          0.0280064942046               
8955           0.0270820205283               
2242           0.0412038476127               
9835           0.0184978109533               
7828           0.0541432315971               
9549           0.0302116236306               
7821           0.0454827309762               
3718           0.019773755624                
89             0.0553256746971               
12111          0.0288233053705               
3576           0.024915975285                
9310           0.0356973470786               
10813          0.0163441443406               
3651           0.0195477933212               
8933           0.0456860280518               
9543           0.0355719748179               
8591           0.0553256746971               
10835          0.0403675594476               
7021           0.134088593148                
10285          0.00547069556644              
12109          0.0161906526509               
2151           0.0269082646621               
7237           0.0051190872078               
726            0.0165003689631               
8441           0.0166060857179               
8215           0.0351219077303               
8404           0.0307279128024               
9278           0.0178314897519               
4297           0.0136918157416               
6681           0.0309979151674               
11563          0.0472857874951               
11927          0.0397007765804               
5591           0.0207407203494               
2522           0.019773755624                
2059           0.0373467589175               
11869          0.0421765323142               
8862           0.02926211603                 
2605           0.0524914647264               
4043           0.0346938040697               
220            0.0265707467236               
5985           0.0307279128024               
237            0.194932047862                
7184           0.0246459729199               
247            0.0272592868504               
9991           0.0328198227929               
10032          0.0307279128024               
104            0.0214501477335               
2353           0.0257305217537               
1722           0.0356011235186               
7141           0.0637233324344               
4753           0.014658780467                
2019           0.0360463814066               
1716           0.0210882661571               
1185           0.0614076145795               
3956           0.0614076145795               
3348           0.0110162963827               
12058          0.0172686180169               
3404           0.0286118641873               
1554           0.0169311000783               
579            0.0633704577589               
1353           0.0196977864524               
8870           0.0517679679343               
454            0.044852168446                
10943          0.0204888068412               
3740           0.0287311513227               
5351           0.0318616662172               
5792           0.0790950224959               
11458          0.0093791194648               
3439           0.0663279208214               
8539           0.0250541574244               
3062           0.0472857874951               
10181          0.023408095053                
8476           0.0492437348147               
4672           0.08778634809                 
3216           0.0342856195652               
1503           0.0222021474083               
1689           0.0299644415241               
2680           0.0338955827084               
7022           0.0984874696294               
10816          0.0203247948789               
11007          0.0338955827084               
7989           0.044333450715                
7919           0.0143635443971               
5031           0.0205719769853               
8838           0.020655943028                
12132          0.0359705849336               
9517           0.0535851226301               
7366           0.0355719748179               
1796           0.0276249391121               
5830           0.0170982362652               
4911           0.0183020916602               
2086           0.0495598711817               
12108          0.0204888068412               
10100          0.0260876310677               
11886          0.0614076145795               
12127          0.0434634058871               
6242           0.0421261782095               
4982           0.0117491415059               
3696           0.0656396455857               
11251          0.0472857874951               
1566           0.0210882661571               
12129          0.0323003130109               
10067          0.0456860280518               
4885           0.0214501477335               
8859           0.0633046514849               
3507           0.0265707467236               
6620           0.0325853630547               
8017           0.0272592868504               
2258           0.0157456589283               
6248           0.044333450715                
11664          0.0182378101675               
4358           0.0242559360631               
8352           0.0210000806459               
9890           0.114790139827                
1820           0.044333450715                
4772           0.04527001602                 
11890          0.0234982830119               
3661           0.0139630103594               
9067           0.0338955827084               
6024           0.0824076952254               
5524           0.0299644415241               
8720           0.0186979957084               
10543          0.0215429992296               
938            0.0170982362652               
4062           0.042128321289                
383            0.0431617949323               
6639           0.0147014782861               
4974           0.0376461408498               
7355           0.0365479113074               
4084           0.0518646563452               
5559           0.0412038476127               
8136           0.0274600968286               
11967          0.0185725359373               
3878           0.0256297332036               
10985          0.122815229159                
3366           0.044333450715                
3589           0.0186307587165               
6990           0.0456860280518               
433            0.042128321289                
3484           0.0472857874951               
12179          0.0270820205283               
6675           0.0553256746971               
10474          0.0294900349355               
2745           0.0221217398004               
6421           0.0289800742057               
11755          0.1218638857                  
3157           0.0863235898645               
9474           0.0297240323895               
7478           0.084256642578                
697            0.0127864375777               
10157          0.0236420925071               
4491           0.0309979151674               
1644           0.0185640330375               
1794           0.0150507536329               
1769           0.0614076145795               
9109           0.0506744532681               
7802           0.0305526572795               
6395           0.0121239052788               
10728          0.0681686788788               
6063           0.0129953613647               
355            0.0276249391121               
211            0.0456860280518               
5093           0.0213582685221               
5683           0.0402325592284               
7454           0.0277949236974               
500            0.0331639604107               
3289           0.02263500801                 
11739          0.168038965227                
3265           0.0318616662172               
5021           0.05096452217                 
2356           0.0376461408498               
7975           0.0412038476127               
9199           0.0370798550499               
1075           0.027813642826                
5970           0.0331639604107               
9311           0.0342856195652               
6039           0.0431617949323               
11485          0.0324886746437               
10968          0.0456860280518               
3849           0.0272592868504               
2430           0.0184978109533               
5996           0.016876088083                
8076           0.0355719748179               
6287           0.0265707467236               
3756           0.0431617949323               
9584           0.0188340354026               
2525           0.0431617949323               
3258           0.0157940027669               
2399           0.044852168446                
6568           0.02926211603                 
2569           0.0360463814066               
2548           0.043859206068                
3951           0.0614558256047               
8803           0.024915975285                
5827           0.0914628603954               
8588           0.0472857874951               
8692           0.0302116236306               
2538           0.0660677794734               
3132           0.0492437348147               
7128           0.0228490279984               
7551           0.044333450715                
3185           0.0267378829104               
4199           0.0614076145795               
12115          0.0412038476127               
977            0.0365479113074               
10692          0.0079007660734               
8033           0.0321695709501               
7285           0.0150063262747               
4177           0.0297240323895               
973            0.031276490454                
2108           0.020655943028                
10040          0.0396040881694               
1196           0.0265707467236               
7476           0.0382562865605               
6006           0.0456860280518               
4690           0.0666660587158               
9405           0.138313870659                
4092           0.042128321289                
4747           0.0412038476127               
1223           0.0552498782241               
5632           0.0355719748179               
7328           0.042128321289                
5167           0.0365479113074               
12218          0.0392438770702               
698            0.0324886746437               
4677           0.0177398391328               
10605          0.0267378829104               
11142          0.0553256746971               
9941           0.0403675594476               
8867           0.0649773492874               
6848           0.0344229114013               
8111           0.0614076145795               
8836           0.0235243137654               
3711           0.0351219077303               
1518           0.0517679679343               
5407           0.023994394327                
9243           0.0127864375777               
2929           0.0604232472611               
11097          0.027813642826                
10623          0.0389017626753               
6145           0.0100581398071               
9831           0.0807351188953               
960            0.0231951879297               
614            0.0150954070855               
4146           0.0142428549964               
820            0.0492437348147               
11798          0.0472857874951               
9139           0.0276249391121               
4206           0.0382515108325               
4123           0.0290399678479               
6904           0.0403275849616               
2610           0.0768891996107               
10433          0.0376461408498               
367            0.0496648407394               
8066           0.0952106666315               
8057           0.0284046531789               
10265          0.0187657519101               
7624           0.0160897965461               
8291           0.0240404656634               
11740          0.025337226634                
10924          0.0276140343859               
10106          0.0191126106892               
3405           0.0456860280518               
1938           0.134777169882                
3801           0.0195477933212               
4697           0.0376461408498               
10075          0.0196977864524               
3802           0.0251945505716               
7526           0.0286118641873               
3187           0.0342856195652               
7518           0.0363717158364               
9896           0.0331639604107               
11640          0.0346938040697               
8524           0.0143244777665               
6235           0.0403975603162               
8073           0.0318616662172               
1875           0.0141619845207               
6265           0.037128066075                
8721           0.0178617075434               
3868           0.0149621227328               
210            0.0438488682535               
4863           0.0256297332036               
4029           0.00961564010634              
11064          0.0142428549964               
7800           0.0480104446132               
6163           0.0169864591547               
2141           0.031276490454                
9625           0.0154610593472               
8451           0.018972217542                
11169          0.0553256746971               
4861           0.0553256746971               
12041          0.0186307587165               
1374           0.0492437348147               
11591          0.0111295158182               
11891          0.0602030145316               
1311           0.0355719748179               
4654           0.0166060857179               
6809           0.0198503882902               
1773           0.0365479113074               
9309           0.00538146376852              
9833           0.0331639604107               
2372           0.0243840315426               
6785           0.0294900349355               
1913           0.0521752621354               
2676           0.0528134695226               
1156           0.0614076145795               
1755           0.122815229159                
5767           0.044333450715                
2671           0.042128321289                
9416           0.062738317851                
11197          0.0679050240301               
3142           0.0198503882902               
5120           0.0321695709501               
11107          0.0553256746971               
2811           0.024915975285                
9203           0.024915975285                
7922           0.0212673414441               
2816           0.0225299243048               
7713           0.198020440847                
3965           0.0294900349355               
4203           0.0221217398004               
8865           0.0264067347613               
10867          0.0286118641873               
10944          0.0170982362652               
5119           0.0321695709501               
7970           0.0294900349355               
10595          0.0205719769853               
5350           0.0272592868504               
8000           0.0517679679343               
6329           0.0126838120276               
2880           0.0333032211124               
8059           0.0186307587165               
12072          0.0365479113074               
5353           0.0302116236306               
2839           0.0376461408498               
366            0.0188340354026               
7877           0.0425346828883               
353            0.0412038476127               
11115          0.0288233053705               
3858           0.0752922816997               
3335           0.0553256746971               
8930           0.0198503882902               
4921           0.0107941482006               
5999           0.015230747319                
10970          0.0614076145795               
3179           0.0495598711817               
8594           0.0218275988107               
3077           0.0216368438088               
11738          0.131228661816                
11292          0.0499495624579               
9588           0.037944435084                
1388           0.0517679679343               
1515           0.0134658534387               
