353
9766           0.0615818679326               
9633           0.0312092248174               
9790           0.0219051632017               
7527           0.107500281199                
8414           0.173342136644                
6753           0.042121083169                
2271           0.0886538685878               
4241           0.0423527549067               
4207           0.0619692322281               
4006           0.0165050238237               
3786           0.023459233043                
11772          0.0474860194979               
7615           0.0429691863837               
11272          0.0577466758979               
12243          0.0258690562613               
1086           0.0597485542655               
2659           0.0187035815403               
10865          0.0239366918967               
5984           0.0229143881434               
9119           0.0513748585112               
10972          0.0490943197528               
1444           0.0412218120575               
3064           0.0250733875071               
4887           0.0226525366261               
6798           0.0188804208726               
11936          0.1181182639                  
1533           0.0206277951988               
332            0.0547961100022               
4428           0.023078900566                
8911           0.0102142515907               
478            0.0529494642927               
8247           0.0547961100022               
1102           0.023459233043                
4657           0.045894339226                
8319           0.0227390733639               
9980           0.0384313367513               
6108           0.0237430097489               
10786          0.0553514388323               
8354           0.0417715678509               
9110           0.0423527549067               
9362           0.0477481857848               
8554           0.0241341350969               
10229          0.0570650348184               
8370           0.0350100852603               
5292           0.0196202383738               
8526           0.069447287267                
8571           0.0276757194162               
4763           0.0612017445169               
11041          0.0139758433476               
11965          0.018529765251                
9973           0.0384313367513               
2945           0.0500171106011               
10198          0.0529422634433               
9835           0.0214357873156               
7828           0.0209142368256               
10425          0.037059530502                
12256          0.0217462848862               
7821           0.0263533385166               
1951           0.0146590259764               
236            0.0372906240187               
4004           0.0513748585112               
3576           0.0577466758979               
7221           0.0513748585112               
3524           0.0417715678509               
10383          0.02856045156                 
481            0.0174929853346               
9543           0.0412218120575               
613            0.0365774901924               
11448          0.0388464150086               
10285          0.0570563729049               
7237           0.00593214326352              
6632           0.0513748585112               
77             0.0205574280992               
5738           0.0275354688434               
9493           0.0450804645488               
5388           0.0529422634433               
3565           0.0313834125339               
2059           0.0144261607154               
8678           0.0423527549067               
9788           0.0547961100022               
1725           0.0724881661992               
6775           0.341753954011                
1245           0.0467790713698               
9278           0.00885584375689              
9991           0.0380325403314               
2683           0.0206986526655               
9248           0.0359212621663               
2353           0.0298172574704               
1932           0.0397311471525               
869            0.0417715678509               
3348           0.0510639852169               
697            0.0148172860633               
3196           0.0599901876607               
11060          0.0353048306894               
11140          0.0324547188173               
9955           0.021985543109                
6207           0.0547961100022               
12082          0.0271259636228               
454            0.0259879816558               
578            0.0703776991289               
9608           0.0276757194162               
7453           0.0111985913721               
11029          0.0126364658224               
10202          0.0307909339663               
7077           0.0450804645488               
8602           0.0659566293269               
5127           0.0221482346649               
1554           0.0392404767477               
7793           0.238994217062                
9079           0.0706096613787               
8840           0.045894339226                
3884           0.0275354688434               
7919           0.0749019695396               
5031           0.0476787793357               
3756           0.0500171106011               
8822           0.0467790713698               
9565           0.0356083757774               
3138           0.0369222013501               
3919           0.0994687161043               
1341           0.0505888796137               
2730           0.0272606411588               
5830           0.0198139205216               
4193           0.0529422634433               
12255          0.136303205794                
2086           0.0574313825957               
11105          0.0229143881434               
2742           0.0547961100022               
5610           0.0454781467277               
12128          0.0397311471525               
11639          0.0500171106011               
4986           0.0134048579635               
1566           0.0244376801849               
10033          0.0344450507183               
1550           0.0412218120575               
899            0.026861844739                
8213           0.0339097689563               
4885           0.0497140776132               
5684           0.0482682701938               
8859           0.012226537226                
6759           0.0137939421581               
6250           0.0467790713698               
6271           0.0488194920683               
3653           0.0488194920683               
2258           0.036493031179                
1886           0.0434925697724               
10422          0.0436254144098               
4358           0.0281084658019               
9890           0.0266044131328               
69             0.0221482346649               
6569           0.0599901876607               
7619           0.0402041629188               
201            0.0227390733639               
7184           0.02856045156                 
10375          0.0384313367513               
248            0.0599901876607               
4808           0.0467790713698               
10564          0.0172368507506               
2362           0.0352996428618               
9546           0.0247645048973               
8131           0.150255769784                
7802           0.035405284713                
6395           0.014049524868                
3290           0.0275354688434               
2109           0.066802525468                
10148          0.0583923177645               
1935           0.0500171106011               
5987           0.0262300884583               
447            0.0311820593143               
2691           0.0513748585112               
3073           0.0326832229351               
10669          0.0369222013501               
7391           0.0488194920683               
10650          0.0443269342939               
1437           0.0570650348184               
5867           0.120174671291                
3180           0.0423527549067               
6904           0.0233663739015               
3389           0.0407002615675               
3427           0.0139758433476               
9394           0.0599901876607               
2745           0.179447091024                
9772           0.0246451977002               
663            0.0231831616418               
1678           0.0411148561983               
8922           0.0599901876607               
2343           0.0397311471525               
5456           0.0194931366524               
4497           0.0467790713698               
11217          0.0571209031201               
1123           0.0524601769166               
330            0.0428715746313               
10543          0.0249646377505               
6063           0.0150593928659               
5093           0.0247505665739               
9739           0.0500171106011               
7004           0.0209871260647               
7538           0.0477481857848               
10608          0.0353048306894               
7765           0.0388464150086               
5787           0.0189613278795               
8133           0.0443269342939               
1273           0.0529422634433               
11485          0.0376487964758               
6200           0.0256352987177               
6192           0.058290529998                
4636           0.0397311471525               
5996           0.0195564889154               
11882          0.0275354688434               
12062          0.098750941436                
12054          0.0500171106011               
7159           0.0320125619679               
6779           0.0570650348184               
956            0.194683906532                
8407           0.0365774901924               
7568           0.0423527549067               
11071          0.0380325403314               
1037           0.0271259636228               
1035           0.0313834125339               
9700           0.0356083757774               
2548           0.00847088173009              
1287           0.0232743551259               
8379           0.0240349342582               
7593           0.0529422634433               
6880           0.0376487964758               
3942           0.0553514388323               
1818           0.033401262734                
10849          0.043971086218                
3581           0.0324547188173               
11730          0.0209142368256               
10526          0.0290334673263               
9118           0.0304142981189               
10692          0.00915563152891              
9130           0.0272606411588               
11985          0.0392404767477               
11821          0.024540909552                
2460           0.118715048745                
90             0.0304142981189               
11569          0.0326832229351               
4690           0.0257515057576               
9607           0.0258690562613               
3279           0.0599901876607               
12218          0.0194901070288               
2222           0.0240349342582               
11230          0.0292396857262               
3796           0.0210605415845               
3433           0.0417715678509               
3997           0.0429691863837               
8316           0.0443269342939               
6052           0.0350899914108               
8836           0.0272606411588               
10480          0.0336523373501               
6042           0.0262619114735               
9811           0.0376487964758               
3259           0.0179167135332               
9243           0.0296345721267               
5317           0.0885929386595               
7285           0.0173897559676               
4121           0.0225667301648               
1342           0.0315888337693               
2987           0.0477481857848               
195            0.0467790713698               
1682           0.0259879816558               
5381           0.0423527549067               
9114           0.0436254144098               
9237           0.0523237189464               
1332           0.0302310858591               
3349           0.0266044131328               
9019           0.0365774901924               
3808           0.0856813546801               
193            0.0577466758979               
7624           0.0372906240187               
8291           0.0208940794493               
2950           0.0641129590358               
9601           0.0640251239358               
10106          0.0221482346649               
6394           0.0173897559676               
1938           0.0141985092962               
1602           0.0181908003525               
9957           0.045894339226                
3284           0.0372790100765               
4189           0.0547961100022               
9678           0.0599901876607               
3465           0.0353048306894               
3187           0.0397311471525               
5334           0.0272606411588               
11862          0.0130301151881               
10638          0.0429691863837               
4164           0.0336523373501               
10586          0.0283970185925               
6235           0.0312092248174               
3857           0.0809791398838               
1875           0.0164113088256               
660            0.0129634395045               
10292          0.0223972594865               
10288          0.0239366918967               
12020          0.0190603902667               
10394          0.0322312371769               
7452           0.0218254137316               
4029           0.0334286284053               
5664           0.029529565975                
1335           0.0297004608434               
1403           0.0384313367513               
6163           0.0196843900398               
8943           0.0359212621663               
2380           0.0599901876607               
11591          0.0257943963864               
9113           0.0917886784519               
3925           0.146458476205                
1091           0.0436254144098               
9309           0.00623619265436              
5999           0.0176498214309               
2125           0.0477481857848               
653            0.0477481857848               
11084          0.0443269342939               
8341           0.0324547188173               
1726           0.069447287267                
3079           0.0329169804787               
800            0.0467790713698               
12007          0.0392791613943               
4443           0.0641129590358               
3447           0.0513748585112               
8181           0.0547961100022               
7198           0.0167914654505               
11262          0.0182465155895               
9551           0.0251833129596               
3142           0.0230031922477               
10748          0.0450804645488               
2071           0.0547961100022               
8218           0.0365870349273               
10100          0.0302310858591               
3391           0.0232743551259               
1393           0.170460516946                
2065           0.0219051632017               
10944          0.0792556820864               
1724           0.0417715678509               
10598          0.0443269342939               
940            0.0201451551958               
1897           0.0612017445169               
3708           0.0450804645488               
1315           0.0388464150086               
9310           0.0248202581908               
1050           0.0901609290975               
7877           0.0492903954004               
1739           0.0176498214309               
10813          0.0757602297537               
210            0.0169377702094               
12041          0.0215898509496               
4267           0.0254067946                  
2813           0.0376487964758               
5258           0.0436254144098               
2661           0.0244376801849               
10998          0.0162281460073               
8482           0.0568150926861               
