216
7598           0.0599624113866               
1186           0.0616132487378               
4809           0.0267599551614               
1438           0.0336379433811               
6933           0.0149194135815               
11739          0.0341025499652               
5787           0.0199240558841               
5080           0.0747739516823               
9671           0.0387968610498               
3504           0.0268161583539               
10538          0.0260072329698               
1798           0.0886068708389               
7364           0.0293818904878               
7882           0.0747739516823               
2638           0.0175932658021               
4529           0.037202925644                
12292          0.078343572221                
4969           0.026936885829                
9802           0.0747739516823               
3772           0.0570064732348               
12243          0.0271825119998               
9772           0.0258965141773               
11164          0.0370973712444               
6382           0.063036083709                
2086           0.0301736799133               
11177          0.0238026792491               
2852           0.0202206625287               
4094           0.0512982157357               
188            0.0301736799133               
5928           0.0377451009431               
8017           0.03319270113                 
7154           0.0255006693494               
11341          0.0512982157357               
1069           0.0512982157357               
8911           0.010732862213                
8740           0.0539833264062               
9785           0.045150871091                
3677           0.0556303135612               
6264           0.0212389820201               
7551           0.215933305625                
6065           0.0599624113866               
6181           0.0258965141773               
1352           0.0289335337438               
11230          0.0153621396176               
2032           0.0377451009431               
7193           0.0384346477907               
7881           0.149547903365                
822            0.081637546531                
11985          0.0206164213974               
11041          0.0146854421617               
8874           0.0838656159613               
11740          0.0308522741531               
8955           0.0329768499934               
12184          0.0925568224594               
9069           0.0181120214682               
7476           0.0155277904996               
11215          0.0747739516823               
10600          0.0473693456838               
1175           0.110362981907                
9405           0.0187133409947               
2626           0.0202206625287               
9835           0.0225241516369               
7828           0.0219761203399               
9534           0.0196532229287               
3688           0.0306785423925               
8970           0.021527763596                
12218          0.0341328047712               
4645           0.0482245434134               
557            0.0450483032738               
6041           0.0747739516823               
9310           0.0173869753705               
6788           0.270905226546                
9486           0.0512982157357               
1314           0.0305075904596               
5303           0.0384346477907               
3545           0.0610151809192               
5984           0.0240778258157               
11405          0.0747739516823               
5162           0.0221298534651               
7231           0.0278224797892               
670            0.0482245434134               
77             0.0216011952793               
5853           0.0491541962725               
6058           0.0232727722447               
3667           0.0359090067652               
10285          0.0199844365599               
8675           0.0200281479894               
6772           0.111608776932                
11119          0.0334130031177               
1164           0.0188264030854               
9972           0.0177462650925               
1803           0.0380843125403               
10225          0.0539833264062               
7554           0.142108037051                
8950           0.0317660159626               
8165           0.0334130031177               
9139           0.0336379433811               
8411           0.0265787204077               
8511           0.0380843125403               
1682           0.0273074756217               
12138          0.0320814677149               
3668           0.0370973712444               
6971           0.0599624113866               
9946           0.0395603477625               
9439           0.0473693456838               
502            0.0298498894415               
9278           0.00516971311978              
8291           0.0219549395084               
2353           0.0104437253889               
10924          0.0168123325345               
10106          0.0465455444893               
1938           0.089516481489                
1522           0.0417772935396               
3850           0.045150871091                
11918          0.0350854981501               
1909           0.0566501579472               
11277          0.0465775562583               
6151           0.0482245434134               
5266           0.0539833264062               
592            0.0599624113866               
6848           0.0209578008485               
11458          0.0342618988126               
1131           0.0525566412388               
8093           0.0403826201412               
585            0.0501725157639               
2826           0.0673681815345               
2358           0.0353609754683               
10586          0.0149194135815               
2839           0.0458404179385               
2356           0.091680835877                
6235           0.0163969091013               
3857           0.0283635709964               
3216           0.0417484261247               
6197           0.017244564107                
11056          0.0336379433811               
5205           0.0422563980032               
1503           0.0135173977113               
11891          0.14661430282                 
11115          0.035097152981                
4863           0.031208449397                
7349           0.112902830251                
3532           0.0287881673128               
8424           0.0384346477907               
7919           0.00874499833682              
2736           0.0747739516823               
755            0.0287881673128               
8422           0.0257869309822               
1392           0.0343426559769               
3144           0.0747739516823               
10611          0.039963575536                
3321           0.0379965433801               
6063           0.0632960279883               
8190           0.0163969091013               
2682           0.063036083709                
5292           0.0412328427949               
7606           0.0525566412388               
5370           0.017244564107                
11591          0.0135520307007               
12248          0.0458404179385               
2779           0.0747739516823               
8859           0.0128473181049               
4996           0.098308392545                
4857           0.0491541962725               
10367          0.0575782859118               
9263           0.0673681815345               
3630           0.126072167418                
9309           0.00655282434536              
11423          0.35977446832                 
2508           0.0599624113866               
4896           0.0673681815345               
1231           0.0438924455879               
9890           0.0838656159613               
3661           0.0340045601544               
3702           0.0189406744192               
1213           0.0323542893707               
7436           0.0298498894415               
9644           0.035097152981                
3427           0.0146854421617               
10050          0.0258965141773               
9416           0.0254647678454               
12157          0.0255710798456               
2816           0.0274339181372               
3580           0.0273074756217               
6639           0.0179014872105               
3746           0.0192318168984               
11738          0.223709713514                
11653          0.0512982157357               
447            0.0327652734189               
5664           0.0310288776428               
10366          0.0747739516823               
6680           0.0278224797892               
4998           0.094173272706                
2173           0.0243602458148               
3755           0.0512982157357               
5960           0.0747739516823               
804            0.0403826201412               
10193          0.0374163282992               
4654           0.0606619875861               
10401          0.0747739516823               
8594           0.0265787204077               
366            0.0229335606475               
7877           0.0258965141773               
210            0.0355955112794               
10671          0.336840907672                
5957           0.194125736224                
12005          0.0747739516823               
8504           0.134736363069                
6681           0.0377451009431               
10157          0.0287881673128               
8357           0.0735753212712               
4497           0.0491541962725               
11292          0.0101369789272               
6981           0.0303393307953               
9622           0.0380843125403               
11163          0.107966652812                
5882           0.0747739516823               
