247
9766           0.0346684208942               
169            0.0358028588467               
4809           0.0143369767454               
355            0.0360438878996               
7527           0.0605188689459               
4428           0.0389778224724               
500            0.043270975784                
2751           0.0616965567528               
6933           0.0319730409536               
3002           0.0721866719295               
8571           0.0311609089325               
611            0.0808896175216               
7943           0.0675447220153               
5523           0.195056057812                
2020           0.0365417253401               
640            0.0831435914316               
3268           0.0423898906026               
4524           0.0269510275459               
10248          0.0229117671585               
3654           0.0394188878023               
457            0.0476862161682               
6192           0.0218770091041               
9044           0.0476862161682               
8376           0.0563157403451               
1122           0.0578444687712               
279            0.0321570549531               
10975          0.0302445434239               
1424           0.0400925207453               
5393           0.049909002979                
8997           0.0176183069308               
6798           0.0637740685154               
3871           0.0326896373585               
1099           0.0394188878023               
3664           0.0305419226668               
10385          0.020928073283                
3798           0.0526699364516               
10711          0.0526699364516               
3338           0.0437383246388               
8294           0.0252177351816               
6930           0.0376074670593               
9240           0.0408082823729               
8319           0.0256025935097               
10849          0.0247541715664               
11730          0.023547956218                
2880           0.0144842258126               
2251           0.0596092562231               
11040          0.129812927352                
6401           0.0675447220153               
3821           0.0616965567528               
11230          0.0164609123692               
9278           0.0166184262264               
6388           0.0358028588467               
10692          0.0103085956322               
11630          0.0387826987428               
6502           0.0491191410465               
8136           0.0358288084468               
11965          0.0208632093296               
3337           0.0308472329507               
7476           0.0166384113843               
11261          0.048380274553                
9405           0.0401036149802               
1352           0.0310029966752               
1223           0.0360438878996               
9534           0.0210589142173               
3596           0.0360438878996               
12218          0.0219444864676               
2317           0.0302445434239               
4921           0.0563350479993               
1585           0.0415717957158               
10137          0.0262052830365               
11729          0.049909002979                
9310           0.0372611478692               
546            0.0642512061373               
8218           0.0137314739843               
7749           0.0437383246388               
26             0.026841472096                
8444           0.039750750376                
6052           0.0395088564944               
7959           0.0801221377216               
6301           0.0563157403451               
726            0.0215290048893               
6042           0.0295690608621               
6019           0.0241351853007               
11041          0.0314716286331               
1359           0.0447344706594               
3259           0.0201729563153               
7785           0.0332482094621               
7709           0.0856439182604               
7484           0.123393113506                
4297           0.0178645197996               
6772           0.0398638545247               
3385           0.054967306309                
8694           0.0274000441996               
10048          0.0801221377216               
614            0.0196958682364               
8191           0.0282308666666               
4146           0.0371669864523               
2059           0.0162428399254               
11870          0.0578444687712               
1183           0.144373343859                
7589           0.0346684208942               
9888           0.0360438878996               
1682           0.0292606351993               
5429           0.0476862161682               
4041           0.0199917104642               
502            0.0319848944586               
367            0.0259202591528               
10288          0.0269510275459               
5451           0.048380274553                
8291           0.0548922743447               
2175           0.0746631745454               
1722           0.0232254431403               
11335          0.051673790431                
10106          0.0249373507886               
4281           0.0801221377216               
3348           0.0287472236791               
210            0.019070735148                
6208           0.0894689413189               
7251           0.0336363299237               
579            0.0206707937558               
3284           0.0419735371869               
8969           0.049909002979                
667            0.0537610909606               
4174           0.591710698453                
6951           0.038477388459                
10125          0.0458256251685               
1531           0.038477388459                
8573           0.0578444687712               
441            0.0434730709499               
7518           0.0316375490279               
8427           0.0642512061373               
10132          0.0484431783219               
10455          0.0278673930545               
11862          0.0146709910825               
628            0.0254085472177               
700            0.0423898906026               
41             0.034886493338                
8352           0.0274000441996               
6197           0.0184779767452               
10292          0.0252177351816               
1739           0.0198724546239               
7958           0.230109716065                
10998          0.00913587416236              
5127           0.0249373507886               
5192           0.0491191410465               
10075          0.0257008641315               
4924           0.043270975784                
6022           0.0376074670593               
1726           0.0390963747246               
7919           0.00937048190385              
5664           0.0332482094621               
8944           0.196476564186                
5169           0.0470318405168               
11064          0.0185834932262               
8066           0.0248453948151               
6799           0.0394188878023               
3138           0.0415717957158               
8001           0.0328728165807               
6138           0.028606259548                
4911           0.0238798187917               
9835           0.0241351853007               
12035          0.0310029966752               
4113           0.0318152845838               
4075           0.0491191410465               
4982           0.0153297981088               
8190           0.0175696934516               
4879           0.0616965567528               
8874           0.0299546935841               
3994           0.0367990048673               
8859           0.0275324378984               
8185           0.0616965567528               
10972          0.0184255809688               
46             0.0596092562231               
1380           0.054967306309                
230            0.022163235441                
8347           0.027515105039                
9858           0.0360438878996               
8010           0.0661179489142               
2258           0.0205442901798               
10213          0.0311609089325               
11293          0.216560015788                
5130           0.0415717957158               
7961           0.0353355099918               
7821           0.0296720012671               
4173           0.0310029966752               
5077           0.0616965567528               
319            0.0311609089325               
2444           0.0252177351816               
9072           0.0578444687712               
6723           0.0801221377216               
9949           0.0411836752543               
2174           0.038180009216                
7198           0.0189060063039               
9554           0.0241351853007               
5737           0.0373315872727               
9551           0.0283546349763               
11197          0.0295332303905               
2333           0.0578444687712               
5431           0.0675447220153               
3427           0.0157358143165               
4881           0.0721866719295               
5524           0.0390963747246               
2222           0.0541232830378               
11155          0.0313210298244               
11807          0.0373315872727               
3289           0.0295332303905               
3290           0.0310029966752               
12175          0.0415717957158               
402            0.043270975784                
9318           0.0526699364516               
2173           0.10441042241                 
7207           0.0326896373585               
5211           0.0801221377216               
9424           0.0319848944586               
2156           0.0330589744571               
11967          0.0242326833959               
6457           0.0458256251685               
698            0.0423898906026               
664            0.0318152845838               
7944           0.0452670530649               
8941           0.0293961214805               
8594           0.0284797559719               
8064           0.0674569061541               
2353           0.0223814198692               
2278           0.0311609089325               
7154           0.0136622988062               
11968          0.0323318439535               
7756           0.0394188878023               
8721           0.0233052236524               
1048           0.0334406250359               
663            0.0261026056025               
6236           0.0323318439535               
11724          0.0284797559719               
2146           0.0238798187917               
1909           0.0202340148981               
697            0.016683219493                
2372           0.0318152845838               
9237           0.0392752124845               
3702           0.0202954008744               
5456           0.0219478976102               
5277           0.0216669397764               
1794           0.0196376062423               
10558          0.121334426282                
330            0.0241351853007               
10543          0.0281084221075               
6150           0.0400925207453               
1515           0.0175696934516               
