391
9782           0.0454401964152               
11351          0.0539639984234               
6933           0.0119509120278               
8414           0.036475600757                
612            0.0367195935086               
4207           0.0260798097651               
1186           0.0493541191407               
1798           0.070976845884                
2805           0.0192129842588               
10250          0.0504938539888               
9594           0.0393740325141               
9828           0.0393740325141               
3004           0.0379443119523               
547            0.0420994962362               
4332           0.0338399196823               
5027           0.0401897379433               
2659           0.0157428398241               
839            0.0445616028952               
2086           0.0966802058884               
9045           0.0346964768799               
9595           0.0175426381989               
3064           0.0422086350172               
3664           0.0456639493853               
10385          0.0156450281397               
1856           0.065394201416                
11936          0.0497101826429               
10253          0.0445616028952               
4428           0.0388511081844               
3584           0.196870162571                
4176           0.0480317473298               
4308           0.0461219890369               
9004           0.0297161425134               
344            0.0539639984234               
12115          0.0401897379433               
6065           0.0480317473298               
2891           0.026588380904                
6181           0.0207439093413               
4747           0.160758951773                
9539           0.0160942616531               
2081           0.028541916424                
9972           0.0142153075779               
4763           0.0257568118388               
10217          0.059896249517                
9633           0.0262688633339               
10653          0.028541916424                
9835           0.0180425425733               
3450           0.0693929537597               
4804           0.0320120608587               
8190           0.013134431667                
8970           0.0172444049148               
236            0.0156937942502               
557            0.0180425425733               
10495          0.028541916424                
7970           0.0287642257862               
9310           0.0417825161721               
10383          0.0721181576769               
481            0.0147238787168               
3651           0.0381333655211               
8908           0.0342574868497               
7183           0.030810561103                
10765          0.0386293518016               
7021           0.065394201416                
10285          0.0320163043873               
7237           0.00499309616238              
8441           0.0161973765057               
341            0.0342574868497               
5853           0.0393740325141               
6058           0.0186422108496               
3667           0.0287642257862               
11958          0.035159207367                
1430           0.0437482662536               
11119          0.0267648496144               
4134           0.0235358036367               
6680           0.0222866674041               
3858           0.0367195935086               
11043          0.0386293518016               
2059           0.0364275799686               
1252           0.035648393607                
9517           0.0348441898987               
2605           0.025599772034                
4043           0.0338399196823               
220            0.0259167871364               
6759           0.0232207742106               
502            0.023910685283                
247            0.079765142712                
9991           0.0320120608587               
2683           0.0174220949494               
5177           0.0249989338542               
7141           0.031077486446                
4945           0.100580941409                
6278           0.0528309549262               
6024           0.0401897379433               
3404           0.0279076685887               
579            0.0309053915864               
11878          0.023658948628                
3430           0.0504938539888               
11226          0.0320120608587               
11458          0.054889682678                
1617           0.0361672451426               
6261           0.0225006392798               
1789           0.0646954571134               
3208           0.0432423152105               
4672           0.199793414968                
3585           0.0342574868497               
4525           0.059896249517                
6962           0.0176649035531               
562            0.0357032806523               
10718          0.0183704918618               
1720           0.0445616028952               
1104           0.0445616028952               
7989           0.086484630421                
7919           0.0280200572859               
10944          0.0166774142368               
8838           0.0201475586715               
12132          0.0350852763978               
1466           0.026588380904                
7208           0.0220779148787               
3919           0.0279076685887               
11384          0.025599772034                
1341           0.0212903776458               
1796           0.0269450337271               
5830           0.0166774142368               
4906           0.0175426381989               
9499           0.0432423152105               
8851           0.0316890629324               
80             0.0185734680765               
4982           0.0114599714721               
4986           0.0112828942056               
12129          0.0105017790862               
4885           0.0209222163997               
8859           0.0720376959444               
4952           0.0277846193031               
5613           0.0361672451426               
6620           0.0317833716468               
10367          0.0461219890369               
313            0.0219754174951               
2258           0.0153581265522               
6248           0.0432423152105               
11664          0.0177889409304               
4896           0.0539639984234               
3707           0.0960634946597               
9136           0.0480317473298               
11810          0.0480317473298               
9679           0.0445616028952               
11890          0.0229199429442               
8713           0.035648393607                
2610           0.0999957354167               
425            0.0841989924724               
9020           0.0393740325141               
3427           0.0117634936793               
9889           0.028541916424                
8131           0.0140522849492               
7802           0.0298006948544               
6395           0.0118255115538               
12157          0.0204832263695               
9278           0.0215337210878               
1521           0.026588380904                
1686           0.0260798097651               
4997           0.0386293518016               
8744           0.0267648496144               
4084           0.0252940813516               
9484           0.0361672451426               
447            0.0524919961575               
5974           0.0960634946597               
4998           0.0251452353524               
3366           0.0432423152105               
664            0.0237838914197               
3319           0.0228319746926               
4654           0.0161973765057               
8066           0.0371469361531               
665            0.0486054859108               
2353           0.00836574726505              
2745           0.0215772792333               
6421           0.0141334081085               
11755          0.0297161425134               
10671          0.0539639984234               
9772           0.0207439093413               
2197           0.0539639984234               
8047           0.035648393607                
8504           0.0539639984234               
11982          0.0480317473298               
7662           0.0323477285567               
4491           0.030234994049                
8357           0.0589361094607               
10943          0.0399690720855               
1767           0.0297161425134               
4497           0.0393740325141               
5498           0.025599772034                
330            0.0180425425733               
10543          0.0210127826335               
11715          0.0281139057786               
10728          0.016622727602                
6063           0.0126755193504               
355            0.0269450337271               
3384           0.0190666827606               
4809           0.0321533284389               
4439           0.0410914584606               
7454           0.0135554173248               
6717           0.0346964768799               
8958           0.0212903776458               
10608          0.0594322850267               
11739          0.191220385863                
5787           0.00797989270177              
5021           0.0248550913214               
4786           0.030234994049                
11090          0.0289924640917               
3348           0.0107451631432               
7975           0.0803794758865               
12150          0.0367195935086               
9311           0.100325344262                
6039           0.0420994962362               
11485          0.0316890629324               
8137           0.059896249517                
8134           0.0210127826335               
836            0.0410914584606               
6192           0.0163544163105               
5092           0.0991840324687               
8076           0.0346964768799               
7453           0.00942587545855              
6382           0.100987707978                
2540           0.0393740325141               
2399           0.0218741331268               
3771           0.0299716369859               
11909          0.0461219890369               
2548           0.0213898713397               
3951           0.0299716369859               
7154           0.0204268253829               
8803           0.0243027429554               
5827           0.0509781572604               
1069           0.0410914584606               
3751           0.0361672451426               
12138          0.0256982485464               
7374           0.0287642257862               
3942           0.0232947051798               
8692           0.0294680547304               
8189           0.0346964768799               
371            0.0539639984234               
7128           0.0222866674041               
6264           0.0170130819349               
1884           0.0480317473298               
7551           0.129726945632                
11132          0.0432423152105               
10786          0.0465894103595               
88             0.030234994049                
7888           0.0480317473298               
10692          0.00770631230912              
8033           0.0627556260466               
7285           0.0146369903641               
11985          0.0165143916081               
7718           0.028541916424                
12184          0.0247136264604               
9069           0.0290165795096               
7476           0.0124382407682               
8588           0.0461219890369               
5916           0.0386293518016               
9405           0.0299799306122               
3801           0.0381333655211               
5370           0.0138134295611               
6639           0.0143396452984               
3688           0.0245744619432               
1456           0.0461219890369               
8017           0.053176761808                
4921           0.0210569649505               
11148          0.025599772034                
441            0.0162494035914               
8000           0.0504938539888               
2581           0.0346964768799               
6052           0.0147676559439               
4425           0.0227200982076               
6042           0.0110523501852               
9243           0.0124717375986               
2929           0.0294680547304               
3606           0.0386293518016               
6772           0.0149003474272               
4471           0.0960634946597               
6145           0.00981058873054              
4146           0.0138923096515               
820            0.0480317473298               
2246           0.0133548325825               
7503           0.026588380904                
1682           0.0218741331268               
4206           0.0373100641169               
12086          0.0361672451426               
6310           0.133684808686                
10466          0.0232947051798               
8743           0.0182378003785               
11262          0.0307162531043               
367            0.0775079823835               
6675           0.0539639984234               
8057           0.0277055574606               
29             0.0211043175086               
7624           0.0156937942502               
8291           0.064484148819                
2078           0.0214805727893               
10924          0.0134671986941               
9109           0.0247136264604               
1938           0.2151164165                  
1602           0.0153112309322               
11788          0.10039471534                 
5227           0.0207439093413               
10075          0.0192129842588               
2538           0.0214805727893               
4547           0.0895719386498               
428            0.0393740325141               
6848           0.08393923557                 
6989           0.0787480650282               
973            0.0305067130368               
5567           0.0346964768799               
10279          0.0164607335688               
10586          0.0358527360834               
9341           0.0420994962362               
6235           0.013134431667                
1875           0.0552537182442               
11056          0.0269450337271               
1503           0.0216557078481               
12020          0.0160431664015               
5604           0.0179148024522               
3868           0.0145938747604               
4147           0.0223929846624               
4753           0.0142979983587               
7349           0.0226096653304               
5303           0.030787342415                
4029           0.0562738790314               
4766           0.0367195935086               
11064          0.0138923096515               
755            0.0230602129981               
7911           0.0277062844918               
10441          0.0217740333982               
74             0.0299716369859               
4895           0.0640241217173               
3098           0.0141334081085               
6163           0.0165683881862               
2342           0.0223929846624               
5792           0.0385741673521               
10762          0.023910685283                
5950           0.0504938539888               
7606           0.0420994962362               
11591          0.0108555960204               
11891          0.0440409728266               
1311           0.0346964768799               
6153           0.0287642257862               
6809           0.019361830258                
6794           0.098091302124                
4406           0.0230602129981               
9309           0.00524901510755              
11423          0.192126989319                
2508           0.0480317473298               
8736           0.0346964768799               
12218          0.0164048598098               
6788           0.217003470856                
9237           0.0146803242755               
1752           0.0461219890369               
3967           0.0539639984234               
7198           0.0141334081085               
5767           0.0432423152105               
9416           0.020398067167                
521            0.0480317473298               
7442           0.0480317473298               
6696           0.0386293518016               
9203           0.0243027429554               
7983           0.0504938539888               
1513           0.0504938539888               
7713           0.0386293518016               
11738          0.307197264407                
5854           0.0410914584606               
10598          0.0373100641169               
5350           0.026588380904                
2056           0.0334417814205               
2842           0.0367195935086               
6329           0.0123716378699               
6486           0.028541916424                
6913           0.0142565530998               
366            0.0367409837236               
7877           0.0414878186825               
10248          0.0171279619045               
11115          0.0281139057786               
12245          0.0342574868497               
5957           0.129583935682                
8876           0.0480317473298               
8930           0.019361830258                
5999           0.0148558879546               
2372           0.0237838914197               
3179           0.0241700514721               
8594           0.0212903776458               
2661           0.0205692414577               
11292          0.0730803047                  
2825           0.0201475586715               
10998          0.0204888916077               
8482           0.023910685283                
11972          0.0379443119523               
11163          0.0432423152105               
