151
3655           0.0693680946099               
5683           0.0179352796829               
7527           0.0551391070127               
7756           0.161616540398                
4802           0.0596042569204               
8571           0.0425863384966               
5523           0.133287564265                
640            0.0568144712371               
6163           0.0302895865046               
4524           0.03683286596                 
50             0.0506513905518               
326            0.0398063143352               
9044           0.0651707993422               
8376           0.0769644167384               
2659           0.0287803558996               
279            0.0878954609607               
2648           0.0403618568712               
7439           0.0356733624248               
10972          0.0251814871587               
8997           0.024078218781                
6798           0.0290524695005               
11146          0.0693680946099               
3871           0.0446755890497               
1035           0.0482915948544               
2829           0.087809492955                
3798           0.0719818458179               
5827           0.0232989969638               
4428           0.0177564647346               
478            0.0271588701474               
7374           0.0525854715255               
6930           0.205586342254                
2105           0.0517829295797               
8319           0.0349900163682               
6603           0.0432522320832               
11630          0.053002726591                
11040          0.059136671071                
2739           0.0275695535064               
6502           0.0671291191088               
9602           0.0439477304804               
11965          0.0285128940417               
5348           0.0359552824426               
9405           0.0274039843669               
9534           0.0575607117991               
11731          0.0517829295797               
3596           0.0492597059397               
3908           0.0618646281705               
9424           0.0874248915615               
3718           0.0352597840455               
4921           0.0192477009297               
2222           0.0739680750966               
9310           0.0254616426525               
2278           0.0425863384966               
481            0.0269175367612               
6045           0.0671291191088               
7749           0.119550755235                
611            0.055274264305                
6052           0.0269975683304               
1307           0.0517829295797               
7237           0.0273844654839               
6042           0.0202054124549               
7709           0.0585230183933               
8694           0.0374465186377               
8191           0.038581969689                
4075           0.0671291191088               
10330          0.0326355706922               
502            0.0437124457808               
9278           0.00757057425265              
8291           0.117887037766                
2175           0.0510195519539               
6394           0.0267586913595               
3348           0.0982191341955               
6208           0.0611367696012               
4174           0.539111191119                
6951           0.0525854715255               
10125          0.0626280057964               
1531           0.0525854715255               
8573           0.0790536672914               
11238          0.0594128662604               
441            0.0891192993906               
630            0.105170943051                
10132          0.0662053085274               
8539           0.0446755890497               
11862          0.0401004857511               
11236          0.220419246039                
7424           0.0682085910747               
10146          0.0502916933846               
8352           0.0374465186377               
10292          0.0344640462474               
7958           0.179703730373                
5077           0.0843181582297               
4924           0.059136671071                
6022           0.102793171127                
4029           0.0171462316039               
7919           0.0128062539863               
5664           0.0454389666755               
11064          0.0507945987515               
3268           0.0579325280257               
8288           0.090360693883                
12035          0.0423705262795               
4982           0.0209506074666               
8190           0.0240117807293               
8874           0.0818757067261               
8859           0.0188137278428               
8185           0.0843181582297               
5426           0.055274264305                
373            0.0479817602213               
8347           0.0376037675762               
2258           0.0561540805927               
8381           0.0495961949875               
7961           0.0482915948544               
4173           0.0423705262795               
2317           0.0826679585448               
2444           0.0344640462474               
9021           0.0843181582297               
11890          0.0209506074666               
11197          0.0403618568712               
10564          0.0265234066599               
3427           0.0215054931952               
7518           0.0432377430012               
11807          0.0510195519539               
3289           0.0403618568712               
402            0.059136671071                
2232           0.0525854715255               
2173           0.142693449699                
7207           0.0446755890497               
8136           0.0244828828285               
11967          0.0165589081502               
4103           0.053002726591                
664            0.0434806469089               
7346           0.0432522320832               
7944           0.0618646281705               
8941           0.200872378686                
11315          0.087809492955                
8064           0.0691429439439               
6913           0.0521263859248               
11968          0.0441866074513               
4531           0.0451803469415               
10248          0.0626251483153               
5192           0.0671291191088               
6886           0.0568144712371               
11724          0.116766349539                
9318           0.215945537454                
9237           0.026837912479                
3077           0.038581969689                
1794           0.026837912479                
10558          0.11054852861                 
3149           0.0671291191088               
10998          0.012485625191                
367            0.0177120784986               
1515           0.0240117807293               
6000           0.0454389666755               
