249
3655           0.0477455772008               
169            0.0336783862398               
4809           0.0134862481907               
5683           0.012344728301                
355            0.0339051130935               
7527           0.0379518639724               
7756           0.11123954103                 
6394           0.0184178212084               
11113          0.0293118806826               
4802           0.0410251956074               
8571           0.0293118806826               
5523           0.214062108703                
2020           0.0343734098202               
640            0.0782100110382               
6163           0.0208481117863               
4524           0.0253518055398               
50             0.0348629999356               
2638           0.0177330004973               
326            0.0273984093819               
9044           0.044856608052                
8376           0.0529740729042               
2659           0.0198093188547               
279            0.0604978346385               
10975          0.0284498905363               
6052           0.0185822385666               
2648           0.0277807854468               
7439           0.0245537273186               
10972          0.0173322425234               
11368          0.0517056523436               
8997           0.0165728705701               
6798           0.0199966127541               
11146          0.0477455772008               
8923           0.0391050055191               
3871           0.0307498973117               
1035           0.0332387689648               
2829           0.0604386634579               
6009           0.0789658168518               
3798           0.0495446039837               
2592           0.0391050055191               
10711          0.0495446039837               
5827           0.0160365376113               
4428           0.0244433024308               
478            0.0186932614857               
7374           0.0361942144221               
6930           0.283007299846                
2105           0.0356418303808               
8319           0.0240833849792               
6603           0.0297702106083               
9766           0.0326112636479               
11630          0.0364814081824               
11040          0.0814067190369               
6401           0.0635367484544               
2739           0.0189759319862               
8136           0.0168513980203               
6502           0.046204505931                
9905           0.0529740729042               
9602           0.0302489173192               
11965          0.0196252267176               
7476           0.0156511201359               
5348           0.0247477709066               
9405           0.0377239437974               
1352           0.0291633386342               
1223           0.0339051130935               
9534           0.0396186377093               
11731          0.0356418303808               
3596           0.0339051130935               
3908           0.0425809934224               
9424           0.0601739449929               
3718           0.0242690641957               
4921           0.0132480587199               
2222           0.0509117117859               
11729          0.0469474989796               
9310           0.0350501432037               
2278           0.0293118806826               
481            0.0185271533939               
8365           0.0469474989796               
6045           0.046204505931                
7749           0.0822859535869               
611            0.0380448917969               
10285          0.00671438771784              
1424           0.0377135078729               
1307           0.0356418303808               
7237           0.0251313829163               
10132          0.0455686535311               
6042           0.0139072449036               
5407           0.0147246053641               
6058           0.0234576164784               
7785           0.0312753248237               
8218           0.0129166747959               
2805           0.0241758244118               
7709           0.0402809866471               
6772           0.0374984102649               
8694           0.0257741784111               
8700           0.0469474989796               
614            0.0185271533939               
8191           0.0265557014749               
4146           0.0174807845718               
9888           0.0339051130935               
1682           0.0275243655286               
4075           0.046204505931                
441            0.0613401941204               
5447           0.0416013067191               
4881           0.0679032540115               
10330          0.022462836391                
4041           0.0188054409144               
502            0.0300869724964               
9278           0.0114637019631               
8010           0.031097318659                
2175           0.0351164028688               
1722           0.021847290129                
10106          0.0234576164784               
7944           0.0425809934224               
8628           0.0341367161655               
3348           0.067603547145                
4159           0.0544120895332               
6208           0.04208001343                 
579            0.0194442287129               
5320           0.0267898221688               
10075          0.0241758244118               
4174           0.587521933609                
6951           0.0361942144221               
10125          0.0431064209345               
1531           0.0361942144221               
8573           0.0544120895332               
11238          0.0408934627469               
6150           0.0377135078729               
630            0.0723884288441               
4856           0.0364814081824               
8539           0.0307498973117               
11530          0.0486075673471               
11862          0.0276008855221               
8420           0.0341367161655               
11082          0.0469474989796               
11236          0.151713034464                
7424           0.0469474989796               
10146          0.0346154228764               
8352           0.0257741784111               
6197           0.0173815292354               
10292          0.0237213634022               
6436           0.0398745562328               
7958           0.216455449224                
5077           0.0580356020418               
4924           0.0407033595184               
8839           0.0353759124808               
6022           0.0707518249616               
4029           0.0118016319945               
7919           0.00881445557636              
5664           0.0312753248237               
11064          0.0349615691437               
2923           0.0288722634077               
3138           0.0391050055191               
6169           0.0276518123151               
3268           0.0398745562328               
8288           0.062194637318                
12035          0.0291633386342               
80             0.0467422339901               
6914           0.0485381283915               
4982           0.0144201574488               
8190           0.0165271417211               
4879           0.0580356020418               
8874           0.0563544796544               
8859           0.0129493580615               
8185           0.0580356020418               
5426           0.0380448917969               
373            0.0330255119412               
230            0.0416962235727               
8347           0.0258824117621               
9858           0.0339051130935               
6799           0.0370798470099               
10186          0.04208001343                 
2258           0.0386504632303               
11293          0.135806508023                
8381           0.0341367161655               
7961           0.0332387689648               
12218          0.0206423429552               
4173           0.0291633386342               
2106           0.0425809934224               
319            0.0293118806826               
2317           0.0568997810726               
2444           0.0237213634022               
5130           0.0391050055191               
11890          0.0288403148976               
11589          0.0679032540115               
1951           0.0155256531504               
2436           0.0252487508991               
3077           0.0265557014749               
11197          0.0277807854468               
2333           0.0544120895332               
3284           0.0394829084259               
10564          0.0182558763857               
2751           0.0580356020418               
3427           0.0148020814377               
7518           0.0446403568108               
5524           0.0367764712363               
11807          0.0351164028688               
3289           0.0277807854468               
2232           0.0361942144221               
402            0.0407033595184               
12238          0.0267898221688               
10216          0.0416013067191               
1652           0.0635367484544               
2173           0.0982149092744               
7207           0.0307498973117               
10455          0.0262137956861               
6388           0.0336783862398               
2683           0.0219223366193               
11967          0.011397381345                
6064           0.0431064209345               
4103           0.0364814081824               
664            0.0299274269446               
7346           0.0297702106083               
10650          0.0469474989796               
8291           0.0958937063155               
3319           0.0287296238684               
2963           0.0364814081824               
2548           0.00897167191268              
10214          0.0436588049757               
11315          0.0604386634579               
8066           0.0233711169951               
8064           0.0634541434171               
6913           0.0358782289951               
2353           0.0210533495712               
546            0.0604386634579               
11118          0.04208001343                 
6019           0.0227030499437               
11968          0.0304133346774               
4531           0.031097318659                
10248          0.0646566812252               
5192           0.046204505931                
6886           0.0391050055191               
6236           0.0304133346774               
11724          0.0803694665064               
8941           0.138259061576                
9318           0.148633811951                
367            0.0243822009556               
697            0.0313865388356               
9237           0.0184723485542               
3702           0.0190911109213               
7139           0.0954911544015               
1794           0.0184723485542               
10558          0.0760897835938               
6033           0.0635367484544               
3149           0.046204505931                
10998          0.00859376900587              
10660          0.044856608052                
9021           0.0580356020418               
2686           0.0237213634022               
1515           0.0330542834421               
6000           0.0312753248237               
