336
8724           0.0644643559194               
9790           0.019843798623                
7527           0.0649227128899               
6933           0.0257247441278               
5190           0.0344535242448               
612            0.0395200862198               
6913           0.0153438574305               
640            0.0668953453176               
5415           0.0191456498331               
50             0.0298193592935               
2657           0.0217731495969               
3654           0.0317154944376               
12176          0.0423769712869               
5303           0.0331354002172               
9586           0.025330808435                
8369           0.0282477012376               
10758          0.0368702021076               
279            0.0517455947823               
5984           0.02075805141                 
10613          0.0219537662629               
2894           0.0516949839142               
9620           0.0309579865815               
7186           0.02075805141                 
6798           0.017103696798                
2483           0.0442253801333               
10385          0.0168382272763               
10081          0.0226153642251               
6237           0.0479601820238               
1338           0.0543448680264               
3730           0.0511956342507               
8911           0.0277591474371               
478            0.031977803496                
11177          0.0205208411811               
132            0.02075805141                 
11630          0.0312036319345               
7921           0.0432548881103               
2739           0.0162306782225               
2043           0.0543448680264               
9110           0.0383671891306               
8571           0.0250713221254               
9602           0.0258727973912               
9201           0.0418393095253               
3223           0.0415754960211               
5411           0.0580796699168               
9534           0.0677739950524               
2973           0.0442253801333               
11209          0.0261562399036               
6914           0.02075805141                 
1951           0.0265591045185               
1003           0.0219537662629               
9310           0.0262319999278               
4849           0.0275521894803               
10813          0.0343154426429               
7749           0.070381620037                
26             0.0215960065446               
7183           0.0165801948623               
2506           0.0280688382422               
10285          0.0114860304715               
11042          0.0395200862198               
7237           0.021495618223                
10529          0.0580796699168               
1359           0.0359922852842               
6003           0.113522082392                
6058           0.0200639960769               
8404           0.0322574833938               
7709           0.0344535242448               
8721           0.0187508256149               
230            0.0178320092103               
2060           0.0383671891306               
10455          0.0224214380132               
2059           0.0130686005624               
6759           0.0124958763321               
3191           0.0302580686272               
4041           0.0160848521451               
502            0.0514685623488               
9278           0.00891385887884              
2683           0.0562524768446               
2875           0.0543448680264               
1722           0.0186866361228               
11245          0.0496395741129               
2070           0.0238733826245               
3348           0.0809526504254               
12058          0.0543846400336               
579            0.0166312263215               
2737           0.0479601820238               
10535          0.0383671891306               
9424           0.0257342811744               
11238          0.0349773932438               
6150           0.0645149667876               
11458          0.00984599221985              
11236          0.0432548881103               
11788          0.0180085862757               
7424           0.0401555902415               
10146          0.0296075992816               
8620           0.0307187223544               
9538           0.0235424073241               
6962           0.0190121524989               
7958           0.0793460462387               
5127           0.0401279921539               
8405           0.05319692051                 
7919           0.0150785312964               
10944          0.0179493503491               
5830           0.0179493503491               
8288           0.026598460255                
80             0.0199900104998               
12127          0.0228134612113               
6242           0.0147410434586               
11040          0.0348147923063               
1550           0.0373426725842               
899            0.0243340363517               
1623           0.0442253801333               
8859           0.0332279116574               
1989           0.0580796699168               
6620           0.017103696798                
5130           0.0334476726588               
2258           0.033058889139                
468            0.0516949839142               
8352           0.0220454203011               
69             0.0200639960769               
4852           0.0152994662369               
2444           0.0202895866543               
9072           0.0465402762442               
11890          0.0123339889519               
10097          0.0284301063037               
10564          0.046844379844                
10866          0.0461653907829               
2362           0.047966705244                
11654          0.0351908100185               
6441           0.0341058922403               
5524           0.0629120162561               
9416           0.0219537662629               
6395           0.050909630695                
3871           0.0526026009161               
2888           0.0236514163458               
11967          0.029245556317                
10296          0.0516949839142               
6431           0.0341058922403               
664            0.0255978171254               
103            0.0192811104337               
3319           0.0245733005789               
5271           0.0373426725842               
4654           0.0522981047618               
6009           0.0337709042389               
2353           0.00900377759167              
3427           0.0126606598829               
2690           0.0479601820238               
3798           0.0423769712869               
4531           0.079795380765                
6421           0.0152113205419               
9772           0.0223259847773               
5755           0.026301300458                
9546           0.011217032342                
10713          0.0432548881103               
2632           0.0222315105662               
10661          0.0368702021076               
2065           0.019843798623                
330            0.0194185929089               
7802           0.0320735040212               
4644           0.0496395741129               
7547           0.0194881113885               
6000           0.0267507142146               
355            0.0290000502278               
4809           0.0115351886259               
3517           0.0442253801333               
4439           0.0442253801333               
7454           0.0145892481434               
4428           0.0313606238211               
7756           0.0634309888752               
11424          0.0408382102474               
7420           0.0496395741129               
10812          0.0250713221254               
5523           0.156937439422                
10486          0.0322574833938               
2638           0.0151675620044               
4529           0.0320735040212               
4874           0.0432548881103               
4556           0.0378406941307               
7955           0.0341058922403               
6192           0.0176017183446               
9044           0.0383671891306               
5996           0.0177161440997               
578            0.0212516241978               
7453           0.0101447585669               
11164          0.031982503128                
8331           0.0188154655632               
2648           0.0237617308959               
9410           0.025330808435                
3421           0.0516949839142               
10717          0.0186866361228               
4511           0.0756813882614               
8319           0.0205992344613               
11368          0.0442253801333               
8997           0.0567010736848               
11146          0.0408382102474               
9238           0.0307187223544               
3951           0.0322574833938               
7154           0.0109923588906               
8379           0.0217731495969               
5827           0.0274330538243               
5134           0.0580796699168               
6930           0.242064549017                
832            0.0254633453235               
6145           0.0105588127605               
10849          0.0597498433662               
11730          0.0189461224323               
6264           0.0183106184107               
9836           0.031982503128                
3185           0.0280688382422               
1724           0.0378406941307               
6502           0.11856025866                 
11985          0.0177738944759               
8136           0.0288270024436               
3391           0.042168288083                
9069           0.0156147932813               
1472           0.0496395741129               
5348           0.0423350069554               
8905           0.0296075992816               
9405           0.016133204775                
4578           0.0284301063037               
285            0.0401555902415               
11523          0.0479601820238               
5963           0.0300361023485               
12218          0.0176560090175               
2222           0.0217731495969               
2238           0.0348147923063               
76             0.0432548881103               
7233           0.026598460255                
10591          0.0290000502278               
6045           0.0395200862198               
10563          0.0644643559194               
5309           0.0331354002172               
6052           0.0158939405478               
2695           0.0423769712869               
6042           0.0237905592365               
5407           0.0125943922961               
9243           0.026845838862                
8218           0.0662880935077               
6772           0.0160367520106               
2153           0.0255978171254               
4121           0.0204431094553               
8166           0.0226153642251               
6043           0.031982503128                
2034           0.0317154944376               
614            0.0158468245636               
7555           0.0203660282119               
8795           0.0209196547627               
3158           0.0408382102474               
3349           0.0241008301024               
367            0.0104274103205               
11310          0.0351908100185               
10948          0.0215960065446               
8291           0.0694021604716               
1794           0.0315998967128               
2175           0.0600722046969               
4139           0.0337709042389               
1683           0.0959203640475               
3432           0.0415754960211               
10621          0.0348147923063               
1938           0.0128623720639               
6105           0.0244528916116               
5227           0.0223259847773               
10075          0.0206783006535               
4174           0.581871005751                
5067           0.0465402762442               
11835          0.016478972362                
441            0.0349773932438               
7518           0.0127274076738               
11118          0.0719845705685               
6203           0.0543448680264               
11862          0.0118039285736               
11466          0.0309579865815               
8846           0.0432548881103               
6436           0.0341058922403               
5604           0.0192811104337               
11891          0.0157999483564               
3293           0.0432548881103               
6610           0.0511956342507               
8901           0.0337709042389               
2492           0.0580796699168               
5664           0.0535014284291               
11064          0.0299036684648               
2923           0.0246953044133               
6073           0.0373426725842               
7961           0.0852903189111               
12035          0.0249442696996               
8874           0.0241008301024               
11591          0.0116835196063               
8550           0.027893382369                
46             0.0479601820238               
3860           0.0644643559194               
6809           0.0208384986885               
1909           0.016279804498                
9841           0.0442253801333               
9309           0.0169480250023               
110            0.0204431094553               
9247           0.0401555902415               
1990           0.0453102979115               
3077           0.0227138801892               
9551           0.0684403836339               
8683           0.0270629866562               
11650          0.0543448680264               
7452           0.019771553901                
11807          0.0300361023485               
6711           0.0317154944376               
11781          0.0348147923063               
10216          0.0355828332166               
4203           0.023222913279                
9444           0.0482016602047               
5031           0.0215960065446               
9875           0.0280688382422               
4103           0.0312036319345               
698            0.0341058922403               
2173           0.168012257869                
3845           0.0496395741129               
1307           0.030485516105                
8941           0.189211330767                
6487           0.0442253801333               
8064           0.0271371067423               
2206           0.0391163170618               
366            0.039543107802                
7877           0.0223259847773               
1739           0.015988901748                
938            0.0179493503491               
8767           0.0682117844806               
5957           0.027893382369                
11733          0.0331354002172               
11724          0.0458282611443               
9318           0.211884856434                
8362           0.0322574833938               
9237           0.0157999483564               
3702           0.0326583883731               
10558          0.0325409259063               
11292          0.00873932436109              
10998          0.00735050586997              
9588           0.0199166144554               
479            0.0465402762442               
