21
10557          0.297166388653                
11344          0.284831867299                
8997           0.118383302962                
7958           0.441766921167                
2472           0.30416448517                 
8941           0.197522382191                
4174           0.220883460583                
8379           0.181836229733                
11029          0.0956011477965               
5523           0.218441159691                
2317           0.203223213284                
9424           0.214917214564                
11238          0.146055059353                
441            0.146055059353                
8309           0.284831867299                
8539           0.21965261806                 
9237           0.131951651107                
9278           0.0148886359659               
279            0.216074018567                
8291           0.0526913670742               
8721           0.156595600421                
