356
9766           0.0229913980593               
7527           0.0535131923191               
6933           0.0106019382016               
9905           0.0373474640576               
4387           0.0234979973515               
8923           0.0275695771163               
3268           0.028112121158                
5235           0.038361285941                
2805           0.0170442951388               
2657           0.0179467352781               
5683           0.00870320651681              
3654           0.0261418119759               
10285          0.0142012124165               
2659           0.0139658475056               
279            0.0426518215582               
10975          0.020057571676                
7439           0.017310721986                
10972          0.0122194739651               
6798           0.0563915693217               
3664           0.0202547875968               
6241           0.028398660298                
1254           0.0567973205959               
1533           0.0154026458249               
3730           0.0210992555579               
8911           0.00762691786019              
478            0.0131790114141               
12071          0.0320848230688               
8319           0.0339582480857               
7555           0.0167869014705               
2880           0.00960564665619              
11630          0.0257199042129               
4986           0.0100093237088               
2739           0.0267565961596               
8571           0.0619958604411               
9602           0.0213259107791               
11965          0.0276721199362               
5180           0.0426101050463               
2923           0.0203553504717               
9835           0.0160059684915               
9534           0.0558633900223               
8956           0.0139223380108               
3718           0.0171100304936               
1951           0.01094580313                 
11729          0.0330986449523               
640            0.0827087313488               
546            0.0426101050463               
7749           0.0870191263069               
1314           0.0433582173943               
611            0.0268221820801               
12177          0.0488087168246               
12109          0.0140096077769               
11042          0.0325748244368               
7237           0.00885898864035              
11041          0.0313070247857               
1359           0.029666999401                
6058           0.0165379484769               
7785           0.0220495424593               
50             0.0245789037099               
7709           0.028398660298                
230            0.0293964221712               
10455          0.0184810934581               
5621           0.0447942984019               
4075           0.0325748244368               
10330          0.0633464582767               
4041           0.013258099484                
502            0.0424234748173               
9278           0.0124904727411               
2242           0.03565327207                 
8010           0.0219240456176               
9248           0.0268221820801               
2353           0.0222643599018               
1722           0.0154026458249               
11335          0.0342690164244               
3348           0.0667260278895               
1522           0.0148437564893               
11140          0.0727012074446               
5320           0.0188872002039               
7878           0.0300201973191               
8293           0.0121504517983               
1531           0.0255174285856               
9424           0.063635212226                
11238          0.0144152322674               
6150           0.0265885517679               
630            0.0510348571711               
11458          0.00811565709102              
4856           0.0257199042129               
8539           0.0216791086971               
10711          0.0349296403898               
11530          0.0342690164244               
8420           0.02406686347                 
11082          0.0330986449523               
11236          0.17826636035                 
7424           0.0330986449523               
6197           0.012254221788                
6436           0.028112121158                
7958           0.261607073588                
5127           0.0165379484769               
5326           0.028398660298                
5077           0.0409159130587               
7919           0.00621431475395              
3138           0.0275695771163               
8288           0.0438480912352               
80             0.0329539302571               
6914           0.0171100304936               
5429           0.0316245375355               
4982           0.0406656526485               
11040          0.0860893172809               
12129          0.0186327558298               
11188          0.0336613012867               
8859           0.00912947897448              
8185           0.0409159130587               
6620           0.0281957846609               
7421           0.0242337358149               
2258           0.0408736776454               
3258           0.0136663906491               
8381           0.02406686347                 
11664          0.0157809924445               
8352           0.0363423142322               
2106           0.0300201973191               
69             0.0165379484769               
2444           0.0167238937557               
7404           0.0478727460351               
11890          0.0203328263242               
2436           0.017800723354                
10564          0.0128706487867               
2361           0.0218005894657               
3427           0.0208713498571               
5524           0.0518558556049               
6610           0.0210992555579               
938            0.0147949306873               
3289           0.0195858432075               
402            0.0286964390936               
5383           0.0167869014705               
7207           0.0216791086971               
1035           0.0234337981049               
8136           0.0118804718494               
11967          0.0160706272634               
6064           0.0303906310812               
6457           0.0303906310812               
664            0.0210992555579               
10650          0.0330986449523               
3259           0.0133782980798               
3319           0.0202547875968               
4654           0.0287381556055               
8066           0.0164769651285               
2837           0.0184024151783               
11118          0.029666999401                
6019           0.0160059684915               
628            0.0168504364526               
4531           0.0219240456176               
8721           0.0154555546527               
7496           0.0426101050463               
1867           0.0536443641601               
6886           0.0275695771163               
373            0.0232834489135               
697            0.0221279498968               
2413           0.0320848230688               
2313           0.028398660298                
5456           0.0291108067518               
7139           0.0673226025735               
1794           0.0130232647003               
6388           0.0237437344469               
10660          0.0316245375355               
6072           0.0259279278024               
355            0.0239035800573               
3384           0.0169145076013               
4809           0.00950799404239              
3624           0.0207714757622               
2472           0.0300201973191               
7454           0.0120253329988               
4428           0.034465741784                
7756           0.0522836239519               
7428           0.0219240456176               
6859           0.0447942984019               
11113          0.0206652868137               
4802           0.0289233380483               
5021           0.0220495424593               
131            0.03645320978                 
5523           0.0862381643652               
2020           0.0242337358149               
2638           0.0125020139551               
326            0.0193162627211               
9044           0.0316245375355               
7453           0.00836191822639              
10075          0.0170442951388               
4924           0.0286964390936               
2648           0.0195858432075               
471            0.0209884158368               
6208           0.029666999401                
3367           0.0409159130587               
4511           0.0311905687912               
11368          0.03645320978                 
8997           0.0350523182766               
11146          0.0336613012867               
8349           0.03645320978                 
3871           0.0216791086971               
9923           0.0395316574132               
2829           0.0426101050463               
6009           0.0278360039635               
3798           0.0349296403898               
2592           0.0275695771163               
5827           0.0113059838372               
6930           0.274345656694                
2105           0.0251279900925               
9240           0.0270632304544               
4061           0.0247575563303               
6603           0.0209884158368               
10849          0.0164164677084               
11730          0.0156165299984               
10526          0.0216791086971               
3821           0.0409159130587               
6502           0.130299297747                
2108           0.0178733783204               
698            0.028112121158                
2440           0.0228494801693               
9069           0.0257412975735               
7476           0.0110342591138               
2460           0.0177287570705               
5348           0.0174475254359               
2246           0.0236947790097               
1352           0.0205605625871               
285            0.0330986449523               
5370           0.012254221788                
4103           0.0257199042129               
3596           0.0239035800573               
3908           0.0300201973191               
12218          0.0291062823498               
5341           0.0349296403898               
2222           0.0179467352781               
10137          0.0173788155909               
6355           0.0447942984019               
2278           0.0206652868137               
2160           0.0679164961714               
8365           0.0330986449523               
6045           0.0325748244368               
7244           0.0263618965467               
3997           0.0320848230688               
6052           0.0131007386997               
10132          0.0321265395807               
6042           0.0294144078812               
3942           0.0206652868137               
4099           0.0259279278024               
5407           0.0103810532106               
8218           0.027319310442                
7484           0.0409159130587               
6772           0.0264369049387               
6145           0.00870320651681              
8694           0.0181711571161               
8700           0.0330986449523               
614            0.0261238057614               
8191           0.037444283665                
4146           0.0246483963835               
41             0.0231360193092               
9888           0.0239035800573               
9237           0.039069794101                
8059           0.0161210068447               
8795           0.0344864673311               
10466          0.0206652868137               
367            0.0171897934954               
7624           0.0139223380108               
6799           0.0261418119759               
2175           0.0247575563303               
10924          0.0119470721541               
5386           0.038361285941                
8628           0.02406686347                 
4159           0.038361285941                
10182          0.0293295044587               
11936          0.0220495424593               
11918          0.0124661160818               
6477           0.028112121158                
4174           0.610416505039                
10125          0.0607812621625               
3465           0.0263618965467               
5162           0.015725774848                
441            0.0720761613371               
7518           0.0104906924596               
6542           0.0265885517679               
10586          0.0106019382016               
8573           0.038361285941                
10292          0.0334477875115               
10288          0.0893668916022               
5110           0.0244043584123               
12020          0.0142322743528               
8839           0.0249405142449               
6022           0.0498810284899               
4029           0.00832031600692              
5664           0.0440990849186               
4976           0.0209884158368               
11064          0.0123241981917               
5111           0.038361285941                
6169           0.0194949153416               
6163           0.0146982110856               
4113           0.0421985111159               
2930           0.0349296403898               
1223           0.0239035800573               
4879           0.0409159130587               
8874           0.0198653491037               
9997           0.03645320978                 
10185          0.0278360039635               
5426           0.0268221820801               
8188           0.017310721986                
8347           0.0182474631459               
10186          0.029666999401                
9385           0.0957454920702               
4267           0.0189710948261               
7961           0.0703013943146               
9998           0.0478727460351               
4173           0.0205605625871               
319            0.0413305736274               
2317           0.040115143352                
5130           0.0275695771163               
4545           0.0300201973191               
2354           0.038361285941                
9554           0.0160059684915               
3077           0.037444283665                
9551           0.0188042224812               
11197          0.039171686415                
2333           0.038361285941                
9405           0.0132979546205               
11807          0.0247575563303               
10216          0.0293295044587               
9153           0.02217714859                 
10717          0.0308052916498               
1271           0.03645320978                 
10595          0.017800723354                
5350           0.0235871848582               
2173           0.103864331916                
7346           0.0209884158368               
10214          0.0307800695743               
1307           0.0251279900925               
2963           0.0257199042129               
8291           0.0936088716687               
11315          0.0426101050463               
9310           0.0525105399672               
8064           0.0335520455194               
6913           0.0252946544296               
11968          0.0214418273216               
4472           0.029666999401                
10248          0.0151946222353               
11733          0.027312183448                
6236           0.0214418273216               
2383           0.0478727460351               
11724          0.113323201223                
8941           0.214444068757                
9318           0.0698592807796               
1909           0.0268375818028               
5999           0.0131790114141               
2683           0.0154555546527               
3702           0.0134595008437               
2750           0.0185605956092               
10558          0.0536443641601               
6033           0.0447942984019               
1906           0.0290063754356               
10998          0.00605872762787              
2686           0.0167238937557               
1515           0.0349555998375               
