268
4054           0.0464285082677               
7527           0.0906262402331               
5885           0.0648591765099               
6933           0.0143637672395               
7754           0.0648591765099               
4387           0.0795891652389               
4006           0.0166971275321               
640            0.0373519427354               
5415           0.064141432813                
2657           0.0243146793862               
6714           0.021685280699                
8304           0.0335421476513               
12177          0.0330636264047               
10758          0.041173976193                
2659           0.0378425489864               
279            0.0288928696599               
9590           0.0305829486474               
6798           0.0764006883087               
3746           0.0185155629617               
4428           0.0583687957934               
8911           0.0103331363394               
478            0.0357104991181               
10411          0.0493877072716               
11630          0.0348459602868               
2739           0.0362504960932               
11230          0.014790004752                
9864           0.0326063799368               
9602           0.0288928696599               
11965          0.0187454351379               
3722           0.0326063799368               
7828           0.0211576598279               
9534           0.0567638234797               
11731          0.0340440204444               
6914           0.0231810911173               
2317           0.0271744925754               
557            0.021685280699                
2133           0.0241168588318               
1953           0.0373519427354               
9310           0.0292940010845               
2223           0.0554338876904               
8786           0.0321685967704               
7749           0.0392985525191               
26             0.0241168588318               
10183          0.0183464684394               
2085           0.0554338876904               
10285          0.00641338422564              
1307           0.0340440204444               
7237           0.0420083167207               
3730           0.0285857915787               
8441           0.0194675808405               
11041          0.0141385096584               
4724           0.0401935821534               
3348           0.0387437432341               
3385           0.0493877072716               
6102           0.046184062476                
2059           0.0875644099043               
1252           0.0428457030761               
10330          0.02145583583                 
3191           0.0337900235444               
4041           0.0179624000259               
502            0.028738184763                
247            0.0319564995283               
2353           0.0201095357777               
2070           0.0266600677957               
2452           0.110867775381                
11140          0.131329850814                
8262           0.0856914061521               
7936           0.0333001046769               
8293           0.016461731635                
10535          0.0428457030761               
8950           0.0305829486474               
11238          0.019530112047                
6150           0.0720456508173               
11458          0.0109952922979               
2358           0.0340440204444               
11788          0.020110687227                
11029          0.0127835429773               
5157           0.0448428601448               
8683           0.0302219869867               
1503           0.0130139668927               
7958           0.118143904186                
881            0.0333001046769               
10092          0.0934479386567               
1554           0.0198486003921               
7919           0.0168386136537               
8838           0.0242152935715               
1726           0.0351277957743               
10923          0.0386872947837               
12127          0.0254764241881               
11806          0.0270434544747               
11040          0.0388786431222               
7461           0.0448428601448               
7708           0.0483039319417               
8859           0.0123688431789               
7430           0.0326063799368               
7014           0.0407592535522               
2258           0.0184588887038               
11812          0.0604439739734               
1727           0.103945631787                
12145          0.0313452493202               
2436           0.0482337176636               
9546           0.0125263707873               
7802           0.017908685273                
9278           0.0119452238052               
3290           0.0278559570616               
2108           0.0242152935715               
11967          0.0326593229957               
6904           0.118191687926                
11118          0.0401935821534               
8956           0.0377246535142               
9772           0.0249320457486               
5755           0.0293713909065               
373            0.0315449905826               
697            0.0149897460144               
3356           0.0406721034                  
10943          0.0240193571369               
7951           0.0234529928987               
1794           0.0176442400717               
10728          0.0199788091155               
6000           0.0298732636996               
3384           0.0229161918826               
5235           0.15591844768                 
5683           0.0235826374891               
7454           0.00814610880048              
7004           0.0212313974326               
3289           0.026535383217                
4802           0.0195930257098               
5365           0.0388786431222               
3454           0.0719891322586               
5200           0.032385159544                
5523           0.0292093977665               
2522           0.0231810911173               
8134           0.0252552037953               
6200           0.025933670656                
10905          0.0606884197651               
9044           0.0428457030761               
7453           0.0113289329551               
5431           0.0606884197651               
3258           0.0185155629617               
4408           0.0171847236375               
8997           0.0316598299516               
12216          0.0384752050689               
2548           0.0342779008543               
6009           0.0377129043961               
5827           0.137858630608                
9240           0.0733318635905               
471            0.028435623192                
10849          0.0222414351578               
8103           0.0456051608176               
10526          0.0293713909065               
2881           0.0220794420178               
9011           0.0719891322586               
5233           0.032385159544                
10692          0.027786584662                
11228          0.041173976193                
6502           0.0882663503939               
8136           0.0321919122891               
6599           0.0247221129152               
3185           0.0313452493202               
5348           0.0236383375852               
5111           0.0519728158935               
8690           0.0241168588318               
11492          0.0719891322586               
10605          0.0626904986404               
2222           0.0486293587724               
3580           0.0262904585079               
2278           0.0279978400256               
6040           0.0372597138708               
8364           0.0366659317952               
7601           0.0493877072716               
5984           0.0231810911173               
4423           0.0216082290144               
5631           0.0696919205736               
5407           0.0281290136166               
9243           0.0149897460144               
8218           0.0246752501835               
8694           0.0246187316249               
873            0.0362504960932               
960            0.0135960455643               
160            0.0483039319417               
10246          0.0319564995283               
2764           0.041173976193                
11393          0.0493877072716               
1332           0.0305829486474               
10466          0.0279978400256               
11262          0.0184588887038               
8057           0.0166496154301               
1865           0.0505992650125               
8291           0.119777851081                
2175           0.0335421476513               
620            0.0406721034                  
10924          0.129489503034                
7559           0.0326063799368               
6394           0.0175921571665               
3801           0.0458323837653               
11082          0.0448428601448               
11918          0.0168894013882               
7393           0.0207966981672               
4174           0.383967688605                
3465           0.0357157473274               
441            0.058590336141                
11055          0.0337900235444               
11862          0.0263635481387               
10586          0.0287275344789               
8524           0.0167928152156               
3765           0.0392985525191               
6279           0.0304008845706               
10288          0.0242152935715               
11048          0.0670842953026               
4753           0.034369447275                
8901           0.0377129043961               
11419          0.0493877072716               
7452           0.0220794420178               
1247           0.12971835302                 
11064          0.0166971275321               
1471           0.290714828121                
5792           0.0231810911173               
8190           0.015786236134                
6917           0.0648591765099               
1735           0.0456051608176               
9309           0.0504702108531               
7961           0.0634973747471               
6329           0.0148694364348               
12218          0.0262892725795               
540            0.042257751523                
8585           0.0473235379021               
9069           0.0174374722696               
6443           0.0441331751969               
3702           0.0182352635531               
8343           0.058742781813                
8545           0.0328324627035               
5277           0.0389351616809               
10766          0.0648591765099               
9203           0.0292093977665               
6022           0.0337900235444               
11807          0.0335421476513               
7364           0.0282876155766               
4029           0.0112725692425               
10717          0.0208678842769               
9424           0.028738184763                
2173           0.117264964494                
11112          0.032385159544                
6926           0.277169438452                
9338           0.25943670604                 
2963           0.0348459602868               
8677           0.0493877072716               
8064           0.0151523794702               
6913           0.0342698213971               
10548          0.0554338876904               
8156           0.12971835302                 
7877           0.0249320457486               
1739           0.0357104991181               
210            0.0514047320956               
7548           0.0535584640164               
11586          0.0254764241881               
3098           0.0169869030831               
6236           0.0290499162494               
11724          0.153533066715                
8941           0.211297535221                
1909           0.0363602174392               
4267           0.0257025069548               
2372           0.0285857915787               
3077           0.0253652193018               
6283           0.0434693092638               
3706           0.0236383375852               
10998          0.0328340542114               
9588           0.0222414351578               
1515           0.0315724722679               
