214
2072           0.0536467023013               
9790           0.0251210580871               
7454           0.00923455627171              
4633           0.0764827036435               
1042           0.114720235516                
7428           0.0336720543173               
11113          0.317387890998                
11739          0.0372193929396               
612            0.100060114537                
8653           0.0654427470463               
4387           0.0360894087235               
6914           0.0262784472446               
6386           0.0485705587474               
11060          0.0404879294592               
2805           0.0261774875733               
9963           0.0385928337331               
8089           0.0324053001709               
12243          0.0296668899024               
3513           0.0816080056227               
1010           0.0776392488957               
3801           0.0259781533314               
1690           0.0346693086425               
1448           0.116547054605                
10975          0.0308054295602               
3471           0.057360117758                
2086           0.0658628783051               
9410           0.032067283194                
627            0.0311083237117               
4203           0.0293988144365               
3258           0.0209895315985               
9625           0.0205470645095               
4408           0.0194808713376               
9087           0.0344629179591               
3871           0.033295867849                
10899          0.0816080056227               
11922          0.0280253736431               
2548           0.00971449105542              
2110           0.0628407215978               
234            0.0401499124823               
8379           0.0275635006259               
4428           0.01323355586                 
312            0.0816080056227               
5849           0.0816080056227               
10212          0.0628407215978               
8926           0.0309558931857               
11730          0.0239846539058               
3262           0.0450457312695               
6145           0.0267336464884               
6108           0.0544574374154               
3185           0.035533464601                
1710           0.0492774884698               
10692          0.0104997689058               
2233           0.0369631019813               
7618           0.0735253763345               
2888           0.0299412736016               
2440           0.0350933833472               
7476           0.0169469713168               
2632           0.0562875162069               
4254           0.0816080056227               
2246           0.054587453869                
9835           0.0737483195181               
5370           0.0188206514828               
2323           0.0383048988769               
3662           0.045564073013                
3642           0.0412185108519               
12218          0.067054343255                
2317           0.0308054295602               
4677           0.0471509242497               
4164           0.0385928337331               
1953           0.0423427461498               
8372           0.0436160938893               
2278           0.0317387890998               
481            0.0200611288152               
8786           0.145867296563                
9898           0.0547580923096               
3543           0.0357598944183               
1748           0.0735253763345               
8652           0.163216011245                
2643           0.0735253763345               
2506           0.035533464601                
10285          0.021810937826                
12148          0.0427519379307               
6492           0.0816720759443               
7237           0.0136060812816               
3259           0.0205470645095               
4297           0.0363916359127               
6772           0.0406031311283               
215            0.21735832435                 
9227           0.0816080056227               
3668           0.0404879294592               
8694           0.0279081789964               
4177           0.039501925274                
7839           0.0485705587474               
8191           0.0575088181912               
2059           0.033088127942                
8165           0.0364668241407               
220            0.0353113479959               
4672           0.0777761176968               
4041           0.061087372343                
8743           0.0248488098643               
2415           0.0466754630213               
9278           0.00902752828449              
8057           0.0188742643092               
4022           0.0816080056227               
8291           0.0239615372271               
2353           0.0569912102469               
10474          0.039190953                   
8425           0.0589171965072               
10924          0.0550467467805               
7520           0.021998295913                
5410           0.0816080056227               
7697           0.0461065321781               
1938           0.0651319642765               
8773           0.0816080056227               
5162           0.0241524376522               
9309           0.035758637466                
7669           0.0628407215978               
7955           0.0431760126354               
8293           0.0186612763022               
6987           0.0472735822882               
7525           0.0419474279805               
7518           0.0322242685028               
11458          0.0249288704425               
2084           0.02648302739                 
6711           0.0802998249646               
11788          0.0455955787995               
7424           0.050834567219                
10279          0.0224275751566               
4077           0.130885494093                
1503           0.0147528362968               
6279           0.0344629179591               
5216           0.0380239028899               
11891          0.0400035727006               
3896           0.082389718363                
7014           0.0693079904295               
7919           0.0095442578249               
8838           0.0274508353128               
9969           0.0607147120054               
8464           0.0735253763345               
1425           0.0654427470463               
11124          0.0344629179591               
7810           0.0547580923096               
2089           0.0933249711352               
4906           0.0239016587569               
10763          0.0735253763345               
10789          0.0445494534289               
7712           0.117834393014                
9257           0.0346693086425               
4500           0.0472735822882               
8422           0.0281437581034               
11724          0.029007914062                
9997           0.0559866769645               
9534           0.0214494525324               
3414           0.0654427470463               
7708           0.0547580923096               
10257          0.0654427470463               
6153           0.039190953                   
4884           0.0419474279805               
1706           0.0348794182763               
9841           0.0559866769645               
3289           0.120323700805                
9640           0.0238192501511               
11812          0.0342601168615               
8352           0.0279081789964               
8736           0.0472735822882               
7821           0.0302222695887               
8913           0.032067283194                
4852           0.0193682060245               
2444           0.0256853989798               
3634           0.0461065321781               
10512          0.0485705587474               
2404           0.0816080056227               
7198           0.0192566188649               
5207           0.0500300572687               
11197          0.0300809252012               
9644           0.0383048988769               
7186           0.0262784472446               
5015           0.0309558931857               
4942           0.0816080056227               
3427           0.0160276355542               
6395           0.0161121342514               
3381           0.0415650734247               
7922           0.113053427138                
367            0.0132004756416               
3290           0.126311793416                
7364           0.032067283194                
2109           0.0383048988769               
6138           0.0291367636514               
8744           0.0364668241407               
3106           0.0536467023013               
2156           0.0336720543173               
2101           0.045564073013                
3589           0.0247594548739               
3434           0.0369631019813               
8308           0.0415650734247               
2920           0.0322350669404               
2925           0.0276772651301               
4033           0.0536467023013               
4531           0.0336720543173               
210            0.0194244026113               
12245          0.0466754630213               
3098           0.0192566188649               
1678           0.0235754621248               
10089          0.057360117758                
5405           0.242927576755                
9507           0.0816080056227               
9237           0.0200017863503               
3077           0.0287544090956               
11738          0.453432437592                
3489           0.057360117758                
8205           0.0359908082846               
9023           0.039190953                   
10156          0.0344629179591               
6063           0.0172702608721               
