346
9544           0.201123485723                
7644           0.0440708380442               
3297           0.0278334026161               
9790           0.0386019459419               
10915          0.0482816872135               
1664           0.0231117304946               
6068           0.0250303218053               
4387           0.027728159375                
6163           0.0173442159097               
5415           0.0186219219899               
8336           0.0526453612927               
6714           0.0188873987279               
9594           0.0412177523537               
9471           0.0627009382039               
12243          0.0227936195264               
5767           0.04526717041                 
9590           0.0266370702504               
2086           0.151810998113                
9045           0.0363211665218               
6601           0.0350077189671               
4315           0.0627009382039               
4333           0.023004433591                
3746           0.0483799345533               
11660          0.0502808714308               
9085           0.0254407378846               
11922          0.0645972367855               
11936          0.0260189503945               
11713          0.04526717041                 
4428           0.0305027562627               
12071          0.0378608046577               
10608          0.0311076241069               
8857           0.0397210840093               
6108           0.020920327559                
4560           0.0313750823078               
2739           0.0157866892133               
9539           0.0168478880312               
5346           0.0466482347714               
4763           0.0269628946796               
11736          0.052858268158                
12181          0.029430361385                
3722           0.0283994340441               
8277           0.0627009382039               
7828           0.036855705293                
8649           0.0373176574934               
10425          0.0326537168405               
3718           0.0201902164402               
1951           0.0129162910838               
12111          0.029430361385                
9310           0.0145796717137               
10383          0.0251650489212               
481            0.015413335843                
8786           0.0280181346118               
7804           0.0260189503945               
2640           0.0506036660378               
10285          0.0446873238105               
12109          0.0330632973873               
7237           0.00522690179181              
2253           0.0482816872135               
11041          0.0246286569257               
77             0.0181134630425               
8215           0.0358616204404               
4050           0.0627009382039               
9311           0.105023156901                
10398          0.0627009382039               
5591           0.0211775466909               
3474           0.0287976855806               
1803           0.0319352137129               
230            0.0173442159097               
3012           0.0313750823078               
5207           0.0384390171676               
8862           0.0298784139634               
2265           0.0368055647255               
10793          0.0290036529129               
4041           0.0156448521976               
9278           0.0190740460344               
2683           0.0182378981591               
6102           0.0201126472598               
697            0.0130557364571               
2579           0.0211775466909               
12058          0.0176323174016               
7989           0.22633585205                 
579            0.0161762803485               
5320           0.0445746324309               
4148           0.0363211665218               
1353           0.0201126472598               
12082          0.0239010997486               
6987           0.0363211665218               
630            0.0301111331352               
11458          0.0670365907872               
3795           0.0384390171676               
1033           0.052858268158                
1789           0.0677248724461               
4672           0.149392069817                
11029          0.0334025475693               
6962           0.0184920764654               
5127           0.0390302938795               
10952          0.0378608046577               
1554           0.0172876908996               
10798          0.052858268158                
175            0.04526717041                 
7919           0.0146660591817               
8838           0.0210909838497               
4479           0.0217152591056               
11122          0.0285963471216               
6138           0.0223863137351               
11892          0.0482816872135               
3321           0.0159308078872               
10167          0.0368055647255               
8205           0.0276524028365               
4986           0.0118112245432               
10033          0.0303500588777               
12129          0.0109935330981               
899            0.0236683805768               
8961           0.0440708380442               
12049          0.0331729280662               
7596           0.0567988680882               
11788          0.0350319254449               
6620           0.0166358264299               
2258           0.0160772828289               
7848           0.0627009382039               
5151           0.100561742862                
11811          0.0564909048174               
5102           0.0316507712711               
8078           0.0269628946796               
1684           0.0328471036369               
1790           0.0627009382039               
669            0.0768780343351               
10564          0.0607506070377               
2361           0.0514503606526               
3427           0.0123143284628               
9546           0.0109101912471               
10543          0.0219967225998               
11155          0.0245108032729               
6083           0.0440708380442               
3290           0.0242619210363               
10017          0.0564909048174               
10148          0.0257251803263               
7674           0.0564909048174               
2162           0.14199717022                 
2028           0.0227936195264               
1954           0.0316507712711               
2936           0.0440708380442               
10032          0.0313750823078               
3319           0.0239010997486               
6904           0.0411769359534               
8066           0.0194431852326               
3389           0.0358616204404               
10473          0.0269628946796               
2353           0.0613023594244               
3978           0.052858268158                
7774           0.0466482347714               
6421           0.0147952159871               
3091           0.0292144669775               
3046           0.0627501646155               
6165           0.112981809635                
8357           0.0308479194196               
10943          0.020920327559                
1794           0.0307354838621               
2065           0.0193009729709               
1795           0.052858268158                
330            0.0188873987279               
7802           0.046794203516                
6395           0.0123792503728               
10728          0.104406598866                
6063           0.0132690604487               
7242           0.0466482347714               
4809           0.0224392887786               
5683           0.0205399544278               
4439           0.0430155981121               
8958           0.0222873162154               
3289           0.0924469219786               
3365           0.04526717041                 
4802           0.0170650910174               
5217           0.064457967562                
5523           0.0254407378846               
10149          0.0267985013632               
6570           0.064457967562                
12175          0.0325327140329               
6039           0.0440708380442               
3269           0.0311076241069               
5912           0.0313750823078               
3317           0.0564909048174               
326            0.0455872390527               
8505           0.0627009382039               
5996           0.0172315202807               
6594           0.0627009382039               
1205           0.0335110506228               
5778           0.0390571370235               
8686           0.0241400254911               
8722           0.0466482347714               
11368          0.0430155981121               
4408           0.0149675133043               
10888          0.250803752816                
6568           0.0298784139634               
1037           0.0478021994973               
2548           0.0298552917058               
7154           0.0213833274431               
12138          0.0403523836729               
7192           0.0564909048174               
5409           0.0378608046577               
2971           0.0240197661771               
6145           0.0513498860695               
1818           0.029430361385                
10836          0.0502808714308               
8103           0.119163252028                
6264           0.0178097327906               
5747           0.0700154379342               
10692          0.0161343328095               
11228          0.0358616204404               
7285           0.0153223788753               
11985          0.0345753817992               
8136           0.0560768838233               
8868           0.0564909048174               
3425           0.0384390171676               
7476           0.0130206711115               
2460           0.062760982677                
4690           0.068070131961                
9405           0.0156918821448               
9365           0.0342281679983               
8690           0.0210052493737               
4374           0.108963499565                
11386          0.0412177523537               
6639           0.0150111103946               
941            0.0319352137129               
12218          0.0228973735857               
10923          0.0673915521248               
8419           0.0564909048174               
11887          0.0384390171676               
6042           0.0578494255952               
6040           0.0162261923683               
5273           0.0560362692235               
9121           0.0222873162154               
9767           0.0564909048174               
4859           0.0363211665218               
8386           0.0564909048174               
7825           0.0420716538269               
7645           0.0397210840093               
5372           0.073611129451                
1975           0.0278334026161               
9989           0.0564909048174               
2687           0.0175159627224               
3679           0.0404382013849               
5818           0.0269628946796               
8218           0.0322373937923               
6772           0.0155980678387               
538            0.0857890413649               
4121           0.0198838896996               
6043           0.0311076241069               
11738          0.348380517722                
614            0.015413335843                
8511           0.0319352137129               
895            0.052858268158                
11262          0.0160772828289               
367            0.0811373542238               
8057           0.014501445919                
193            0.0508814757692               
8291           0.0306834861253               
2078           0.0224864173952               
8324           0.0363211665218               
767            0.0564909048174               
10924          0.0140978107963               
3800           0.0390571370235               
993            0.033862436223                
10812          0.0243854979524               
1938           0.18765784233                 
3614           0.0346094674306               
3284           0.0328471036369               
3802           0.0257251803263               
3482           0.0564909048174               
11600          0.0564909048174               
6678           0.0287976855806               
7518           0.0371377511184               
6989           0.0412177523537               
2887           0.062508609432                
6235           0.0274989233862               
11862          0.0459241319022               
1643           0.0283994340441               
3765           0.0342281679983               
4531           0.0258708613308               
1875           0.0723012709707               
3761           0.0482816872135               
3148           0.0378608046577               
6279           0.0264784964758               
3868           0.0152772443497               
7349           0.0236683805768               
4029           0.0196363157966               
11407          0.052858268158                
1335           0.0261695284662               
4895           0.0670221012455               
2203           0.0363211665218               
2904           0.0482816872135               
8684           0.0502808714308               
3599           0.0607001177553               
11220          0.030595531339                
3381           0.0319352137129               
10524          0.0358616204404               
9565           0.0313750823078               
11891          0.0922064515862               
8372           0.0670221012455               
4533           0.0440708380442               
7531           0.0404382013849               
11785          0.0627009382039               
6794           0.0684563359967               
9309           0.00549480434156              
5274           0.0440708380442               
2408           0.0276524028365               
8736           0.0726423330435               
3097           0.052858268158                
9821           0.0502808714308               
1913           0.0532741405007               
10982          0.04526717041                 
6603           0.0247667973847               
9554           0.0377747974557               
1478           0.0502808714308               
9416           0.0213532226013               
11197          0.0462234609893               
2920           0.0247667973847               
10605          0.0273010172362               
10515          0.0564909048174               
9572           0.029430361385                
10252          0.0335110506228               
7922           0.0217152591056               
9770           0.0363211665218               
6493           0.0564909048174               
1767           0.0933228723207               
11739          0.114385388487                
1393           0.0166883731165               
159            0.046008867182                
8688           0.0368055647255               
1555           0.0564909048174               
7346           0.0247667973847               
7412           0.030595531339                
8059           0.0190231465426               
5353           0.0308479194196               
8064           0.0131973865915               
366            0.019230704498                
7877           0.0217152591056               
10813          0.0166883731165               
210            0.0447723820164               
3098           0.0295904319742               
5258           0.115317051503                
2661           0.0215324122618               
2825           0.0421819676993               
10998          0.00714943332245              
722            0.0261695284662               
1515           0.0274989233862               
