122
9766           0.0303228311824               
12157          0.0239655252021               
3384           0.022308158782                
1938           0.209739821908                
4809           0.0125398767612               
3801           0.022308158782                
12058          0.0197071386185               
4374           0.0405951326265               
6850           0.0599038423714               
11113          0.0272549760468               
11739          0.0319613221492               
5787           0.0186730660692               
9760           0.0417088821844               
3404           0.032652177095                
8609           0.842962454036                
9649           0.0561974969357               
3247           0.0492567196127               
3873           0.0648331124468               
11292          0.0095004992132               
5970           0.0378470798483               
2091           0.0561974969357               
4396           0.0561974969357               
6200           0.0252455750833               
1387           0.0561974969357               
4672           0.0333942517178               
12243          0.0254757789003               
9538           0.0255928963176               
8331           0.0204542489091               
11075          0.047022288392                
8315           0.0443951235008               
11891          0.103056522948                
6060           0.0561974969357               
10418          0.0400815110689               
6133           0.0420697999318               
12107          0.0289151243602               
7125           0.0561974969357               
8745           0.048077308016                
9139           0.0315258872411               
4029           0.0109734752542               
4766           0.0429621939321               
10546          0.0341957533698               
4739           0.0492567196127               
1287           0.0458410480263               
10711          0.0460679070525               
11141          0.0395929544181               
12138          0.015033569714                
6163           0.0387702715844               
10613          0.0238658883101               
1386           0.0561974969357               
2545           0.0539630657151               
4578           0.0309063025252               
5823           0.0561974969357               
3868           0.0170749405907               
73             0.0460679070525               
10998          0.00799071785746              
581            0.0561974969357               
11788          0.0195770923098               
230            0.0387702715844               
11985          0.038643918799                
10643          0.0521374024759               
2921           0.0561974969357               
5049           0.026980618473                
7724           0.0720428332181               
6405           0.0561974969357               
4542           0.0561974969357               
4248           0.112394993871                
7163           0.0311086008202               
2246           0.0156252521478               
5140           0.0395929544181               
5102           0.0353751649665               
6450           0.0561974969357               
11953          0.048077308016                
848            0.0317412380147               
5272           0.0417088821844               
5266           0.050593826201                
4921           0.0246368035532               
8047           0.0417088821844               
148            0.112394993871                
870            0.0903932503056               
3505           0.0451966251528               
2160           0.0223933799349               
6696           0.0451966251528               
978            0.050593826201                
11011          0.0292489361051               
3289           0.025831322463                
11448          0.0382558478297               
10148          0.0575046017072               
4423           0.0210348999659               
6042           0.0129313308426               
8136           0.0156688836985               
6338           0.0773640306755               
4976           0.0276811435548               
10273          0.0667885034357               
8218           0.0120102720797               
8727           0.0539630657151               
6648           0.0162078527958               
4121           0.0222236568035               
4654           0.0189510494027               
1164           0.017644332595                
6102           0.0224793326088               
1129           0.0347681048613               
2877           0.0561974969357               
2056           0.0391271297294               
4755           0.0561974969357               
2059           0.0142068453156               
11247          0.101187652402                
6942           0.0405951326265               
2093           0.048077308016                
3813           0.0443951235008               
10614          0.0496009213831               
1575           0.0309063025252               
6329           0.0144749071174               
523            0.0561974969357               
9278           0.000969023528203             
11738          0.089855763557                
11967          0.0105975921135               
8291           0.00685881158555              
2353           0.00978798570588              
2413           0.0423159422896               
9834           0.0561974969357               
1515           0.0307347629179               
4863           0.0292489361051               
