326
9790           0.0193498337918               
7527           0.0949599213035               
6933           0.0125421934748               
9905           0.0441824043019               
4387           0.0138991768982               
4006           0.0145796433826               
640            0.0652301425717               
4524           0.0422887522418               
2472           0.0355141782353               
9235           0.030672984573                
10285          0.00560005633937              
9586           0.0247002573621               
2659           0.0165217300955               
279            0.0252287547742               
10975          0.0237282975824               
9825           0.0431244930076               
7439           0.0204787483392               
2625           0.0566339127365               
6798           0.016677940376                
2874           0.0326150712859               
1254           0.0335958845555               
4428           0.0101933248782               
478            0.0155908955344               
8319           0.0200864648265               
2880           0.0113635711247               
11630          0.030426890693                
2739           0.0316533071012               
2233           0.0284713278114               
9602           0.0504575095485               
9633           0.0137842687459               
615            0.0413220959646               
3646           0.0484039133248               
2923           0.0481611454454               
9520           0.0238441942192               
9534           0.0495651902864               
2317           0.0474565951647               
1951           0.0129489889475               
557            0.0189352125768               
1307           0.0297266506729               
9310           0.0328873060365               
4849           0.0268663423357               
2223           0.0484039133248               
3706           0.0206405881184               
7749           0.0343148173288               
1314           0.0256465912622               
12177          0.0288705875301               
12109          0.0331469978232               
11042          0.0770726527034               
7237           0.0104802676083               
7005           0.030426890693                
9838           0.0453817652083               
8215           0.0359524048902               
5591           0.0212311580978               
6620           0.016677940376                
7839           0.0374121279319               
11955          0.0385363263517               
5429           0.0374121279319               
3015           0.0484039133248               
443            0.0368987387903               
3191           0.0295048649667               
4041           0.0156844574715               
502            0.0501873731877               
9278           0.0130379538988               
2683           0.0182840677836               
2353           0.0351185986529               
2066           0.0484039133248               
960            0.0118718321675               
3348           0.0451071565912               
1522           0.0175603047521               
8121           0.0157790042891               
12058          0.0176769539857               
11140          0.0286687393786               
579            0.016217230944                
614            0.0154523550284               
6951           0.0301873601049               
11786          0.030426890693                
9424           0.0752810597816               
6150           0.0314545089915               
630            0.0603747202099               
1960           0.0350963417473               
4856           0.030426890693                
8539           0.0256465912622               
11530          0.0405405715461               
11236          0.126534477323                
11788          0.0175603047521               
11835          0.0321375339795               
8683           0.0263893170686               
1503           0.0340907133741               
7958           0.232112737475                
5127           0.0195645499466               
5326           0.0335958845555               
7919           0.00735159331019              
4182           0.0244472303557               
12108          0.0209732878102               
3463           0.0431244930076               
80             0.0389848121337               
4982           0.0240539264426               
4999           0.0566339127365               
9627           0.0151371695405               
6008           0.0550890819175               
11188          0.0398216387727               
230            0.0173881231587               
7421           0.0286687393786               
2258           0.0805899140502               
10213          0.0244472303557               
8381           0.0569426556228               
4972           0.0323105721344               
69             0.0195645499466               
2444           0.039569049951                
2436           0.0210584246063               
1688           0.0529920799807               
6984           0.0413220959646               
10564          0.0304521992415               
3427           0.0246910048911               
11252          0.100816317038                
697            0.0130887873298               
402            0.0339481596958               
2738           0.0231702383287               
8832           0.0518727079257               
5331           0.0244472303557               
8136           0.0281094218198               
11967          0.0285175567761               
6064           0.0359524048902               
6457           0.0359524048902               
3259           0.0158266535506               
5271           0.0364131143222               
4654           0.0169987553626               
10186          0.0350963417473               
6904           0.0206405881184               
6009           0.0329302567738               
2362           0.0155908955344               
11118          0.0350963417473               
4531           0.0259363539628               
8721           0.0182840677836               
5192           0.0385363263517               
6886           0.0326150712859               
5524           0.061345969146                
2413           0.0379566500846               
5456           0.0344383605666               
7139           0.0398216387727               
1794           0.0154066456944               
8849           0.0255051416501               
2259           0.0311863737146               
6072           0.061345969146                
6063           0.0266053027112               
355            0.0282781619852               
3026           0.0379566500846               
3517           0.0431244930076               
7922           0.0217702317428               
7454           0.00711304151199              
3338           0.0343148173288               
7756           0.0618520231588               
11113          0.0244472303557               
4802           0.0171082916559               
5787           0.00837470462015              
5021           0.0260848179171               
5523           0.0510102833001               
10486          0.0314545089915               
2638           0.0147900011176               
4529           0.015637554677                
3909           0.0332569060345               
4556           0.0737974775806               
7844           0.0441824043019               
326            0.0228513220558               
9044           0.0374121279319               
7453           0.0395689143711               
4924           0.0339481596958               
8232           0.0346970820287               
6381           0.0350963417473               
1889           0.0529920799807               
1393           0.0167306200856               
3258           0.0323349395866               
11177          0.0200100229631               
2106           0.0355141782353               
8997           0.0276448167124               
350            0.100816317038                
1035           0.0277224054785               
5290           0.022148471408                
3798           0.0413220959646               
8700           0.0783120219821               
11621          0.0484039133248               
6930           0.324553514634                
2105           0.0297266506729               
832            0.0248294950556               
10528          0.0299540517996               
10849          0.0194208370449               
8938           0.0215869220184               
10526          0.0256465912622               
2356           0.0385363263517               
8166           0.0441048155357               
9662           0.0441824043019               
10034          0.0311863737146               
9069           0.0152260996208               
2632           0.0216781092457               
5348           0.0206405881184               
6353           0.0391560109911               
285            0.0391560109911               
5370           0.0144968606331               
3642           0.0317491138855               
3908           0.0355141782353               
12218          0.017216504078                
2222           0.0849246323911               
10137          0.0205593037199               
441            0.0511600695964               
7233           0.0259363539628               
6040           0.0325345386342               
2160           0.0200864648265               
8365           0.0391560109911               
4391           0.030426890693                
3997           0.0379566500846               
7735           0.0343148173288               
106            0.0364131143222               
6052           0.0309965963413               
2146           0.01873486528                 
6042           0.0115991745277               
5407           0.0122808844349               
9243           0.0130887873298               
8218           0.0215460022905               
6772           0.015637554677                
2153           0.0249606194973               
6502           0.23121795811                 
10330          0.01873486528                 
6043           0.0311863737146               
1407           0.0529920799807               
8842           0.0353539079713               
10394          0.0284713278114               
10959          0.0374121279319               
9742           0.0421781591075               
6167           0.0379566500846               
4123           0.0297266506729               
10466          0.0244472303557               
9020           0.0413220959646               
5112           0.0421781591075               
11310          0.0343148173288               
8291           0.0799790212487               
2175           0.029288424018                
11067          0.0391560109911               
57             0.0326150712859               
5386           0.0453817652083               
8628           0.0284713278114               
11082          0.0391560109911               
6746           0.0566339127365               
4174           0.515806083277                
3465           0.0311863737146               
10236          0.0355141782353               
9683           0.0484039133248               
11862          0.0230201949062               
10586          0.0125421934748               
8524           0.0146631962152               
700            0.0665138120689               
10736          0.0453817652083               
10292          0.0197845249755               
5302           0.0368987387903               
10288          0.0634331283627               
5110           0.0288705875301               
6962           0.0185388895477               
3868           0.0153159190166               
210            0.0149619080825               
1863           0.0364131143222               
6022           0.0885145949001               
5664           0.0260848179171               
11064          0.0291592867652               
5167           0.0374121279319               
6073           0.0728262286445               
6169           0.0230626698007               
320            0.0346970820287               
11733          0.0646211442688               
6163           0.0173881231587               
395            0.0301873601049               
4113           0.0249606194973               
2930           0.0413220959646               
8190           0.0137842687459               
8422           0.0216781092457               
2177           0.0566339127365               
8874           0.0235008964557               
8930           0.0203197731318               
11041          0.0246910048911               
11591          0.0113926857847               
797            0.0355141782353               
5426           0.0317308958673               
3596           0.0282781619852               
4406           0.0242011364757               
9309           0.00550871455485              
110            0.0199342261864               
2408           0.0277224054785               
7961           0.0554448109571               
4173           0.0243233406021               
319            0.0244472303557               
3718           0.0202413283997               
7198           0.029665340778                
9554           0.0189352125768               
1762           0.0297266506729               
6524           0.0413220959646               
3829           0.0529920799807               
7951           0.0409574966784               
11807          0.029288424018                
10216          0.0346970820287               
10717          0.0182214761384               
4103           0.030426890693                
698            0.0332569060345               
2173           0.0819149933569               
6436           0.0332569060345               
10214          0.0364131143222               
3812           0.0233893190614               
2963           0.030426890693                
8064           0.026461592109                
6913           0.0748095404125               
6542           0.0314545089915               
1739           0.0155908955344               
10813          0.0167306200856               
3675           0.0504081585192               
3250           0.0379566500846               
3134           0.0364131143222               
11724          0.156406159191                
8941           0.230626698007                
9318           0.0413220959646               
1909           0.0158745569427               
5999           0.0155908955344               
8925           0.0267045025565               
9237           0.0308132913889               
3702           0.0159227171907               
3391           0.0205593037199               
1515           0.0137842687459               
10998          0.00716753226396              
5036           0.0413220959646               
3324           0.0529920799807               
