21
5523           0.25095487726                 
279            0.248235400715                
8941           0.226922459343                
10330          0.184339529705                
8296           0.238124269888                
11029          0.219661663993                
6105           0.234612178036                
12218          0.0564665970365               
2317           0.233471826546                
478            0.153404804761                
4479           0.214205665269                
2880           0.111810537497                
11620          0.37917370475                 
9237           0.151591899872                
3857           0.234612178036                
4174           0.253760700675                
9638           0.309492985828                
7958           0.253760700675                
8291           0.0605341757729               
2353           0.0863863425597               
9595           0.1811487133                  
