361
169            0.0537050761441               
1759           0.0395030318634               
7527           0.226949087978                
11772          0.0401000209358               
8414           0.0182975520532               
7806           0.0282060140875               
12145          0.0261652538579               
4387           0.0531492524826               
4006           0.0139378243929               
10242          0.0472258258363               
50             0.0277970573296               
2657           0.0202965288971               
11836          0.0242492387108               
8304           0.0279991012121               
3004           0.0380686271732               
12109          0.0792195362202               
2659           0.0157944173732               
10882          0.0589627518383               
4952           0.0139378243929               
6798           0.0159437510298               
3664           0.0229067780513               
9535           0.0600924848711               
3796           0.0711390988243               
1533           0.0348386758073               
3730           0.0238618134999               
7440           0.068720334154                
478            0.0149045596236               
8319           0.0192022268363               
6108           0.0401000209358               
2112           0.0306066607912               
8190           0.0131774634072               
2739           0.060519756794                
1613           0.0600924848711               
8354           0.0352743978766               
11230          0.024691730791                
5253           0.0541407982134               
10306          0.0953786530974               
9201           0.175508250639                
9633           0.0131774634072               
3722           0.0272179748745               
2923           0.0230205077779               
9835           0.0181016545337               
8943           0.0303340515828               
9534           0.110560921612                
10425          0.0312952731081               
12256          0.110183142967                
8970           0.0346018039463               
7443           0.0403214097511               
1003           0.0204648964254               
10495          0.0572708540095               
3576           0.0243823649252               
9310           0.00698656772111              
10383          0.0241181450373               
5738           0.0232525886308               
26             0.0805255976295               
2640           0.0242492387108               
2506           0.0261652538579               
10285          0.00535353299116              
4492           0.0687394461868               
10194          0.0374323013805               
7237           0.0050094548159               
726            0.0161469905495               
7005           0.0290874507812               
3667           0.028858464709                
8602           0.055697703131                
90             0.025683643401                
4297           0.0267971728243               
11945          0.0314806147229               
113            0.0352743978766               
11954          0.0284180364357               
7839           0.0357651868152               
2059           0.0243646173264               
11869          0.0206366315265               
4479           0.0208118716666               
220            0.0520033942511               
6759           0.0116484256877               
6775           0.342709386175                
10330          0.0179101268422               
1364           0.0362857382405               
4041           0.0149940028159               
9278           0.0182805370316               
2052           0.0600924848711               
2683           0.0174791741655               
9248           0.0606681031656               
3682           0.0339507878697               
1722           0.0348386758073               
2127           0.120184969742                
3348           0.140144771413                
697            0.0125125981844               
1522           0.0335745446576               
2579           0.0202965288971               
12058          0.0168987864783               
11140          0.0822200882156               
9955           0.0185659010437               
8293           0.0274826582345               
1852           0.0277970573296               
8950           0.0255289280652               
11458          0.0275347576226               
10132          0.0181664583796               
8539           0.0245175877013               
10181          0.0458135561027               
2084           0.0195009167377               
9608           0.0701130736838               
7424           0.0374323013805               
11029          0.0213419675682               
3585           0.0687394461868               
11193          0.0314806147229               
1503           0.0108633287286               
5361           0.023491116992                
562            0.0716405073688               
10441          0.021845370672                
11282          0.0663393230643               
10816          0.0198895110505               
10418          0.240588061654                
7793           0.0252276175416               
8996           0.0462730964087               
7919           0.0562237162466               
1300           0.0600924848711               
11384          0.051367286802                
10351          0.0352743978766               
5830           0.0167320536894               
4906           0.0352002246908               
12255          0.0690615233338               
9840           0.0282060140875               
4986           0.0113198598379               
10033          0.0290874507812               
12129          0.0105361855867               
6721           0.0600924848711               
4693           0.044707598045                
7596           0.0272179748745               
7014           0.119082375729                
6475           0.0963508215465               
8804           0.0168428483728               
2258           0.0154084436826               
7611           0.0506592847026               
11812          0.0252276175416               
8258           0.051367286802                
1709           0.0220474145544               
69             0.0187032874759               
2338           0.0555941146593               
8480           0.0586454224379               
7436           0.0239890227721               
11946          0.0422374248981               
2712           0.0298135001575               
5015           0.0227945350305               
2361           0.049309948267                
4045           0.0506592847026               
9546           0.0209126217642               
8131           0.0704916190513               
7802           0.0298983295135               
6395           0.0237285098773               
4429           0.0506592847026               
137            0.0284180364357               
6639           0.0143866256251               
10148          0.0246549741335               
2691           0.0433839880382               
8343           0.0490351754027               
8136           0.0134360002788               
11967          0.0181747791779               
6064           0.0343697230934               
8730           0.0270333125138               
804            0.0649074158927               
5867           0.162372231176                
2925           0.0407605999782               
12179          0.0265020212887               
7804           0.024936522925                
10473          0.0258411977082               
2353           0.00839315558176              
2837           0.0208118716666               
11517          0.0600924848711               
2745           0.0432959437808               
10429          0.0300698316949               
663            0.0391544828151               
6845           0.0600924848711               
3046           0.0300698316949               
10924          0.135113206638                
10943          0.0200500104679               
7951           0.0195772414076               
6388           0.0537050761441               
9728           0.120184969742                
330            0.0362033090675               
7547           0.0181664583796               
4809           0.0107528903081               
5683           0.0590563842932               
4428           0.0194891971502               
10081          0.0421632517123               
11969          0.0403214097511               
8911           0.00862552193175              
5720           0.0600924848711               
2452           0.0462730964087               
3349           0.0449326995562               
6568           0.0286354270047               
8121           0.0754219376646               
326            0.021845370672                
1010           0.0190566899823               
8947           0.0328042247297               
7453           0.0189135140499               
1103           0.0541407982134               
7159           0.0270333125138               
636            0.0433839880382               
3274           0.0184306782675               
956            0.020550334631                
12156          0.0537050761441               
4480           0.0308882095826               
7568           0.0357651868152               
2548           0.0214599500009               
7154           0.0204937488604               
8803           0.0243823649252               
5827           0.051145174675                
10605          0.0784957615736               
10849          0.0185659010437               
11730          0.0529836787815               
6264           0.0170688211203               
8687           0.0481891115558               
2165           0.0572708540095               
2881           0.036861356535                
8945           0.0591291991516               
9598           0.0255289280652               
638            0.0600924848711               
8918           0.0241181450373               
6001           0.101318569405                
6261           0.0677230712982               
5382           0.0374323013805               
2156           0.0247945945891               
2359           0.0395030318634               
6599           0.0412732630531               
11821          0.0207238045476               
9069           0.0291116452074               
2460           0.0200500104679               
11664          0.0356944440547               
8905           0.0275996585481               
3456           0.0317928843658               
4690           0.0434922080617               
9607           0.0655361120159               
755            0.0231357641235               
8690           0.0603941982221               
5370           0.0415760576134               
3642           0.0910544028447               
9624           0.180277454613                
4677           0.0347198314738               
10923          0.0161469905495               
2075           0.0210816258562               
3580           0.0219457983528               
2238           0.0324537079463               
441            0.0163026407722               
5084           0.0600924848711               
6883           0.0600924848711               
3272           0.0324537079463               
4393           0.0300698316949               
2697           0.0290874507812               
7984           0.0481891115558               
6068           0.0239890227721               
8364           0.0306066607912               
8731           0.0462730964087               
2942           0.0541407982134               
5657           0.0963782231115               
6042           0.0665313629804               
10692          0.0309262405965               
2129           0.0266754912053               
8218           0.0308962697248               
3566           0.0261652538579               
6772           0.0298983295135               
10400          0.120184969742                
8694           0.020550334631                
960            0.0453968612619               
11985          0.0165684969571               
880            0.0368398962403               
8795           0.0390018334753               
12293          0.0343697230934               
11262          0.0308168873652               
8881           0.0357651868152               
8057           0.0138981639583               
10948          0.0603941982221               
8291           0.0176442041723               
5165           0.0290874507812               
10106          0.0187032874759               
10681          0.0422374248981               
6394           0.0293698897378               
8877           0.0412260845342               
490            0.0238618134999               
1881           0.0247945945891               
5227           0.0208118716666               
11918          0.0281966476205               
7393           0.0173599157369               
11835          0.0460841832619               
5162           0.0177847747061               
6538           0.0242492387108               
2887           0.0199693857551               
5334           0.0230205077779               
11862          0.0220068094721               
11138          0.0317928843658               
10586          0.0359701987695               
711            0.0275996585481               
6279           0.0253769511982               
11048          0.0279991012121               
12020          0.0160957278968               
10248          0.0171840774659               
11891          0.0147284207533               
4180           0.0374323013805               
210            0.0143032611953               
7532           0.143177135024                
3532           0.0231357641235               
7650           0.0600924848711               
881            0.0277970573296               
278            0.0600924848711               
1392           0.0275996585481               
3057           0.0357651868152               
3599           0.0581749015624               
395            0.144292323545                
9625           0.0151299391985               
4113           0.0238618134999               
12075          0.044707598045                
8583           0.0387559113873               
9549           0.0295645995758               
11591          0.0326734851455               
9088           0.0380686271732               
6554           0.0227945350305               
8296           0.0231357641235               
9606           0.0530040425774               
5226           0.0374323013805               
9309           0.0263310610833               
6329           0.0372365115107               
8341           0.0274066960719               
1913           0.0255289280652               
3809           0.0286354270047               
12117          0.0600924848711               
6443           0.0368398962403               
7198           0.0141797127497               
3618           0.0343697230934               
9551           0.0425325764337               
2440           0.0516823954163               
186            0.0314806147229               
3441           0.0258411977082               
11890          0.0229950345092               
812            0.0233710245613               
2604           0.0867679760763               
4029           0.018819415526                
3604           0.0284180364357               
10717          0.0174193379036               
159            0.0220474145544               
9875           0.0261652538579               
7617           0.0462730964087               
940            0.0170117679614               
10595          0.0201313994074               
5163           0.0541407982134               
6929           0.0331696615321               
3812           0.0223596841974               
8059           0.0182317550352               
11673          0.0412260845342               
7877           0.0208118716666               
1739           0.0149045596236               
353            0.0403214097511               
6823           0.0600924848711               
3623           0.0433839880382               
1909           0.0151757338075               
1521           0.0266754912053               
11573          0.0284180364357               
3077           0.0211734606227               
10998          0.0274080245733               
9588           0.0185659010437               
4222           0.0232525886308               
