208
355            0.0415693592949               
9790           0.0284445712424               
3517           0.0633937080205               
7527           0.0465308776593               
7454           0.0209125740525               
3338           0.0504433410994               
7756           0.0454617413811               
4802           0.0251494677462               
2312           0.0741008151089               
8030           0.0778992217973               
5021           0.0383451077446               
5523           0.0749859483566               
640            0.0479446866958               
4524           0.0310825777325               
10486          0.046238641196                
4529           0.0229874604015               
8089           0.0366925177334               
4556           0.0542417477879               
7922           0.0320025957036               
7735           0.0504433410994               
7453           0.0145417373596               
12109          0.0487266273807               
279            0.0370866809634               
10975          0.034880984421                
8232           0.0510052764424               
9825           0.0633937080205               
3367           0.0711545419867               
3781           0.0575599747359               
4408           0.0441163768424               
8997           0.0203191657075               
350            0.148201630218                
5290           0.03255861418                 
7154           0.0157567077517               
4428           0.0299687076193               
8294           0.0290835743715               
478            0.0458377414021               
6930           0.130117898051                
4061           0.0430544609591               
9980           0.0499043483992               
8938           0.0317331274192               
6951           0.0443759116673               
2880           0.016704634877                
11630          0.0447280255381               
2356           0.0566490282099               
8918           0.0370866809634               
4174           0.606594683587                
8136           0.0413213084999               
8166           0.0972521971869               
5787           0.0123109523712               
9662           0.0649488548762               
8778           0.0385670203236               
7718           0.0440329446536               
12181          0.0433726326836               
10034          0.045844477966                
9633           0.0202630998583               
615            0.0607441549728               
90             0.0394939613854               
3456           0.0488881942437               
2923           0.0353988346224               
4621           0.0607441549728               
9520           0.0350513543673               
3908           0.104412842383                
12218          0.016872361181                
2317           0.034880984421                
1951           0.0190352249326               
2222           0.0312101486538               
1003           0.0314690488635               
9310           0.0268582645661               
10813          0.0245942843785               
4391           0.0447280255381               
11621          0.0711545419867               
613            0.0474970679772               
3633           0.0427437763273               
611            0.0466449344109               
12177          0.0424402345076               
106            0.0535278719                  
6052           0.0455655021323               
7237           0.0154061643025               
6042           0.0170509757218               
7005           0.0447280255381               
9838           0.0667119349686               
3259           0.0232654388297               
8215           0.0528506215214               
8218           0.0316729747519               
3523           0.0415693592949               
10330          0.0275405575007               
6043           0.045844477966                
8700           0.115119949472                
8842           0.025985410645                
7839           0.0549964381986               
41             0.0402345379652               
11955          0.0566490282099               
9742           0.062002581754                
7958           0.189560838621                
9602           0.0370866809634               
6167           0.0557968946436               
443            0.0542417477879               
5591           0.0312101486538               
10466          0.0359378273226               
6984           0.0607441549728               
9278           0.014055070232                
8057           0.0213713273512               
8291           0.0452194098385               
2353           0.0387186845657               
10586          0.0368744579068               
2066           0.0711545419867               
6913           0.0879769955552               
5320           0.0328456578249               
6477           0.0488881942437               
9069           0.0223826147586               
5067           0.0667119349686               
9424           0.0368881285354               
441            0.0250687122183               
5361           0.0361224944957               
10181          0.0352239514347               
11862          0.0169200309694               
11067          0.0575599747359               
11788          0.0258139343693               
700            0.0977763884873               
10501          0.0998086967985               
10146          0.0424402345076               
7961           0.1222571645                  
10292          0.0290835743715               
10288          0.0310825777325               
8937           0.0778992217973               
3868           0.0225146507353               
4924           0.0499043483992               
6022           0.0433726326836               
4029           0.0144693893011               
7919           0.01080696206                 
2282           0.0535278719                  
11064          0.0214323135458               
6073           0.0535278719                  
4169           0.0436986612888               
9412           0.0711545419867               
8617           0.062002581754                
12108          0.0308310751256               
9440           0.059595301332                
4982           0.017679832078                
8874           0.0345467010561               
6008           0.0404909244218               
103            0.0276380006562               
10185          0.0484080145033               
5226           0.0575599747359               
5426           0.0932898688219               
7014           0.0261591432521               
5277           0.0249884476086               
3706           0.0303420011528               
2258           0.0710810927767               
4406           0.0355760653055               
8381           0.0418533162098               
5167           0.0549964381986               
7844           0.0649488548762               
4972           0.0474970679772               
2444           0.0290835743715               
9235           0.0450897875552               
2338           0.0427437763273               
4921           0.0162427805909               
2354           0.0667119349686               
11197          0.034060628217                
1688           0.0778992217973               
9020           0.0607441549728               
6524           0.0607441549728               
3427           0.0544442697978               
11252          0.148201630218                
5524           0.0901795751104               
9683           0.0711545419867               
6395           0.0182437677979               
11807          0.0430544609591               
402            0.0499043483992               
1393           0.0245942843785               
2683           0.0268778778291               
11967          0.0139737578473               
6064           0.0528506215214               
8730           0.0415693592949               
2173           0.15052047019                 
10214          0.0535278719                  
3812           0.0343826804669               
5271           0.0535278719                  
4654           0.0249884476086               
6904           0.0303420011528               
57             0.0479446866958               
6105           0.175256771836                
2175           0.0430544609591               
2362           0.0229188707011               
628            0.0293036375931               
1739           0.0229188707011               
10248          0.0264241050728               
5192           0.0566490282099               
5342           0.0549964381986               
11733          0.0474970679772               
3134           0.0535278719                  
8930           0.0298703978905               
8941           0.135610002906                
1515           0.0202630998583               
1909           0.0233358575973               
9546           0.0160787600016               
8925           0.0392560542707               
9237           0.0452960408627               
7951           0.030104094038                
10394          0.0418533162098               
11292          0.0250543093207               
8849           0.0374929741783               
1307           0.0436986612888               
6150           0.046238641196                
5036           0.0607441549728               
3324           0.0778992217973               
6063           0.0195551144401               
