369
9790           0.0178199506956               
7527           0.116602628832                
8030           0.0488022927056               
6933           0.01155055241                 
2312           0.0464226674571               
9905           0.0406891487929               
4387           0.0128002467463               
4006           0.013426912553                
640            0.0600727601592               
4524           0.0389452172063               
8089           0.0229871229675               
9235           0.0282478432972               
12177          0.0265879517041               
106            0.033534133103                
279            0.0232340582883               
10975          0.0218522338516               
4169           0.0273763307239               
4999           0.0521561861213               
7439           0.018859608286                
2625           0.0521561861213               
3781           0.0360601642786               
7862           0.0417936829429               
1254           0.0309396459316               
4428           0.0187747914228               
8911           0.00830934049943              
478            0.0287164213102               
11177          0.0184279424029               
9980           0.0312640686475               
3324           0.0488022927056               
2880           0.0104651171347               
11630          0.0280212066834               
2739           0.0291506572079               
2233           0.0262202592175               
8571           0.022514324633                
11041          0.0113694126399               
12181          0.0271720803726               
9633           0.0126944237387               
5021           0.0240224373081               
2923           0.0443533131351               
9520           0.0219589671898               
9534           0.0456463480062               
3718           0.0186409598127               
1951           0.0119251848406               
557            0.0174381112603               
1003           0.0197147249789               
9310           0.0437480199745               
4849           0.0247421709635               
2223           0.0891537734331               
6962           0.0170731232756               
7749           0.0316017367129               
613            0.0297559559724               
1314           0.0236188587829               
611            0.0292221114645               
10285          0.00515729121675              
12109          0.0457893752426               
11042          0.0709789492732               
7237           0.0193033029705               
7005           0.0280212066834               
9838           0.0417936829429               
8215           0.0331098493881               
3523           0.0260423659324               
5591           0.0195525292146               
230            0.0160133415465               
7839           0.034454160296                
11955          0.0354894746366               
5429           0.034454160296                
443            0.0339813619614               
3191           0.0271720803726               
4041           0.0144443751732               
502            0.0462193383865               
9278           0.0144085389972               
2683           0.0168384488427               
2353           0.0323419675448               
8577           0.0521561861213               
2066           0.0445768867166               
960            0.0109331928205               
3348           0.0415407860926               
1522           0.0161719097047               
10213          0.022514324633                
12058          0.016279336136                
11140          0.0264020625566               
579            0.0149350252282               
5320           0.0205771427531               
8842           0.032558672272                
6951           0.0278006144388               
11786          0.0280212066834               
9424           0.0462193383865               
11238          0.0157050430441               
6150           0.0289675769525               
630            0.0278006144388               
1960           0.0323214703683               
4856           0.0280212066834               
11530          0.0373352553772               
10181          0.0220670957745               
11236          0.116530104157                
11788          0.0161719097047               
6477           0.0306274685456               
41             0.0504122545347               
10146          0.0531759034082               
8683           0.0243028614154               
1503           0.0209302342694               
7958           0.237512091095                
5127           0.0180176904453               
5326           0.0309396459316               
7919           0.00677034395908              
4182           0.022514324633                
9412           0.0445768867166               
12108          0.0193150472879               
3463           0.0397148806256               
80             0.0179512505785               
5226           0.0360601642786               
4982           0.0110760585299               
4986           0.010904913412                
9825           0.0397148806256               
9627           0.0139403582369               
6167           0.0349556301287               
103            0.0173146504766               
11188          0.0366731645958               
7014           0.0163881761135               
6620           0.0307186178861               
7421           0.0264020625566               
2258           0.0445308722666               
1886           0.0176907024575               
8381           0.0524405184351               
4972           0.0297559559724               
69             0.0180176904453               
2354           0.0417936829429               
2444           0.0364405465589               
2338           0.0267781145375               
2436           0.0193934527939               
8480           0.0282478432972               
1688           0.0488022927056               
6984           0.0380549890325               
10564          0.0280445142266               
3427           0.0454776505594               
11252          0.0928453349142               
9546           0.0100730191372               
6395           0.0114293528945               
11197          0.0426765944416               
402            0.0312640686475               
8832           0.0477714231361               
8136           0.0388304506617               
11967          0.0175085554111               
6064           0.0331098493881               
6457           0.0331098493881               
8730           0.0260423659324               
10998          0.00660083558997              
3259           0.014575328604                
5271           0.033534133103                
4654           0.0156547588835               
6904           0.0190086522993               
8594           0.0205771427531               
6009           0.0303266456144               
2362           0.0143582106551               
11118          0.0323214703683               
628            0.0183581384532               
8937           0.0488022927056               
5192           0.0354894746366               
5342           0.034454160296                
6886           0.0300363800796               
9440           0.0373352553772               
5524           0.0564956865944               
2413           0.0349556301287               
5456           0.0158577560391               
5277           0.0156547588835               
1794           0.0141885284191               
8849           0.0234885928002               
3367           0.0445768867166               
2259           0.0287206416317               
6072           0.0282478432972               
6063           0.0245017702817               
355            0.0260423659324               
3026           0.0349556301287               
3517           0.0397148806256               
2472           0.0327062708629               
7454           0.0131013062338               
3338           0.0316017367129               
7756           0.113923459495                
11113          0.022514324633                
4802           0.015755634755                
5787           0.00771256358204              
615            0.0380549890325               
8653           0.0464226674571               
5523           0.0469771856005               
10486          0.0289675769525               
2638           0.0136206384788               
4529           0.0144011807203               
10248          0.0165541693549               
4556           0.0339813619614               
7922           0.0200489813227               
7844           0.0406891487929               
9044           0.034454160296                
7453           0.0273303162739               
4924           0.0312640686475               
8232           0.0319537778818               
10717          0.0167808059687               
3258           0.0148891984132               
2106           0.0327062708629               
4408           0.0276380211009               
8997           0.0381886435902               
350            0.0928453349142               
1035           0.0255305499833               
2548           0.00689110112481              
5290           0.0203973156938               
7154           0.00987125989237              
11621          0.0445768867166               
8294           0.0182202732795               
6930           0.271720803726                
832            0.0228663658018               
4061           0.0269727521987               
10849          0.0178853401187               
8938           0.0198801648726               
10526          0.0236188587829               
3821           0.0445768867166               
2356           0.0354894746366               
8918           0.0232340582883               
3015           0.0445768867166               
9662           0.0406891487929               
698            0.0306274685456               
7718           0.0275857525158               
3391           0.0189337946034               
10034          0.0287206416317               
5361           0.0226300148957               
2632           0.0199641424359               
5348           0.0190086522993               
90             0.0247421709635               
3456           0.0306274685456               
4621           0.0380549890325               
285            0.0360601642786               
5370           0.0133506749724               
3596           0.0260423659324               
3908           0.0654125417258               
12218          0.0211403885685               
4921           0.0101757747312               
2222           0.0391050584293               
10137          0.0189337946034               
441            0.0314100860882               
7233           0.0238857115681               
6040           0.0299622146941               
8365           0.0360601642786               
4391           0.0280212066834               
3633           0.0267781145375               
3997           0.0349556301287               
7735           0.0316017367129               
8819           0.0578897047856               
6052           0.0285458688936               
2146           0.0172536043033               
6042           0.0213641853896               
8778           0.0241614610671               
5407           0.0113099036138               
9243           0.0241078602939               
8218           0.0198424804386               
7484           0.0445768867166               
6772           0.0144011807203               
2153           0.0229871229675               
8166           0.0609265418046               
10330          0.0345072086066               
6043           0.0287206416317               
8700           0.0721203285573               
614            0.0142306237717               
8191           0.0203973156938               
10959          0.034454160296                
9742           0.0388433680523               
9602           0.0464681165767               
6008           0.050733496432                
12086          0.0349556301287               
10466          0.022514324633                
9020           0.0380549890325               
5112           0.0388433680523               
7951           0.037719216572                
8057           0.0133887059311               
8291           0.0793213373278               
2175           0.080918256596                
10586          0.0231011048199               
57             0.0300363800796               
5386           0.0417936829429               
8628           0.0262202592175               
6913           0.0964526760527               
2261           0.0406891487929               
11082          0.0360601642786               
6746           0.0521561861213               
4174           0.546277809519                
5067           0.0417936829429               
11835          0.0147982994881               
10236          0.0327062708629               
9683           0.0445768867166               
11862          0.0318001753383               
11067          0.0360601642786               
8524           0.0135038593306               
700            0.0612549370913               
10501          0.0625281372951               
10292          0.0182202732795               
5302           0.0339813619614               
10288          0.0194726086031               
6353           0.0360601642786               
5110           0.0265879517041               
6436           0.0306274685456               
8721           0.0168384488427               
3868           0.014104974992                
3675           0.0464226674571               
1863           0.033534133103                
6022           0.10868832149                 
4029           0.00906478082387              
5664           0.0240224373081               
2282           0.033534133103                
11064          0.013426912553                
6073           0.033534133103                
6169           0.0212392335344               
320            0.0319537778818               
6163           0.0320266830931               
8617           0.0388433680523               
4113           0.0229871229675               
2930           0.0380549890325               
8190           0.0126944237387               
8422           0.0199641424359               
2177           0.0521561861213               
8874           0.0216428120597               
11724          0.123462856518                
11591          0.0104919298614               
10185          0.0303266456144               
6502           0.141957898546                
3465           0.0287206416317               
797            0.0327062708629               
5426           0.0584442229289               
10186          0.0323214703683               
4406           0.0222876880191               
9309           0.00507317131608              
5167           0.034454160296                
2408           0.0255305499833               
7961           0.07659164995                 
4173           0.022400230149                
319            0.022514324633                
2317           0.0218522338516               
9069           0.0140222571133               
7198           0.0273198682593               
9554           0.0174381112603               
1762           0.0273763307239               
6524           0.0380549890325               
3829           0.0488022927056               
7139           0.0366731645958               
11807          0.0269727521987               
10216          0.0319537778818               
1393           0.0154078235627               
4103           0.0280212066834               
11469          0.0360601642786               
2173           0.150876866288                
10214          0.033534133103                
3812           0.0215400564657               
2963           0.0280212066834               
8064           0.0121847110364               
6105           0.109794835949                
6542           0.0289675769525               
1739           0.0143582106551               
10813          0.0154078235627               
210            0.0137789537218               
11733          0.0595119119447               
3134           0.033534133103                
8930           0.0187132023588               
8941           0.233631568879                
1909           0.0146194445429               
8925           0.0245931269502               
9237           0.0425655852572               
3702           0.0146637970296               
10394          0.0262202592175               
11292          0.015696019919                
3706           0.0190086522993               
1307           0.0273763307239               
5036           0.0380549890325               
1515           0.0126944237387               
