247
2063           0.04302902815                 
1186           0.0164127426915               
4809           0.0285136244232               
9790           0.0245257637052               
3517           0.0546599591909               
7527           0.0200601601751               
1664           0.0587361934327               
4198           0.0717830435352               
319            0.06197334834                 
5830           0.0221843374693               
8414           0.0242599669558               
8571           0.03098667417                 
11090          0.0385658470997               
5523           0.0323275685005               
3786           0.0262657530108               
3349           0.0297872033183               
3291           0.0513848588526               
11772          0.026583479036                
11859          0.049629939127                
10486          0.0797366905876               
1737           0.0613515833461               
5252           0.0613515833461               
8089           0.0316373909106               
4556           0.0467688641839               
4952           0.0184795844944               
105            0.0284463089879               
7735           0.0434937638457               
7453           0.0125383227367               
279            0.0319772502869               
6052           0.0196439722871               
10249          0.057521034134                
9595           0.0233352605134               
3258           0.0204921421097               
7004           0.0234978981884               
8713           0.0474195809245               
2254           0.035842350189                
4011           0.0328741267502               
6009           0.0417388441201               
5383           0.0503424172992               
4830           0.0671670488665               
4428           0.0645997996735               
5610           0.0254594378075               
6930           0.112191560007                
5409           0.0481097585144               
3942           0.03098667417                 
10849          0.0492315195515               
4341           0.0467688641839               
5218           0.0461533389509               
2881           0.0244364734935               
5463           0.057521034134                
7888           0.0638919485282               
7290           0.0717830435352               
2081           0.0379665274832               
1566           0.0273612556182               
3015           0.0613515833461               
9477           0.0560008535213               
2440           0.0342617745083               
11420          0.0638919485282               
8158           0.0421528695152               
8102           0.0592759538595               
7476           0.0165453784866               
6203           0.0671670488665               
6353           0.049629939127                
8690           0.0266913892623               
5667           0.0467688641839               
9005           0.0560008535213               
5370           0.0183746580039               
2323           0.0747943733381               
4939           0.0613515833461               
5167           0.0474195809245               
12218          0.0218217848996               
2317           0.120301729905                
1951           0.0492382280746               
7376           0.0717830435352               
8151           0.0671670488665               
2222           0.0269103276181               
9310           0.0231580024416               
2173           0.0778699623185               
10095          0.0671670488665               
8313           0.0402186635074               
12177          0.0365932449555               
5230           0.0353679297258               
3635           0.0860580563001               
7237           0.0132836576114               
480            0.0278307837549               
10650          0.049629939127                
10692          0.0102509556027               
8654           0.0638919485282               
8215           0.0911387866644               
8218           0.068273475454                
7744           0.057521034134                
11945          0.0417388441201               
4359           0.025655726181                
8166           0.0279512551821               
5591           0.0269103276181               
2875           0.0671670488665               
8700           0.049629939127                
8483           0.0402186635074               
4146           0.0184795844944               
7503           0.0353679297258               
4479           0.0275935992669               
5429           0.0474195809245               
6167           0.0481097585144               
5684           0.0270213962419               
11414          0.0671670488665               
10793          0.0368549678299               
4041           0.0198799277517               
502            0.0318060524196               
9278           0.00771190236821              
5099           0.0638919485282               
7624           0.0208759237419               
8291           0.00779790668061              
2353           0.0333844128127               
3408           0.0638919485282               
10586          0.0476913977896               
960            0.0150474548578               
6394           0.0194701606112               
3348           0.0714662123117               
4159           0.057521034134                
1522           0.0222575495778               
4406           0.0306747520928               
12058          0.0224054015732               
579            0.0205552139809               
10075          0.0255571589538               
1353           0.0255571589538               
4174           0.62109118557                 
10585          0.0340528797734               
9424           0.0318060524196               
6150           0.0398683452938               
10132          0.0240861552799               
1529           0.0450139444583               
3795           0.0488444936704               
11067          0.049629939127                
11460          0.0321510619628               
11788          0.0222575495778               
6197           0.0183746580039               
7958           0.0980670293006               
90             0.0340528797734               
4453           0.0638919485282               
2549           0.0413393489676               
8660           0.0560008535213               
3868           0.019412808129                
8528           0.030371148937                
1554           0.0219674843673               
6105           0.0302223305613               
5149           0.0717830435352               
4924           0.04302902815                 
7452           0.0244364734935               
5031           0.0266913892623               
881            0.0368549678299               
11064          0.0369591689888               
1726           0.0777555383539               
623            0.0474195809245               
9772           0.0275935992669               
6169           0.0292317544444               
11141          0.0450139444583               
9412           0.0613515833461               
7805           0.0405801047738               
4469           0.0474195809245               
2677           0.0613515833461               
6720           0.057521034134                
8617           0.0534604883391               
4236           0.0717830435352               
3413           0.0488444936704               
3350           0.0371228494514               
80             0.049412945908                
4113           0.0316373909106               
9957           0.0513848588526               
9565           0.0398683452938               
12129          0.0139694923906               
11891          0.0195278034869               
1491           0.0534604883391               
797            0.0450139444583               
11438          0.0717830435352               
2258           0.0204294177437               
10213          0.03098667417                 
985            0.0504736171588               
408            0.0592759538595               
7961           0.245965532002                
1231           0.0467688641839               
11807          0.0371228494514               
9799           0.0638919485282               
10923          0.021408626467                
4852           0.018909237131                
5130           0.0413393489676               
11890          0.0152440822609               
10097          0.0351379331431               
9554           0.0240002345428               
2436           0.0266913892623               
2610           0.0332536433477               
9416           0.0271335591554               
1762           0.0376782983252               
2333           0.057521034134                
3427           0.0469434847439               
4388           0.0461533389509               
11650          0.0671670488665               
5524           0.038877769177                
2811           0.0323275685005               
10252          0.0425825221519               
7922           0.0275935992669               
3289           0.0587361934327               
11197          0.0293680967164               
402            0.04302902815                 
2738           0.0587361934327               
3024           0.0513848588526               
5366           0.0444843399625               
8136           0.0534427100144               
11967          0.012048593741                
7802           0.0198204788248               
6064           0.136708179997                
698            0.0421528695152               
10998          0.00908479134998              
1995           0.0671670488665               
3410           0.057521034134                
10214          0.0461533389509               
8010           0.0328741267502               
3091           0.0371228494514               
2963           0.0385658470997               
6290           0.0717830435352               
6487           0.0546599591909               
9419           0.0434937638457               
5296           0.0671670488665               
6913           0.0379282040516               
3528           0.0290970257284               
5271           0.0461533389509               
2362           0.0197613387249               
628            0.0252664765163               
10248          0.0227836570858               
6772           0.0396409576496               
5342           0.0948391618489               
6914           0.025655726181                
3098           0.0188002942553               
8941           0.0584635088889               
373            0.0349124912488               
8362           0.0398683452938               
697            0.0331798721056               
3320           0.127783897056                
10713          0.0534604883391               
2683           0.0695247407583               
3702           0.0201819200912               
1794           0.0195278034869               
4481           0.0474195809245               
4391           0.0385658470997               
10660          0.0474195809245               
9254           0.0504736171588               
1515           0.0349429066676               
6063           0.0168610070407               
