317
169            0.0287549832626               
9790           0.0198085690722               
7527           0.1134130424                  
6933           0.0128395369405               
1326           0.0198812556315               
9632           0.0306641860829               
4006           0.0149252895968               
640            0.0333882915642               
4524           0.0216456554297               
9546           0.0111971182611               
8089           0.0255523722176               
12066          0.0233930687055               
12177          0.0295550356347               
1445           0.0220986929634               
2659           0.0169134182396               
9200           0.0643499095705               
10975          0.0242908350884               
9825           0.0441468649102               
9595           0.0376940857176               
3781           0.0400843002918               
9087           0.0271748541982               
1643           0.029146310485                
1254           0.0343923574185               
4428           0.0313049479542               
478            0.0319210319235               
6108           0.0214705110509               
2880           0.0116329724561               
5950           0.0542483872404               
11631          0.0643499095705               
2739           0.0324037264001               
9539           0.0172909704754               
2312           0.0516032075816               
2081           0.0306641860829               
4814           0.0516032075816               
9602           0.0258268642991               
12181          0.0604087003481               
9633           0.028222117306                
615            0.0423017376236               
12170          0.0495514468379               
9792           0.0415016852515               
2923           0.0246514617752               
9520           0.0244094793394               
9534           0.0338268364792               
2317           0.0485816701768               
6058           0.0200283756001               
2714           0.0431780958435               
9310           0.026185429128                
481            0.0158186910131               
10285          0.00573281941333              
12109          0.0339328287251               
11042          0.0394499245078               
7237           0.0321861841885               
726            0.0172909704754               
7005           0.0311482347821               
8215           0.036804744849                
718            0.0478750362459               
9278           0.0186858708142               
3523           0.0289485651889               
6102           0.0206415895753               
10064          0.0478750362459               
3012           0.0322002152935               
2059           0.0130453993127               
11955          0.0394499245078               
5429           0.0382990742065               
443            0.0377735139158               
2415           0.036804744849                
137            0.0304313938546               
6043           0.031925723212                
2683           0.0187175364661               
2353           0.00898779279732              
2066           0.0495514468379               
2070           0.0238309991796               
3348           0.0577206654976               
8121           0.0161530842958               
11140          0.0586968043553               
1353           0.0206415895753               
614            0.0158186910131               
8620           0.0306641860829               
8293           0.014714873049                
6951           0.0309030255339               
7839           0.0382990742065               
8950           0.0273375983029               
11238          0.0174576481852               
4561           0.0687847148371               
10132          0.0194535133046               
10181          0.0245296745395               
2653           0.057976558576                
9163           0.0495514468379               
2356           0.0394499245078               
4972           0.0330765735133               
420            0.029146310485                
1503           0.0232659449122               
7958           0.105606906378                
5127           0.0200283756001               
279            0.0258268642991               
7919           0.00752588086503              
1726           0.0314001629213               
6621           0.0643499095705               
7805           0.032775077589                
8288           0.0265512388623               
4982           0.0246241837796               
308            0.0495514468379               
6167           0.0388565055927               
899            0.0242908350884               
103            0.0192468798475               
2696           0.0464576512862               
7014           0.0182170155269               
7421           0.0293484021777               
2258           0.11550069394                 
8381           0.029146310485                
8352           0.0440125642329               
4852           0.0152723044352               
7198           0.0151843152291               
2444           0.0202535656768               
1645           0.0377735139158               
2338           0.0297664197                  
10466          0.0250268119269               
7186           0.0207211987468               
9020           0.0423017376236               
3427           0.0252763657357               
11252          0.103206415163                
8327           0.0394499245078               
7802           0.0160082812737               
11155          0.0251554126508               
247            0.028565393002                
4316           0.0205626637527               
402            0.0347529841053               
6477           0.0340453425801               
2738           0.0948781826844               
9484           0.0388565055927               
2888           0.0236094269672               
11967          0.0291936354206               
6064           0.036804744849                
6457           0.036804744849                
10998          0.0146749124003               
627            0.0245296745395               
3319           0.0245296745395               
5271           0.0372763765284               
6904           0.0211299238966               
355            0.0289485651889               
2362           0.0159605159617               
628            0.0204068159222               
5192           0.0394499245078               
10235          0.0297664197                  
5342           0.0765981484129               
9772           0.0222863484945               
6886           0.0333882915642               
9440           0.0415016852515               
5524           0.0628003258427               
7951           0.0419284946169               
1794           0.0157718980272               
502            0.0513771879922               
3168           0.036804744849                
2357           0.0295550356347               
5093           0.0223816322681               
3624           0.0251554126508               
3517           0.0882937298205               
2472           0.0363561289561               
7454           0.0145633472225               
11621          0.0495514468379               
7756           0.094977565661                
3289           0.0237195456711               
4802           0.0175138856808               
5365           0.0347529841053               
5787           0.00857324753856              
5021           0.0267032225189               
11090          0.0311482347821               
5523           0.0783294108115               
2522           0.0207211987468               
11485          0.0680906851602               
4556           0.0377735139158               
7922           0.0222863484945               
326            0.0467861374111               
9044           0.0382990742065               
5996           0.0176846918657               
7453           0.0202534962797               
8136           0.0863274738718               
4924           0.0347529841053               
2648           0.0237195456711               
6383           0.0201778878679               
3367           0.0495514468379               
350            0.103206415163                
5290           0.0453471105178               
7154           0.0219456873644               
8803           0.0261098036038               
3338           0.035128334257                
8294           0.0202535656768               
6880           0.0340453425801               
8919           0.0203298715244               
2105           0.0304313938546               
5343           0.0643499095705               
4061           0.089948333885                
10849          0.0397625112631               
8938           0.0220986929634               
10526          0.026254606626                
2896           0.0452298565872               
8918           0.0258268642991               
10692          0.0082793247359               
8166           0.0677256425834               
9662           0.0452298565872               
3566           0.0280190064241               
7718           0.0306641860829               
4791           0.0516032075816               
10034          0.031925723212                
9069           0.015587071666                
8905           0.0591100712695               
755            0.0247748837877               
285            0.0400843002918               
5370           0.0296810885583               
9424           0.0513771879922               
4545           0.0363561289561               
7971           0.0343923574185               
2222           0.0652034843586               
10137          0.042093424904                
9683           0.0495514468379               
4115           0.0542483872404               
2686           0.0202535656768               
11573          0.0304313938546               
6052           0.0158657233503               
10480          0.0304313938546               
6042           0.0118741614157               
8778           0.0268577606419               
10300          0.057976558576                
3259           0.0486055896001               
8218           0.0551420078324               
2153           0.0511047444351               
6502           0.157799698031                
10330          0.0767160848925               
873            0.0162018632                  
8700           0.0801686005836               
8842           0.0180960295462               
8191           0.0226735552589               
9742           0.0431780958435               
6008           0.0281975518763               
2440           0.0276719915857               
6984           0.0423017376236               
8057           0.0148828193048               
11310          0.035128334257                
8291           0.0566827754936               
2175           0.0299827779617               
10586          0.0513581477621               
6930           0.0906130505222               
6105           0.170866355376                
10075          0.0206415895753               
4547           0.0240580428601               
4174           0.58083798508                 
11835          0.0328994330644               
441            0.0523729445555               
5334           0.0246514617752               
11862          0.0117829725506               
11067          0.0400843002918               
700            0.0340453425801               
10501          0.0347529841053               
10292          0.0202535656768               
3148           0.0388565055927               
1739           0.0319210319235               
10288          0.0216456554297               
90             0.0550065497821               
10248          0.0184015327933               
1002           0.057976558576                
10394          0.029146310485                
6022           0.0302043501741               
4029           0.0100763655378               
5664           0.0267032225189               
2282           0.0372763765284               
11064          0.0298505791935               
6073           0.0372763765284               
11992          0.0202535656768               
6163           0.0356007025518               
4743           0.028565393002                
9257           0.0273375983029               
8190           0.014111058653                
9565           0.0322002152935               
8874           0.0240580428601               
11724          0.0457469002575               
10185          0.0337109492973               
5226           0.0400843002918               
8347           0.0220986929634               
9309           0.0112786242955               
110            0.0408136318444               
7961           0.141898165554                
8925           0.0273375983029               
12218          0.0117497756959               
262            0.0212986405912               
5130           0.0333882915642               
1951           0.0265119529958               
2354           0.0464576512862               
11197          0.0237195456711               
6524           0.0846034752473               
5433           0.057976558576                
5277           0.0174017525609               
11807          0.0299827779617               
11781          0.0347529841053               
1393           0.0342545209588               
10028          0.0464576512862               
698            0.0340453425801               
2173           0.188678225776                
10214          0.0372763765284               
1824           0.0377735139158               
8941           0.236094269672                
57             0.0333882915642               
6913           0.0765830840958               
4472           0.0359283866292               
10813          0.0171272604794               
210            0.0306332336383               
7548           0.0478750362459               
11733          0.0330765735133               
3134           0.0372763765284               
8930           0.0208015032038               
4921           0.0226226817425               
10456          0.0382990742065               
11292          0.0436190453098               
3706           0.0211299238966               
1307           0.0304313938546               
6150           0.064400430587                
1515           0.014111058653                
4417           0.0258268642991               
