283
7527           0.0625055284138               
2730           0.0237758556749               
8414           0.0188979305329               
9015           0.0364318198809               
8749           0.0620642368632               
640            0.0322023581685               
4735           0.0436233174413               
5415           0.0184328242979               
2805           0.0199084118872               
85             0.0188299745861               
9546           0.0215988057972               
2158           0.0620642368632               
105            0.0443179804943               
1690           0.0263665821392               
12109          0.0327275536747               
10587          0.0359523405347               
2659           0.0652506524281               
279            0.0249095085601               
10865          0.0417536277708               
9590           0.0527331642784               
9825           0.0425787930215               
4952           0.0143951516788               
3746           0.0159628856365               
3664           0.0236583942535               
1254           0.0331707601667               
4428           0.0301930137554               
8911           0.00890854218109              
2976           0.0400275686611               
2876           0.0416444340888               
2880           0.011219775797                
2739           0.0312527642069               
2807           0.0523215149424               
6687           0.0380486853086               
9356           0.0620642368632               
9145           0.0554672447597               
9602           0.0249095085601               
9633           0.0136098417616               
10829          0.0416444340888               
3718           0.0399703867712               
2133           0.0207919500065               
9310           0.0108237160146               
4849           0.0265263739879               
8786           0.0277336223799               
7749           0.0338805955205               
611            0.0313293711601               
2475           0.034652230481                
12177          0.0285052573403               
9474           0.0300418669473               
7237           0.0206952993152               
8441           0.016783652067                
7709           0.0331707601667               
4297           0.02767644049                 
9402           0.0380486853086               
10525          0.0400275686611               
1803           0.0316109252099               
3012           0.0310564817008               
1808           0.124128473726                
2059           0.0125820340436               
10783          0.0374763443007               
5429           0.0369387125647               
467            0.0425787930215               
9278           0.0111565747181               
2353           0.0346742057463               
1722           0.017990900459                
4945           0.0260553850278               
2259           0.0615834788482               
1308           0.0416444340888               
3348           0.0445363678583               
6951           0.0298053673941               
9424           0.0247761495408               
6150           0.0931694451023               
2561           0.0172810651052               
8539           0.0506441154389               
932            0.0461745418017               
2084           0.020140779967                
11460          0.0250449036735               
11788          0.0173380955761               
10146          0.0285052573403               
6436           0.0328360711007               
7958           0.0763918562077               
10092          0.0268548636774               
8944           0.0380486853086               
5169           0.0364318198809               
7805           0.0316109252099               
5830           0.0518431953156               
4906           0.0181776064639               
3321           0.0157690373136               
8288           0.0256081537451               
2874           0.0966070745054               
12127          0.0219640767381               
6242           0.0141922090088               
8966           0.0262096186139               
9627           0.0448368685991               
122            0.124128473726                
8859           0.0213271861652               
7014           0.386539061691                
230            0.0171680927791               
2939           0.0620642368632               
2258           0.0159140248646               
10213          0.0482757471993               
11812          0.0521107700557               
4358           0.0245153010985               
203            0.0228770407083               
2444           0.03906834076                 
9014           0.0374763443007               
2145           0.0338805955205               
10866          0.0148155245772               
3427           0.024378563397                
834            0.0477914072295               
697            0.0258463220203               
938            0.0518431953156               
3289           0.0228770407083               
3290           0.0240155515546               
10667          0.0620642368632               
3024           0.0400275686611               
5383           0.0196077658867               
5331           0.0482757471993               
11946          0.0436233174413               
8136           0.111014893871                
11967          0.00938556461974              
6064           0.0354974609482               
6457           0.0354974609482               
1954           0.0313293711601               
5271           0.0359523405347               
4654           0.016783652067                
2362           0.0153936073837               
849            0.0620642368632               
4531           0.0512163074902               
8721           0.0180527000657               
5192           0.0380486853086               
7496           0.0497702905819               
5342           0.0369387125647               
9772           0.0214947498918               
3107           0.124128473726                
5524           0.0908545402208               
2413           0.0374763443007               
5286           0.0497702905819               
7437           0.0393177333073               
7951           0.0404392179972               
1794           0.0456350671576               
4481           0.0369387125647               
6395           0.0122535443541               
6063           0.0131343187874               
5235           0.0448075015611               
11753          0.0497702905819               
500            0.0335185775957               
7428           0.0512163074902               
5216           0.0289178064996               
7765           0.0338805955205               
5021           0.0257547390274               
5523           0.0503647960389               
10343          0.0523215149424               
2522           0.0199851933856               
4529           0.0154396760986               
660            0.0113062955824               
326            0.0225621600215               
7453           0.00976705172393              
5800           0.0620642368632               
3713           0.0338805955205               
2385           0.0313293711601               
3421           0.0497702905819               
4408           0.0148155245772               
8997           0.0409424962529               
2738           0.0228770407083               
2548           0.00738803098138              
7154           0.0317492832811               
5827           0.0132058369788               
8294           0.01953417038                 
1075           0.0281110498787               
6930           0.145657542957                
10528          0.0295750113864               
1818           0.0291315085913               
10849          0.0767003383152               
6145           0.0203313799328               
10526          0.0506441154389               
5218           0.0359523405347               
11376          0.077321056841                
11570          0.0477914072295               
88             0.0313293711601               
10692          0.0159704955269               
9662           0.0436233174413               
10040          0.0800551373222               
6422           0.0223582841997               
6599           0.0426275195599               
3337           0.0477897876134               
9069           0.01503342762                 
1565           0.0260553850278               
5348           0.0815176033889               
90             0.0265263739879               
4690           0.0224596362476               
4682           0.0620642368632               
9008           0.0477914072295               
1223           0.0279203283847               
5370           0.0143134164674               
4533           0.0436233174413               
2355           0.0436233174413               
3596           0.0279203283847               
12218          0.0283310756281               
10605          0.027023787026                
2222           0.0209624977178               
11226          0.0331707601667               
2056           0.0693044609619               
6040           0.0481842668729               
6549           0.0523215149424               
6052           0.0153021817527               
10480          0.0293504878076               
6042           0.02290479572                 
9243           0.0258463220203               
8218           0.0319100367792               
6441           0.0656721422014               
873            0.0156263821035               
960            0.0234432105466               
160            0.0416444340888               
10121          0.0448075015611               
41             0.027023787026                
9383           0.0620642368632               
10246          0.027550766259                
1332           0.0263665821392               
1097           0.124128473726                
8291           0.0182231450299               
2078           0.0222580773972               
10924          0.013954653528                
2957           0.0559172637226               
6105           0.0235424683195               
1140           0.0407992036216               
7393           0.0179295285347               
624            0.0277336223799               
4174           0.560206945523                
11835          0.0158654318243               
441            0.0505126869301               
5334           0.0237758556749               
11862          0.0227288959445               
532            0.0157212301484               
11466          0.0596107347882               
10586          0.0123834837875               
700            0.0656721422014               
3765           0.0338805955205               
10393          0.0210490175033               
10288          0.0208768138854               
6421           0.0439349305977               
1247           0.111834527445                
5664           0.0257547390274               
11064          0.0143951516788               
4555           0.0497702905819               
4222           0.0480311031091               
8617           0.0416444340888               
9625           0.0156263821035               
5792           0.0199851933856               
9096           0.0291315085913               
11591          0.0112485220383               
8828           0.0559172637226               
10186          0.034652230481                
9309           0.0108780138843               
2217           0.0416444340888               
2408           0.0273716044551               
408            0.0461745418017               
7961           0.0821148133653               
12007          0.0342580230194               
5130           0.0322023581685               
7440           0.0236583942535               
9551           0.0219640767381               
11197          0.0228770407083               
10426          0.0364318198809               
11807          0.0289178064996               
6711           0.0305346719274               
4029           0.0194369173673               
1205           0.0331707601667               
2774           0.0448075015611               
940            0.0175699573496               
2173           0.0808784359944               
3812           0.0230933491799               
9338           0.111834527445                
4964           0.0620642368632               
8941           0.159395833513                
6913           0.0147725791777               
210            0.0147725791777               
6236           0.0250449036735               
1909           0.0156736793231               
9237           0.0152116890525               
3077           0.021868203289                
2750           0.021679510901                
10998          0.00707683387                 
1515           0.0136098417616               
