277
169            0.0667268310643               
7527           0.112790779129                
1664           0.0275209709299               
3086           0.0335880219661               
8414           0.0227341203551               
9632           0.0355785977302               
4006           0.0173172988559               
640            0.0387392833859               
3872           0.029186957874                
4524           0.0251147075959               
1650           0.0746629811206               
2659           0.0392481119286               
279            0.029966020068                
10975          0.0281838183412               
7439           0.0243240932496               
4428           0.0242147010896               
478            0.0370368726197               
11659          0.0412122384033               
2976           0.0481529743101               
2876           0.0500980557129               
6108           0.0249114936126               
11630          0.0361402227447               
1352           0.0288905940513               
9539           0.0200621168044               
4814           0.0598734223427               
9602           0.029966020068                
12181          0.0350450659816               
7163           0.0331434404903               
9835           0.0224907239833               
10070          0.114985670204                
9534           0.0196240559643               
8296           0.0287454433557               
6027           0.0290377468885               
6914           0.0240420923846               
2317           0.0563676366825               
1951           0.0153804524296               
557            0.0224907239833               
2714           0.0500980557129               
9310           0.0434029292497               
481            0.0183538817124               
613            0.0383776076803               
7804           0.0309828282914               
1798           0.0294917903707               
3778           0.0331434404903               
10285          0.0133031853652               
12109          0.0196855455383               
11042          0.0457723870693               
7237           0.0186722598248               
8441           0.0403813068765               
11041          0.0146636477838               
5182           0.0512220850554               
77             0.0215691373672               
6058           0.0232382335778               
1830           0.0472990457628               
7785           0.0309828282914               
538            0.0340519390367               
6102           0.023949724608                
2059           0.0151361269829               
11955          0.0457723870693               
5429           0.044437095149                
8694           0.0255331303052               
4041           0.0186295666017               
502            0.0596111796068               
9278           0.00929167352906              
2353           0.01042822606                 
3348           0.0535770382533               
488            0.0438273056664               
11140          0.10215581711                 
5320           0.0265392754477               
1353           0.023949724608                
8293           0.0341463195824               
6951           0.0358557149094               
6192           0.0203864096012               
8950           0.0317188726386               
11238          0.101277536018                
2653           0.0672682017316               
11236          0.150294167139                
9163           0.0574928351019               
5164           0.0355785977302               
6197           0.0172189717861               
1503           0.0134973368053               
5361           0.0583739157479               
7919           0.0174640401111               
7805           0.0380277923557               
4911           0.0222527569821               
8288           0.0308064868955               
3463           0.0512220850554               
80             0.0231525430644               
6383           0.0234117075065               
4982           0.0142852956664               
11040          0.120968067249                
308            0.0574928351019               
103            0.0223314910041               
8859           0.0128282516509               
2258           0.0382889921174               
8381           0.0338174590143               
8352           0.0510662606105               
2269           0.0395016370228               
69             0.0697147007333               
4852           0.017719928207                
11890          0.0142852956664               
10375          0.0403226890832               
5524           0.14573010511                 
6610           0.0296475363711               
11155          0.0583739157479               
3289           0.0275209709299               
402            0.0403226890832               
8832           0.0308064868955               
10669          0.0387392833859               
2028           0.0271421709645               
11967          0.0112907895018               
6064           0.042703276324                
6457           0.042703276324                
627            0.0284609355205               
4668           0.0412122384033               
8594           0.0265392754477               
2175           0.0347879833839               
11118          0.0416864681006               
6019           0.0224907239833               
5192           0.0457723870693               
5342           0.044437095149                
6886           0.0387392833859               
373            0.0327166471164               
7139           0.0472990457628               
7802           0.0185738567542               
3168           0.042703276324                
10728          0.0207208699564               
2005           0.0672682017316               
355            0.0335880219661               
3517           0.0512220850554               
7756           0.146932259147                
5365           0.120968067249                
5523           0.151471523934                
10538          0.0259686361432               
326            0.0271421709645               
9044           0.044437095149                
7453           0.0234994333395               
10624          0.0364325262775               
11164          0.03704231576                 
4924           0.0403226890832               
1876           0.0288905940513               
10528          0.0355785977302               
2548           0.00888776605594              
6009           0.0391136520276               
5827           0.0158865589406               
6930           0.175225329908                
832            0.0294917903707               
4061           0.0695759667678               
10849          0.0461350707026               
6145           0.0244585531507               
10526          0.0304623147403               
2896           0.104957285907                
8918           0.029966020068                
10692          0.00960621499818              
7285           0.0182455720354               
8166           0.0261932425771               
8136           0.0333875970451               
698            0.0395016370228               
4791           0.0598734223427               
9069           0.0180851417708               
2632           0.0257486611014               
2739           0.0187984631882               
1223           0.0671760439321               
3834           0.055547753699                
2181           0.0296475363711               
12218          0.0204492893652               
4921           0.0131241587681               
7971           0.0399042663738               
2222           0.0504355696758               
10137          0.0244197747121               
7233           0.0308064868955               
2160           0.0238581496976               
6045           0.0457723870693               
7244           0.03704231576                 
3997           0.0450838635648               
10493          0.0539032108055               
4083           0.0746629811206               
10480          0.035308496935                
6042           0.0275543600767               
8778           0.0311621335466               
9243           0.0155465010977               
5648           0.0472990457628               
6772           0.0185738567542               
2153           0.0296475363711               
6502           0.0457723870693               
10330          0.0445055139642               
873            0.0187984631882               
614            0.0183538817124               
41             0.0650189739698               
9888           0.0335880219661               
6167           0.0450838635648               
10610          0.0308064868955               
11262          0.0191444960587               
11202          0.0457723870693               
8291           0.0730745220379               
8978           0.044437095149                
3731           0.0395016370228               
10924          0.0167873816801               
6913           0.0710853693522               
703            0.0438273056664               
10075          0.0478994492159               
4174           0.459495194501                
6235           0.0327451495373               
11835          0.13360227204                 
441            0.0202555072037               
7518           0.0294819109043               
11855          0.149325962241                
5334           0.0286022410506               
11862          0.0410141302277               
1643           0.0338174590143               
10586          0.0148972719711               
8524           0.0174165406093               
700            0.0395016370228               
10501          0.0806453781663               
5205           0.014064562036                
10288          0.0251147075959               
10998          0.0340535896571               
1080           0.042703276324                
7958           0.153165064834                
6022           0.0700901319631               
5664           0.0619656565827               
4976           0.0294917903707               
6799           0.0367330647868               
6073           0.0432504942984               
11992          0.0234995138586               
320            0.0412122384033               
3098           0.0176178373652               
6163           0.0619594013475               
2141           0.0380277923557               
9625           0.0187984631882               
10524          0.042703276324                
4113           0.0296475363711               
285            0.0465084314165               
4879           0.0574928351019               
8874           0.027913717546                
3642           0.0377107230359               
9309           0.0130861988534               
1878           0.0500980557129               
7961           0.131711638777                
1726           0.0364325262775               
319            0.058075493777                
8924           0.0598734223427               
5130           0.0774785667717               
4742           0.0287454433557               
9551           0.0264226796254               
10527          0.0500980557129               
5433           0.0672682017316               
7951           0.0243240932496               
11807          0.0347879833839               
6711           0.0367330647868               
3391           0.0244197747121               
1393           0.0198721697413               
8287           0.0364325262775               
9424           0.0894167694102               
10028          0.0539032108055               
4103           0.0361402227447               
8215           0.042703276324                
2173           0.145944559498                
10214          0.0432504942984               
5818           0.0321068576338               
8941           0.301325243944                
8064           0.0157151751497               
6105           0.0283214771745               
10248          0.0640519919004               
210            0.0177713423381               
7548           0.055547753699                
11733          0.0383776076803               
11724          0.0530785508954               
5999           0.0185184363099               
11573          0.035308496935                
9237           0.036599178849                
2750           0.0260803482797               
2661           0.0256403514244               
11292          0.0202438696694               
1307           0.035308496935                
7134           0.0746629811206               
4222           0.0288905940513               
