187
9782           0.0294881959105               
2207           0.0407249603069               
11969          0.104323745015                
3365           0.0561237830444               
4387           0.0343783184787               
5523           0.252338361879                
640            0.121005508033                
7987           0.1310709703                  
50             0.0719194378104               
7958           0.255159653468                
417            0.233216290342                
6981           0.0315422952349               
8134           0.0272722875253               
3859           0.0273910897551               
10624          0.0379333841157               
279            0.0624009732953               
1876           0.120323031473                
8198           0.0777387634473               
10528          0.0370442775151               
9595           0.022768420597                
8255           0.0561237830444               
12216          0.0415481444434               
5827           0.215033187481                
4428           0.0126061194698               
8911           0.011158423728                
478            0.0385626268359               
10411          0.106664413706                
4061           0.0362210933786               
11177          0.0247464633061               
3073           0.035704353576                
6145           0.0127330683098               
8132           0.0484243716756               
9757           0.0359597189052               
11230          0.0159712535035               
9278           0.00752457152222              
6358           0.0492475558121               
10692          0.0400077931076               
6599           0.0800898591579               
9069           0.037660338147                
8350           0.0395943680522               
7828           0.0228474807357               
6003           0.0456327954844               
11731          0.03676304977                 
12218          0.0070972363402               
4677           0.0224576897732               
5715           0.155477526895                
3580           0.028390226007                
12111          0.0364887666344               
10295          0.0456327954844               
9310           0.00451909366492              
4849           0.0332256967423               
8918           0.0312004866476               
2640           0.062740152482                
10285          0.00692560867969              
9638           0.0388998980164               
7237           0.00648049125892              
2561           0.0216454547776               
11041          0.0152677247711               
3679           0.100273324826                
77             0.0224576897732               
5407           0.0151878114581               
1830           0.0492475558121               
4423           0.0233340360018               
4297           0.0173331081558               
9891           0.143946776328                
1088           0.0598612838762               
6680           0.028925650259                
8694           0.0265849815675               
6102           0.0249363466069               
8941           0.142608410049                
10127          0.0912655909689               
2059           0.0315193360182               
8165           0.0347378396753               
6904           0.0255262853735               
11272          0.0315422952349               
367            0.0125746076682               
8291           0.0380424334621               
104            0.0271547424856               
2175           0.0362210933786               
1722           0.0225345613783               
8357           0.0382463034732               
11171          0.0546405293411               
10543          0.0272722875253               
3555           0.0385682942094               
8121           0.0195139481532               
3801           0.0494929266123               
7251           0.0326357579756               
2952           0.0492475558121               
2222           0.0262566452713               
4174           0.446529393568                
6951           0.037332810688                
10535          0.0925354111562               
9424           0.0310334473706               
11086          0.0297805260079               
3543           0.0340644272811               
10132          0.0235010752789               
1643           0.035210587727                
8524           0.0181340245216               
11029          0.041413618654                
3857           0.0294881959105               
3304           0.0938822359448               
7827           0.0533322068532               
881            0.107879156716                
12020          0.0416445412822               
2219           0.0521618725074               
6182           0.0407249603069               
10092          0.168185737901                
4753           0.0185572339026               
6067           0.0501366624128               
10288          0.0522986434119               
8839           0.0364887666344               
7919           0.00909174039567              
8838           0.026149321706                
1631           0.0469411179724               
3098           0.0733744552296               
7947           0.0521618725074               
6242           0.0533294938289               
11806          0.0292033622888               
4986           0.0146439593584               
8872           0.0469411179724               
2467           0.0655354851502               
5778           0.0484243716756               
5426           0.0392417066037               
8347           0.0266966197193               
1909           0.0392642368885               
1574           0.0303893305606               
8010           0.0320755769655               
10213          0.030233972747                
9309           0.0136252919696               
11664          0.0230880945321               
2408           0.0342843929363               
10858          0.0407249603069               
7961           0.137137571745                
8956           0.0203688239021               
68             0.0700393520786               
3586           0.0521618725074               
69             0.0241955453147               
321            0.0777387634473               
12007          0.0429099990957               
7619           0.0439205047473               
9551           0.0550223527164               
7436           0.0310334473706               
7532           0.0370442775151               
2920           0.0614134415972               
10923          0.0208885866745               
2811           0.0315422952349               
7550           0.140823353917                
3289           0.0286547123735               
9571           0.155477526895                
6931           0.155477526895                
2966           0.0521618725074               
1750           0.0434037649447               
8136           0.0173815086794               
7802           0.0193390169379               
5350           0.0345088026414               
2173           0.0506522751389               
9675           0.0655354851502               
2683           0.0226119686783               
5235           0.112247566089                
5271           0.0450322220568               
4654           0.0630672553356               
8059           0.0235855464282               
11784          0.0546405293411               
10893          0.049681998436                
2206           0.0235855464282               
2353           0.065146935203                
366            0.0238428838662               
717            0.0484243716756               
6421           0.0183436138074               
3901           0.0655354851502               
3650           0.0546405293411               
11733          0.0399585942104               
6236           0.031370076241                
4173           0.0601615157364               
6265           0.0235010752789               
3080           0.0392417066037               
9237           0.0190534510155               
3356           0.0439205047473               
5456           0.0212950186927               
1794           0.0190534510155               
3706           0.0765788561206               
1307           0.03676304977                 
6150           0.0777997960327               
11618          0.0511031763134               
7547           0.0235010752789               
1515           0.0170470519374               
6063           0.0164514340764               
