243
11807          0.0378609892926               
8661           0.0651623572776               
5192           0.149447109734                
7527           0.0613770915345               
2230           0.0625714802199               
7756           0.159911559946                
10081          0.0285070297352               
11437          0.0812583557249               
9632           0.0387214427707               
11648          0.0685025787496               
5523           0.0989110811487               
4911           0.0242184602808               
4524           0.0273332220751               
6639           0.0194539058459               
10486          0.0406610757684               
95             0.0625714802199               
3928           0.0685025787496               
105            0.0290119270455               
7955           0.0429910247989               
6192           0.0221872485999               
6115           0.0859820495978               
5996           0.0223314841015               
7453           0.0383628931964               
5027           0.0545234809962               
2659           0.042715104497                
279            0.0326130765448               
340            0.0571143580539               
9595           0.0237992519835               
3746           0.020899601848                
3086           0.0365550289588               
10524          0.092950963545                
6009           0.0851375340886               
5827           0.0345798048314               
4428           0.0131768566255               
8911           0.0116636170221               
478            0.0201542673833               
6930           0.076281562702                
11016          0.0732103565012               
832            0.032096955639                
2976           0.0524065803022               
10526          0.0663064230819               
2876           0.0545234809962               
2880           0.0293792553955               
11630          0.0393326790826               
11040          0.0877692094296               
1710           0.0490663588302               
88             0.0410183596066               
8293           0.0185813219729               
10692          0.0209095651895               
7285           0.0198572995694               
6284           0.0967249159035               
8136           0.0545053491724               
4729           0.0812583557249               
6278           0.0358366054911               
9633           0.0178188505832               
7476           0.0168743619356               
10653          0.0387214427707               
11261          0.0490663588302               
8905           0.0373208542965               
3268           0.0429910247989               
755            0.0312846798589               
5140           0.0459089885163               
9520           0.0308232625105               
10070          0.0625714802199               
11431          0.099631406489                
2181           0.0322664595044               
12218          0.0296742438198               
2317           0.0920203306412               
4545           0.0459089885163               
10527          0.0545234809962               
2222           0.0823362140193               
557            0.0244774481612               
9310           0.00944738774568              
7233           0.0335277862364               
1314           0.0331532115409               
2640           0.0983710327231               
6052           0.0200345672657               
2151           0.0356066809764               
3730           0.0322664595044               
10480          0.0384274825488               
6042           0.0149941909584               
8753           0.0299520433306               
8778           0.0339148490305               
5182           0.0557468017742               
3364           0.0410183596066               
6058           0.0252909892177               
8218           0.0139262010397               
2929           0.0399778899866               
6772           0.0202145834076               
2657           0.0274454046731               
11927          0.0262672621955               
10330          0.0242184602808               
8941           0.119251960276                
1403           0.0438846047148               
41             0.0353812212988               
11955          0.0498157032445               
7589           0.0351600563534               
2764           0.0464754817725               
6167           0.0490663588302               
1725           0.041386987665                
2175           0.0757219785852               
8795           0.0263695607301               
10466          0.0316028041032               
5112           0.0545234809962               
9278           0.00674163734667              
8291           0.0795295796801               
2078           0.0291416580998               
3408           0.0651623572776               
3731           0.0429910247989               
7944           0.0459089885163               
3348           0.0145774450997               
6105           0.061646525021                
12058          0.0228509040011               
3404           0.0378609892926               
11659          0.0448527326144               
5320           0.0288836295128               
10075          0.0260653300002               
1353           0.0781959900006               
4174           0.566762803503                
6951           0.195115195854                
6235           0.0178188505832               
11835          0.0830880370444               
9424           0.0648769492588               
11238          0.0220447829037               
11086          0.0311288277394               
2632           0.0280231760347               
11862          0.0148790414999               
2084           0.0527391214602               
10586          0.0162132265145               
9787           0.0421613284475               
10501          0.0438846047148               
6491           0.0296755824467               
7961           0.0716732109822               
660            0.0148029047774               
69             0.0252909892177               
5205           0.0153069589224               
7958           0.166694942207                
90             0.0694599544775               
10624          0.0396508033269               
12020          0.0217649908453               
11891          0.0398321771984               
3293           0.0545234809962               
490            0.0322664595044               
4753           0.0193974054494               
3957           0.0360711752584               
4924           0.0438846047148               
6022           0.190703906755                
2995           0.0820367192132               
11064          0.0188470271279               
2246           0.0181178578856               
6073           0.0470710383945               
3919           0.0378609892926               
7438           0.0685025787496               
320            0.0448527326144               
5830           0.0226254443234               
6886           0.0421613284475               
6163           0.0224775339337               
4852           0.0192852228514               
80             0.0251977292097               
6914           0.0523317142186               
4982           0.0155471911177               
4820           0.0399778899866               
1550           0.0470710383945               
11041          0.0159589650715               
3868           0.0197988067073               
2028           0.029539781968                
3523           0.0365550289588               
6452           0.0625714802199               
2590           0.0498157032445               
3642           0.0410419099413               
2258           0.0208356302891               
9309           0.0213632576457               
11890          0.0155471911177               
2235           0.0651623572776               
8352           0.0277886062675               
53             0.0812583557249               
3985           0.0571143580539               
1913           0.0345207678206               
3079           0.0375877811917               
800            0.0534168527438               
319            0.0316028041032               
8924           0.0651623572776               
2444           0.0255753497627               
5130           0.0421613284475               
4742           0.0312846798589               
2174           0.0387214427707               
7619           0.0459089885163               
2436           0.0272221130112               
1213           0.0351600563534               
8970           0.0233946532567               
2361           0.0333389884414               
700            0.0429910247989               
5524           0.0396508033269               
938            0.0226254443234               
7452           0.0249223611592               
7922           0.0281422622947               
2750           0.0283841628895               
11781          0.0438846047148               
3419           0.0410183596066               
11878          0.032096955639                
402            0.0438846047148               
6084           0.0557468017742               
2109           0.038140781351                
6532           0.038140781351                
3350           0.0378609892926               
475            0.0476988025506               
2683           0.023635716765                
8158           0.0429910247989               
6064           0.0464754817725               
4976           0.032096955639                
8215           0.0464754817725               
2173           0.185309380179                
10214          0.0470710383945               
5818           0.0349430255752               
7887           0.0685025787496               
5271           0.0470710383945               
6904           0.0266819780151               
8064           0.0171033793913               
6913           0.0193411786637               
2353           0.045397624903                
11118          0.0453688535201               
7999           0.0685025787496               
7877           0.0281422622947               
10248          0.0464733612705               
210            0.0193411786637               
11755          0.0403144587281               
5342           0.0483624579518               
3098           0.0191741137876               
11724          0.0288836295128               
2166           0.0453688535201               
11573          0.0384274825488               
6264           0.0230808285158               
9237           0.0199160885992               
3702           0.020583211466                
1644           0.0245650773211               
7139           0.0514772197461               
1979           0.0399778899866               
2661           0.0837158963793               
11967          0.0245763288843               
330            0.0244774481612               
10998          0.0277962920232               
11155          0.0317651956814               
4222           0.0314426524804               
