176
7527           0.113957431613                
2264           0.0704842377208               
8414           0.0689078128279               
8571           0.0440071486444               
4207           0.0985372475069               
4786           0.0571183823581               
3348           0.0405984096389               
11859          0.0704842377208               
10183          0.0288370732519               
12255          0.0433471328994               
578            0.0373025156124               
10882          0.0370085413219               
7218           0.151848736269                
10815          0.113152887551                
956            0.154783394871                
3694           0.0759243681344               
4511           0.0664209507216               
11105          0.0364361579895               
6468           0.141680067155                
2738           0.0417084515269               
10077          0.0953903696556               
917            0.0425070405373               
10385          0.0295557755969               
2548           0.0134695451215               
7154           0.0192946494498               
1533           0.0328002476059               
8911           0.0324833534611               
12138          0.0728216971381               
11177          0.036019788013                
9004           0.0561381949517               
7622           0.0639286208639               
8938           0.0388583439604               
12296          0.113152887551                
10786          0.0880142972889               
2881           0.034704580281                
7193           0.0581618502389               
5631           0.0547710592173               
9608           0.0440071486444               
8166           0.0396962589417               
6179           0.0673450959903               
9602           0.0454139608172               
11821          0.117067466787                
9633           0.0248128869744               
2460           0.151014995285                
8943           0.0571183823581               
10425          0.147320855781                
12256          0.0345787575405               
8970           0.0325772352349               
12218          0.010330403391                
3718           0.0364361579895               
1951           0.0233093104257               
10605          0.0492686237535               
812            0.0440071486444               
3580           0.0413234776122               
3576           0.0459114813196               
481            0.0278155878906               
9310           0.00657778017843              
3796           0.100465072301                
8933           0.084183468617                
2686           0.0356138719515               
8672           0.0655467842888               
10285          0.0302417707231               
12109          0.0596674894906               
480            0.0395251659107               
6042           0.0208795266443               
10692          0.0436750963797               
4724           0.0631764787127               
9243           0.0235609597168               
8218           0.0387846848783               
9278           0.00782315170126              
9130           0.0433471328994               
6942           0.0655467842888               
6102           0.0362961732142               
9870           0.084183468617                
10246          0.0502293899677               
27             0.0953903696556               
2336           0.0486584328261               
1725           0.0576316997748               
6775           0.305675327374                
7184           0.0454139608172               
3349           0.0846073300373               
137            0.0535105660572               
7624           0.0296479020032               
8291           0.022149110713                
2353           0.0158041357714               
1123           0.0417084515269               
9864           0.0512508753291               
7524           0.0433471328994               
8121           0.0284035850731               
12058          0.0318200601994               
5227           0.0391883174654               
9955           0.13983680772                 
5320           0.0402206770389               
11878          0.0446952584722               
454            0.0413234776122               
11835          0.0289251832277               
6261           0.0425070405373               
9980           0.0611096507948               
11029          0.0200932384602               
3857           0.0429216309596               
10292          0.142455487806                
1503           0.0409108399061               
8980           0.0587099752913               
10394          0.0512508753291               
423            0.0598653338647               
5127           0.0352178976977               
11891          0.0277333070995               
1509           0.0543398832502               
8853           0.0795321844353               
1554           0.0311981319645               
7793           0.142509222758                
9079           0.0561381949517               
7452           0.034704580281                
7919           0.0529340387222               
10944          0.0945183175741               
11064          0.183712415243                
2730           0.0433471328994               
3599           0.0547710592173               
11220          0.055214049683                
9764           0.0639286208639               
12035          0.0437841362735               
749            0.0617696665399               
5610           0.0361573900397               
4982           0.0216495836346               
2758           0.0716824258306               
10055          0.0693687512775               
1566           0.0388583439604               
7828           0.0332557183041               
8133           0.0704842377208               
899            0.0427130068966               
6809           0.0365773653548               
4275           0.0379070024858               
9954           0.0953903696556               
12086          0.0683252833967               
2258           0.0290137760004               
1886           0.0345787575405               
9309           0.00991616705565              
8212           0.0611096507948               
9949           0.0581618502389               
8602           0.0349592019299               
1931           0.0907390854739               
69             0.0352178976977               
4772           0.0417084515269               
11837          0.0516062333821               
11890          0.0216495836346               
4189           0.0871312691729               
9554           0.0340850354972               
3142           0.0365773653548               
7039           0.0776278517601               
11262          0.0580275520008               
8131           0.132734238914                
2075           0.0396962589417               
938            0.063012211716                
9019           0.0581618502389               
557            0.0340850354972               
3195           0.101945986512                
10148          0.0464247987363               
10717          0.0328002476059               
159            0.0415148187868               
1012           0.113152887551                
5031           0.113721007458                
10813          0.0602331531472               
8233           0.0592773366822               
8675           0.0303079177482               
5867           0.26752556494                 
1393           0.150582882868                
2745           0.203813383178                
10248          0.0323572571402               
210            0.0269327405768               
1678           0.0653767138265               
4267           0.0403993323435               
6329           0.023371856502                
3156           0.101945986512                
7252           0.113152887551                
6532           0.106222664852                
1760           0.159064368871                
