135
3384           0.0395880464014               
1186           0.0512368402825               
7765           0.067888806683                
5787           0.0497058192853               
2021           0.023609491306                
11073          0.0583727447749               
4574           0.0436287226449               
5996           0.0341773287208               
7453           0.0195708923106               
1448           0.0444014451951               
1876           0.0962431215761               
7439           0.0405153777678               
10972          0.028599419725                
3258           0.0319858975448               
2287           0.0834457273211               
12107          0.0513127639111               
4887           0.0395880464014               
6798           0.0329958180808               
2852           0.0336305219288               
8911           0.0178506395377               
1102           0.0409978459179               
6603           0.0491229422472               
8938           0.0427078005908               
10139          0.0531526629918               
6108           0.0414937800196               
2880           0.0224818123296               
8867           0.0657958235072               
9406           0.399613006756                
7285           0.0303907009408               
9972           0.059030326677                
11104          0.0702616353051               
11041          0.024424475902                
11965          0.129532019954                
1113           0.057944535655                
9069           0.0301234805881               
7209           0.0534787238571               
9105           0.359135105473                
9534           0.032686769968                
10425          0.0323830049884               
12218          0.0113537727829               
4677           0.0359265909561               
8173           0.0328922036847               
9310           0.0144588006363               
2160           0.0397392798128               
8321           0.087410947746                
10183          0.03169378436                 
2146           0.0370652606144               
11150          0.048121560788                
6066           0.0592614208758               
6648           0.0287624467271               
960            0.0234873614879               
1204           0.104840105633                
4146           0.028844524557                
4763           0.0534787238571               
8939           0.0834457273211               
6759           0.0241065815819               
8804           0.0348565127387               
9946           0.131591647014                
8530           0.0774666767181               
10610          0.0513127639111               
4041           0.03103030073                 
9278           0.0103177717462               
7951           0.0405153777678               
7624           0.0325849369181               
119            0.0332048771814               
11390          0.124362246696                
2763           0.032084345545                
1842           0.0740165595646               
1602           0.0317906228481               
7251           0.052208911031                
579            0.032084345545                
222            0.152481371816                
9313           0.0265335040618               
8245           0.0925230059831               
2781           0.0563279836601               
10236          0.0702616353051               
9143           0.3145203169                  
2789           0.051606486608                
532            0.0630033526842               
10146          0.0571178834167               
10279          0.0341773287208               
660            0.045310355577                
6962           0.0366775401005               
10718          0.0381425491457               
11598          0.0278837598437               
2848           0.0802059063331               
1554           0.0342887386067               
5774           0.087410947746                
4029           0.038947046396                
8838           0.0418322629886               
12132          0.0728473624639               
5513           0.0853179645702               
7800           0.0486151986025               
2089           0.0474059009067               
4854           0.0583727447749               
4986           0.0234266099122               
5292           0.20573243164                 
12129          0.0436095699481               
236            0.0325849369181               
6554           0.0471736123888               
7183           0.0319858975448               
12223          0.0269722873079               
9309           0.0217970012139               
5232           0.0467179510487               
4772           0.0458402507472               
1332           0.211329909672                
3661           0.169666711612                
509            0.19446079441                 
9416           0.0423523923719               
7436           0.0992912433023               
1566           0.128123401773                
1644           0.0375957423537               
8545           0.11343708969                 
8131           0.0583533607391               
7953           0.051606486608                
367            0.0804646943993               
6873           0.0664664622887               
2109           0.0583727447749               
5366           0.0694349830668               
11292          0.0674383228779               
8136           0.027805992461                
11967          0.0188064811817               
7472           0.124362246696                
8308           0.0633409170552               
289            0.153071452215                
2925           0.0421773188515               
1315           0.067888806683                
11445          0.0762406859082               
11968          0.0501841422138               
12041          0.0377308747052               
4969           0.0896015675333               
5456           0.0340666129821               
5277           0.0336305219288               
11217          0.0499128420038               
2549           0.0645260106811               
