245
4809           0.0447447449759               
7527           0.0419722977754               
5923           0.0377529919746               
7756           0.369071132624                
6301           0.11717177127                 
5365           0.0450152732264               
8571           0.0324170371517               
5523           0.0676396558956               
3872           0.0325836126811               
5415           0.0247551859782               
6428           0.114366189677                
2199           0.0571830948387               
5364           0.0702675190803               
6192           0.0227588937933               
1010           0.0264327918326               
7453           0.026234198078                
279            0.0334533388408               
9590           0.0354101809856               
2648           0.0307237452172               
4952           0.0193326129102               
5371           0.0702675190803               
4511           0.0489277422764               
10772          0.0668412381971               
2486           0.31006083259                 
2738           0.0921712356517               
6798           0.044229911112                
1882           0.0362928036882               
6914           0.0268400094893               
1035           0.0367599206641               
3031           0.0620121665179               
11713          0.0601762386726               
4113           0.0330977913572               
4428           0.0405490584989               
4174           0.307781581988                
478            0.0206735336648               
6930           0.117370387958                
3942           0.0648340743034               
8103           0.0528035088129               
8319           0.0532693206596               
10849          0.0257520376272               
2976           0.0537568139556               
8340           0.0537568139556               
2876           0.0559282557118               
11630          0.0403460691315               
8190           0.0182779458263               
5594           0.0750965907595               
2739           0.0419722977754               
6004           0.0668412381971               
9539           0.0223968611714               
10757          0.0571830948387               
771            0.0397190845713               
9632           0.0397190845713               
10692          0.0107241457018               
10784          0.0264327918326               
9972           0.0197820985635               
6284           0.0496084964818               
10669          0.0432475974659               
9602           0.0334533388408               
2440           0.0358433180349               
7476           0.0519273684693               
5524           0.0406723897141               
3722           0.0377529919746               
2414           0.0776729237375               
8905           0.03828241052                 
5141           0.0750965907595               
9520           0.0316174109955               
7828           0.0489943970005               
5370           0.0192228429515               
11431          0.0510991840326               
7889           0.0537568139556               
12218          0.0608775766361               
2317           0.062927464018                
4921           0.0146514929001               
10923          0.0223968611714               
9333           0.0702675190803               
9310           0.033917785108                
4849           0.035624780597                
7233           0.0343916156456               
5273           0.0744922176618               
722            0.0347886509509               
12109          0.0219764661328               
6052           0.0205507495236               
7237           0.0347420975172               
6042           0.0307610200519               
5226           0.0519208861103               
4099           0.0406723897141               
5407           0.0162844576335               
5420           0.0489277422764               
8218           0.0428550113793               
4297           0.0371693138539               
7285           0.0203689145992               
9891           0.0308681100903               
4121           0.0264327918326               
1655           0.0519208861103               
10330          0.0248424387948               
3171           0.046008344537                
5422           0.0445481562505               
5528           0.0601762386726               
1342           0.0370005340234               
1575           0.0367599206641               
7407           0.0528035088129               
8795           0.0270489614488               
11965          0.0434084534188               
502            0.03327423838                 
9278           0.0126781101649               
7951           0.0271548284233               
7624           0.0218395685772               
8291           0.0244735878253               
2175           0.0776729237375               
1683           0.0620121665179               
3348           0.0598121075373               
6105           0.0316174109955               
10213          0.0324170371517               
11140          0.038014759791                
5227           0.0288673359289               
8361           0.0510991840326               
7936           0.0385562146752               
10075          0.0534737846824               
8293           0.0190600619729               
6951           0.0400284514767               
7982           0.0750965907595               
11238          0.022612757528                
11086          0.0319308489849               
7518           0.0164564455493               
11753          0.0668412381971               
5996           0.0229068454624               
4146           0.0193326129102               
5334           0.0319308489849               
3046           0.0417086914031               
2676           0.107529954105                
2084           0.0270489614488               
10430          0.0428438314702               
4886           0.0601762386726               
700            0.0440986705972               
10501          0.0450152732264               
6285           0.0585858856348               
6197           0.0192228429515               
69             0.0518852019837               
3148           0.0503305330725               
5361           0.0325836126811               
881            0.0771124293503               
2606           0.0620121665179               
10248          0.0238353640068               
1080           0.0476729031494               
11891          0.0204292183038               
10818          0.0750965907595               
3109           0.035624780597                
7958           0.205187721325                
6022           0.0782469253053               
7919           0.00974821564624              
5664           0.0345884789079               
2995           0.0841503610202               
11407          0.0702675190803               
11064          0.0193326129102               
1471           0.0420751805101               
132            0.0268400094893               
7139           0.0528035088129               
3079           0.0385562146752               
5830           0.0464167588933               
12157          0.0285045681017               
395            0.0800569029535               
4938           0.105607017626                
4852           0.0197820985635               
4500           0.0482838040391               
8141           0.0388364618687               
4982           0.0159477580034               
8966           0.0351993797975               
7590           0.0571830948387               
12129          0.0292286646403               
9122           0.0750965907595               
7099           0.0311621980248               
8741           0.0305811093064               
1311           0.0482838040391               
527            0.0601762386726               
9595           0.0244124297708               
5426           0.0420751805101               
6              0.0397190845713               
230            0.0230566582076               
9177           0.0559282557118               
3508           0.0547931156447               
7528           0.0620121665179               
9309           0.0219136730564               
8381           0.0377529919746               
10759          0.0750965907595               
7961           0.0735198413282               
1709           0.0611622186128               
8956           0.0218395685772               
5117           0.0750965907595               
1062           0.0668412381971               
9290           0.0465377630823               
319            0.0648340743034               
4408           0.0198971714993               
5130           0.0432475974659               
2721           0.0406723897141               
7929           0.259604430551                
11262          0.0213724516013               
9416           0.0283860600971               
2920           0.0658478405909               
9546           0.014503541231                
7802           0.0414708074125               
7452           0.0255644753854               
11807          0.0388364618687               
3289           0.0307237452172               
1863           0.0482838040391               
4203           0.0300270579576               
159            0.0305811093064               
5383           0.0263331263456               
5331           0.0324170371517               
7207           0.0340073901895               
9424           0.13309695352                 
4766           0.0510991840326               
8136           0.0931827612153               
11967          0.0126047638667               
940            0.0235963602098               
6457           0.0476729031494               
2173           0.0543096568465               
6080           0.0547931156447               
7530           0.0668412381971               
8941           0.0611622186128               
8188           0.0271548284233               
1551           0.0450152732264               
8064           0.0175440408179               
6913           0.0198394960539               
2353           0.0465672757479               
11118          0.0465377630823               
6995           0.0397190845713               
481            0.0204898288987               
490            0.0330977913572               
11662          0.0702675190803               
10769          0.0385562146752               
11733          0.0428438314702               
441            0.022612757528                
1394           0.0620121665179               
697            0.0173557371926               
2413           0.0503305330725               
6264           0.0236754964225               
9237           0.0204292183038               
8661           0.0668412381971               
1794           0.0204292183038               
2661           0.0286242671616               
11292          0.0112998828333               
4481           0.0496084964818               
1307           0.0394175505871               
6009           0.0436655335479               
6063           0.0352786419514               
