109
2070           0.0663894710502               
3384           0.114132782349                
1186           0.184645482406                
2663           0.0801069277234               
1602           0.04582636134                 
7454           0.04057122874                 
188            0.144681445571                
3995           0.0817601008693               
6933           0.0715379208052               
7571           0.0657722051995               
8294           0.0564232956422               
9313           0.0382481950909               
5787           0.0477674783988               
2116           0.143758540295                
2021           0.13613285714                 
1158           0.0572843949864               
3259           0.0451358803619               
10181          0.0683358723415               
2358           0.0847771478693               
8524           0.0836356552544               
10545          0.164350070864                
8064           0.037732779447                
660            0.0653151319821               
510            0.0823357496625               
11598          0.0401945963822               
9744           0.0444635243533               
9153           0.0748215594809               
3274           0.109965397528                
7439           0.0584031445464               
10972          0.0412262241195               
3694           0.120287484482                
1053           0.0648733307515               
10105          0.189495034906                
4480           0.0921462085224               
3532           0.0690189873113               
7919           0.0209659379387               
2548           0.0213398904672               
914            0.0989522730342               
7393           0.0517883825912               
7911           0.0829246329138               
6169           0.131544410399                
2588           0.138042652788                
8911           0.0257317971251               
8790           0.0562124689931               
1612           0.0478650169025               
1353           0.0575042700984               
6383           0.0562124689931               
2880           0.0324076587087               
5292           0.049427409233                
11891          0.0439380640146               
1190           0.227114798984                
9406           0.128009865126                
6421           0.0423011493861               
9972           0.0425462736803               
446            0.0731412658526               
7119           0.133372432642                
12224          0.219133427818                
9899           0.117846086275                
335            0.0854256709457               
6773           0.109901376829                
3661           0.0815251724895               
203            0.0660789788454               
7828           0.0526872570392               
420            0.081197104728                
2181           0.142369899207                
11890          0.0342995802201               
4006           0.0415795441111               
509            0.0700790817602               
1951           0.0369290964812               
3683           0.106695286216                
8173           0.0474142963015               
3525           0.138042652788                
178            0.081197104728                
9310           0.0416848846071               
481            0.088136844045                
5927           0.128009865126                
8933           0.133372432642                
11715          0.0841446393563               
3633           0.0829246329138               
10285          0.0319414931458               
10620          0.104647826908                
11458          0.0547614241116               
8287           0.0874759883765               
2146           0.0534297812973               
940            0.0507497824925               
5407           0.210142414057                
664            0.0711849496034               
5375           0.108248203683                
7079           0.0748215594809               
2828           0.0921462085224               
960            0.0338571634665               
9319           0.143758540295                
6019           0.0540011498175               
9588           0.0553860975464               
5752           0.170851341891                
1574           0.0700790817602               
3261           0.126003371989                
10946          0.143758540295                
6759           0.0347497727088               
10756          0.173548311235                
697            0.037327786137                
9278           0.019830834542                
3438           0.081197104728                
11292          0.170122261916                
330            0.108002299635                
9309           0.0314204996402               
119            0.0957300338051               
7547           0.0541944737032               
6544           0.0704424253454               
