124
1938           0.155669111375                
8121           0.0326405369335               
8417           0.100128607082                
11932          0.130031860265                
11113          0.151715034244                
3642           0.0328381976898               
4802           0.0353903082497               
1319           0.0854791198985               
5787           0.0173239610342               
11029          0.0230905391128               
5021           0.0539592009122               
8950           0.0552410840392               
428            0.0854791198985               
10149          0.0555758667157               
6492           0.0650669740407               
11299          0.0662285982633               
11530          0.083862454095                
2765           0.1290246158                  
532            0.0329378222495               
8134           0.0456177346196               
521            0.104274599953                
11788          0.072650690161                
6678           0.0597218595866               
10902          0.0938769745071               
4078           0.0581051937831               
5205           0.0244946175186               
8331           0.037952911404                
10718          0.039881449173                
2086           0.104944025075                
6421           0.0306829453105               
11891          0.0637405477048               
4203           0.0936864588613               
3258           0.0334441188583               
8407           0.0668378310682               
7349           0.0490844897066               
4480           0.133675662136                
2852           0.0351637208579               
7919           0.0304150944591               
3664           0.0495671125779               
11817          0.0639737213243               
3305           0.078517339641                
6138           0.0464256852103               
4428           0.0210859691187               
8913           0.0510950911683               
3321           0.0330379838713               
6119           0.0674677197239               
8288           0.0536520875422               
3381           0.0662285982633               
12035          0.0503153990407               
839            0.096741084251                
3543           0.0569787921982               
10526          0.106105365583                
11739          0.0593043153663               
12077          0.124891485468                
6181           0.0900680474173               
9539           0.034939863501                
234            0.0639737213243               
7014           0.0736222454157               
9602           0.0521883438847               
11740          0.0536520875422               
8306           0.0545890895679               
51             0.0872499769261               
9069           0.0314967952299               
2101           0.0726004897426               
5690           0.130031860265                
9689           0.0619631198626               
9835           0.0391694871321               
7828           0.0382164610124               
11458          0.0198604743077               
8970           0.0374367688847               
12218          0.0237427713828               
7811           0.061033929456                
2887           0.0432110002383               
5590           0.104274599953                
4532           0.0773909380561               
2920           0.0513624329873               
9310           0.0226769553529               
2837           0.0450340237087               
5305           0.096741084251                
7518           0.0770178405987               
10252          0.0694966355645               
367            0.0630997801363               
1639           0.0938769745071               
10285          0.01158430801                 
1393           0.0346090547173               
11653          0.0892075685491               
8370           0.191921163973                
3639           0.0763289383931               
7802           0.0323479334711               
8838           0.131218125758                
8730           0.0584963647756               
5935           0.0709838239391               
7346           0.0513624329873               
9278           0.0107881538778               
4297           0.0289926955064               
6627           0.130031860265                
215            0.0577220887494               
3484           0.100128607082                
3697           0.109619714407                
10330          0.0387550475882               
873            0.0327391044637               
3389           0.0743713467701               
3290           0.0503153990407               
3669           0.0687954226912               
2353           0.0181616326256               
80             0.0403221007164               
366            0.039881449173                
11638          0.0734648286492               
115            0.05083154156                 
8721           0.0378225253541               
6848           0.0728912079697               
4123           0.0614927166141               
8420           0.0588959486892               
5999           0.0322514141068               
5456           0.0356196930874               
9158           0.0938769745071               
11738          0.611334533873                
10728          0.0360871375118               
8205           0.0573467237432               
8291           0.0509061700775               
104            0.045421119707                
5177           0.0542714760925               
8324           0.0753243728898               
10106          0.0404713379514               
