41
9309           0.06719181966                 
1186           0.157943585837                
7454           0.0433801931239               
6933           0.0764908758397               
7571           0.140651937462                
9313           0.0817926467211               
5787           0.0510746778527               
12224          0.351457820501                
3740           0.0896827713303               
3661           0.0871695986759               
509            0.299724134084                
4921           0.0673867269645               
2021           0.14555806705                 
1213           0.165878364965                
8173           0.101394086118                
1158           0.122501003528                
85             0.116309858587                
10866          0.091513217959                
5927           0.273745353217                
6639           0.0917797759332               
660            0.0698372498762               
11598          0.0859549689644               
1975           0.170176848242                
10620          0.223786317657                
1238           0.257231268032                
1053           0.27745944148                 
6798           0.10171348968                 
8424           0.19705197232                 
12227          0.153038467271                
8319           0.122501003528                
12223          0.0831452476798               
5292           0.105699069253                
11591          0.0694803915744               
9278           0.0159028724103               
11292          0.103943280649                
9406           0.273745353217                
8291           0.0375205218988               
119            0.102357938943                
11041          0.0752913193879               
7547           0.115893297221                
8385           0.242859594951                
