29
2357           0.223607003803                
9955           0.150417277738                
3348           0.0873404128418               
8218           0.0834384996688               
8291           0.0476499570046               
9607           0.176986895487                
1287           0.159234871833                
3688           0.199749749992                
117            0.197541123817                
12255          0.373015250264                
10033          0.235660803779                
10137          0.159234871833                
85             0.147710092514                
481            0.119680792987                
2758           0.308424528016                
7802           0.121115191871                
6775           0.292269897334                
6261           0.182893000107                
2739           0.122579790834                
11029          0.0864542112881               
11230          0.1000237726                  
1503           0.0880125521884               
11991          0.150971590481                
11513          0.320045792622                
2353           0.0679996953159               
4428           0.0789488205752               
8441           0.263315788156                
956            0.16649476826                 
6620           0.129173134188                
