120
3348           0.0211256020411               
3624           0.0460340531644               
5923           0.0533373403584               
9309           0.0103198623224               
6668           0.0746006759824               
8842           0.0331154808612               
6052           0.0290340517302               
8571           0.0457987156391               
2551           0.136430494916                
1938           0.0939846917768               
3784           0.0764294212287               
10538          0.0409580738762               
11458          0.017986039811                
2805           0.0377738200958               
97             0.0906784543658               
1875           0.0271579883748               
11137          0.0876106464396               
11942          0.117759434099                
7453           0.0185318073976               
7908           0.0774115879451               
5205           0.0221828119016               
6265           0.0355996571446               
8733           0.0552735381848               
4768           0.0455666242522               
12020          0.0946253335642               
489            0.0711068615358               
6133           0.0353466244249               
7061           0.0512743897007               
6568           0.0561150314637               
9596           0.082268535449                
1916           0.17993380015                 
6091           0.151895006597                
2246           0.0262563606249               
5383           0.0372033804244               
4771           0.0430057901654               
5485           0.0673521680841               
3603           0.052274269493                
5162           0.0348516958396               
7374           0.0565521043171               
3945           0.0574618587799               
6242           0.026928011782                
9625           0.0296491829518               
2874           0.0611001063775               
10849          0.0727648392353               
9118           0.0503306082116               
10139          0.0503306082116               
4986           0.0665484357048               
9061           0.0827700046767               
2023           0.0850168517961               
3994           0.0540853016634               
7342           0.106096290958                
3524           0.0691250019208               
7901           0.60758002639                 
2469           0.0711068615358               
8347           0.0404402989075               
7005           0.0570008338103               
9819           0.0533373403584               
1886           0.0359864870262               
12184          0.0971767912008               
8925           0.0500274223735               
10292          0.0370637417909               
7799           0.213320584607                
203            0.0868128733657               
12218          0.0107509625575               
8935           0.068215247458                
8480           0.0574618587799               
1528           0.0733537086552               
5456           0.0322579011961               
10564          0.0570482460939               
9310           0.0273822679458               
9889           0.0561150314637               
9012           0.15480337614                 
3736           0.0906784543658               
8036           0.0807881450616               
10183          0.0300110540767               
1612           0.094325753597                
10285          0.01049097931                 
2581           0.068215247458                
10620          0.0687418200471               
7919           0.0137722566773               
2198           0.0623025005428               
7237           0.00981671111674              
2687           0.0657939072997               
4122           0.0657484448042               
4998           0.0988739264733               
5230           0.156822808479                
3589           0.107182844586                
10998          0.0134274421771               
5670           0.11054707637                 
5701           0.0944331478175               
9166           0.0746006759824               
3678           0.0589259434263               
873            0.0296491829518               
106            0.136430494916                
5522           0.0657484448042               
614            0.0578959664225               
7554           0.0746006759824               
8550           0.0509538779382               
628            0.0373441875957               
3993           0.117759434099                
8721           0.0342528298283               
12051          0.0342528298283               
9765           0.0992737895804               
109            0.0472628002854               
4127           0.106096290958                
2267           0.073575787332                
6053           0.106096290958                
5827           0.0250564893412               
4938           0.0746006759824               
7912           0.0992737895804               
9278           0.0065133108816               
11292          0.0159644485157               
2079           0.0440258818024               
8291           0.0345762286736               
7694           0.0759475032987               
367            0.0380962757153               
2053           0.0579358720626               
10924          0.0264772787931               
10106          0.0733032942032               
12238          0.0418580936793               
