132
169            0.125388392247                
5093           0.0487984440878               
7454           0.0635046342154               
7756           0.34513102619                 
11501          0.0835030800653               
5365           0.0757715760598               
5523           0.0569269379481               
2212           0.0888810574161               
7655           0.118277204267                
326            0.0510036686151               
279            0.0563100482736               
2486           0.104381452231                
3746           0.0360854514092               
2548           0.0167012681203               
5290           0.098869841602                
2346           0.280602900326                
4428           0.0910051441059               
8911           0.020138512129                
5656           0.0904857001952               
11147          0.118277204267                
7555           0.0443250111079               
132            0.135534653554                
11630          0.067912177952                
2739           0.105974270243                
9539           0.037699326209                
88             0.0708226899839               
8293           0.0320826873186               
4814           0.112509946091                
10034          0.0696073280295               
12184          0.115778789461                
9633           0.0307661969622               
3722           0.0635474028671               
8905           0.0644385421339               
7828           0.0412347011664               
12218          0.012808957932                
2317           0.0529610594843               
7971           0.0749853053803               
2133           0.0470019593419               
5228           0.108036513111                
9310           0.0407798739325               
8786           0.125388392247                
10285          0.0749952454554               
3545           0.0572426504973               
1424           0.140411600619                
7237           0.0116958680724               
7231           0.0522044665786               
4425           0.0532197383321               
3426           0.0702058003094               
6003           0.0823572063349               
6058           0.0436676626255               
3348           0.0755086662381               
4297           0.0312824658156               
4121           0.0444927721919               
10330          0.0418158239579               
6043           0.0696073280295               
8380           0.14559230172                 
614            0.0344893303445               
2764           0.0802450090397               
10725          0.0986141940555               
8804           0.0393239862963               
3191           0.0658542359878               
10466          0.0545657022633               
3349           0.0524535049682               
367            0.0453888282459               
3438           0.0635474028671               
8291           0.0411949586984               
2763           0.108589551743                
2663           0.0626941961236               
1881           0.0578893947306               
9163           0.108036513111                
11140          0.0639880213192               
5227           0.0485906978499               
4174           0.345380487968                
8428           0.0847184420197               
8950           0.0596038861821               
6150           0.0702058003094               
11458          0.0214290047117               
4856           0.067912177952                
8328           0.0663492570039               
10181          0.0534817986984               
532            0.0355391687652               
10586          0.0279939111678               
11788          0.0391942296455               
1503           0.0253632509538               
1938           0.0279939111678               
4076           0.0592490568739               
5326           0.0749853053803               
4753           0.0334917448141               
7958           0.0575634146613               
2492           0.126405698127                
1471           0.141645379968                
5528           0.101291142289                
11992          0.0441586422481               
3321           0.0356472409005               
10100          0.0596038861821               
8943           0.0708226899839               
6242           0.0320826873186               
8279           0.0860623718245               
7099           0.0524535049682               
1989           0.126405698127                
8478           0.0802450090397               
9309           0.0122953346404               
3792           0.08127330277                 
8352           0.0479800719882               
4852           0.033298049273                
2444           0.0441586422481               
8795           0.0455299344614               
7929           0.0873953902537               
4938           0.0888810574161               
622            0.08127330277                 
502            0.0560085789452               
10543          0.0492205087833               
7922           0.0485906978499               
9278           0.0135802043872               
7364           0.0551304532022               
4997           0.0904857001952               
2738           0.0517154830064               
9424           0.0560085789452               
11967          0.0424337232938               
11998          0.140301450163                
2056           0.0783342941697               
627            0.0534817986984               
5670           0.0658542359878               
8941           0.0514753923218               
6913           0.0333946631108               
210            0.0667893262216               
3541           0.0847184420197               
6339           0.112509946091                
373            0.0614788341692               
3979           0.0941407610755               
11292          0.0570612952142               
9588           0.0433468984615               
