87
3348           0.0820061256864               
4809           0.0272657035238               
9444           0.0569670865003               
7756           0.149931708357                
6933           0.0304027645045               
5365           0.0822916586849               
6951           0.0731753342925               
2782           0.411848417587                
3465           0.0755969821144               
6150           0.228740857345                
630            0.0731753342925               
11458          0.0232729531758               
4744           0.137282805862                
8328           0.0720585567213               
1578           0.122191335641                
8620           0.0726097858916               
7961           0.067200188464                
279            0.0611554822273               
10998          0.0173743768135               
10148          0.0625166997754               
5137           0.117332967384                
1554           0.0420121207344               
8997           0.0670121102789               
7958           0.312583498877                
6798           0.121283927255                
11146          0.0965292002725               
7154           0.0259826179059               
8911           0.0437428295072               
4906           0.0446279494577               
4061           0.0709962782755               
8319           0.0973807430214               
11040          0.0822916586849               
11630          0.147511931497                
8279           0.0467339845367               
9539           0.0818866452663               
11805          0.152374276083                
4174           0.187550099326                
7014           0.0862722130253               
8188           0.0496412819937               
11041          0.029925977804                
9309           0.0133533382075               
7476           0.0316425143157               
11812          0.0639687303405               
3722           0.0690156053099               
8352           0.0521087182431               
2246           0.0679485932215               
69             0.0474252295545               
319            0.0592610366586               
11431          0.0934135530032               
3596           0.0685473638386               
12218          0.0139111583665               
2317           0.0575183156707               
7929           0.284747077969                
1887           0.226726782963                
9310           0.00885778979764              
6040           0.0394324931417               
4603           0.152374276083                
1794           0.0373463080275               
1686           0.0663462598307               
9153           0.0635965436834               
9570           0.0894439771004               
7237           0.0508091521116               
10669          0.0790602005614               
6042           0.0281168499209               
8136           0.0340691655593               
9243           0.0317277292552               
2173           0.0992825639873               
9970           0.152374276083                
4297           0.0679485932215               
6926           0.117332967384                
4121           0.0483213391295               
1093           0.0647327522146               
2206           0.0462295823043               
160            0.102241497163                
1471           0.0769169249786               
3333           0.117332967384                
490            0.0605055118935               
7589           0.0659315351153               
1682           0.0556471436362               
1575           0.067200188464                
9237           0.0373463080275               
4041           0.0380197345737               
502            0.121656143416                
2750           0.0532254958143               
8291           0.0596530019484               
2353           0.0212822120531               
6509           0.196543842521                
