189
9766           0.0243718674733               
1698           0.0563257879031               
5683           0.0184515439446               
6933           0.0112385089476               
6912           0.112651575806                
3384           0.0179301031007               
4387           0.0124544422192               
3207           0.0563257879031               
50             0.0260546915116               
2657           0.0190243086848               
8852           0.0791798256135               
5194           0.0563257879031               
7453           0.0265919752653               
10624          0.0274847148759               
10882          0.0184222894724               
1876           0.0217950776745               
4866           0.033063339908                
6214           0.019262205453                
956            0.038524410906                
10717          0.0163274648116               
8686           0.0216855759218               
11177          0.0179301031007               
6798           0.0298887403579               
7568           0.33523365379                 
3664           0.0214709430777               
11922          0.0193430931154               
1254           0.0301037972295               
4428           0.0274013727534               
5216           0.0262440709472               
12138          0.0241663561371               
8319           0.0179985992986               
10849          0.0174021594657               
6145           0.0184515439446               
6264           0.0159989190036               
1227           0.112651575806                
4267           0.020110173715                
11230          0.0347160180132               
8116           0.0949677528433               
771            0.0268405107801               
8316           0.0701719648575               
3152           0.0563257879031               
2081           0.0268405107801               
9608           0.109530449219                
9972           0.0133679221331               
7005           0.0272642009539               
10033          0.0272642009539               
6753           0.016669995427                
11821          0.0194248019865               
9069           0.0409303182498               
8905           0.0258696660142               
2781           0.0255119069085               
9607           0.163808531836                
5089           0.0264380141792               
9835           0.0169670126997               
7395           0.0563257879031               
11090          0.0272642009539               
10425          0.0146668166514               
12256          0.0344255600601               
12218          0.00514231782279              
1951           0.0116030205116               
4677           0.0162717673251               
3346           0.0433726217102               
9598           0.047857464729                
9310           0.0130972760562               
6942           0.0978845794259               
3434           0.0255119069085               
4393           0.0281850045969               
8918           0.0904255182593               
10183          0.0143546568443               
9024           0.112651575806                
10285          0.00501796463301              
12109          0.0148507847678               
5984           0.0181373657477               
10692          0.0217407992724               
4423           0.016906725866                
11041          0.0110622627514               
11261          0.0340112877746               
9243           0.0234565754091               
959            0.033523365379                
8244           0.0279447403469               
85             0.0170889582852               
4121           0.0178621849368               
10112          0.050747162871                
5553           0.0517393320284               
8700           0.0701719648575               
614            0.0138461769543               
10455          0.019590751261                
9888           0.025338819492                
6775           0.0845336293299               
8530           0.0350859824287               
11262          0.0288852335744               
9278           0.0109038888922               
1722           0.0163274648116               
8385           0.0356824222616               
10924          0.0126644085967               
2070           0.0208593891471               
9636           0.0563257879031               
2802           0.0268405107801               
3348           0.0101046356837               
8121           0.0141388730163               
8524           0.0131390463874               
5227           0.136551442383                
9309           0.0542972899698               
8293           0.0128799997375               
1852           0.49503913872                 
11835          0.0143985166513               
4959           0.0395899128067               
11862          0.0103136930134               
4358           0.0222486204592               
4697           0.0345307102287               
11029          0.01000210876                 
4678           0.0274847148759               
10901          0.050747162871                
1503           0.0101823972033               
562            0.0167874902826               
5110           0.0258696660142               
1959           0.0258696660142               
1554           0.0310599119835               
4060           0.019675026949                
7919           0.0131748800338               
3710           0.0621810638814               
6929           0.43526744717                 
4479           0.0195073489118               
4368           0.0644307432919               
11992          0.0177280442538               
8851           0.0298000534586               
11806          0.0211593588243               
8190           0.0123514780686               
10176          0.0621810638814               
1233           0.0386419649401               
4884           0.0289520851965               
11591          0.0102084855719               
4885           0.039350053898                
8859           0.0193552780994               
9606           0.0496816609702               
4952           0.0130641783622               
8804           0.0473613318122               
6741           0.0563257879031               
2258           0.0288852335744               
1886           0.0516383400902               
9955           0.0174021594657               
11947          0.0386419649401               
6692           0.0563257879031               
3064           0.0198462728704               
8341           0.0256887987472               
1684           0.0295073573966               
6133           0.016906725866                
11890          0.010776833737                
2011           0.0474838764216               
7811           0.0264380141792               
8305           0.0318226959794               
2837           0.0195073489118               
6928           0.325316859687                
697            0.0117282877046               
7802           0.0280242524577               
6395           0.0111205836926               
1882           0.0245251721974               
3047           0.060207594459                
10100          0.0239287323645               
4203           0.0202910409821               
5383           0.0177948351323               
7237           0.00469545385045              
9862           0.032628193142                
2162           0.0255119069085               
940            0.0159454420316               
8800           0.0284326627425               
8730           0.0506776389839               
10385          0.0147124159499               
804            0.0304194555172               
5867           0.0190243086848               
3180           0.033523365379                
11105          0.0181373657477               
2543           0.225303151613                
2206           0.0170889582852               
1393           0.0299831483079               
6421           0.0265818095085               
3098           0.0132909047543               
2995           0.0284326627425               
9546           0.00980089191282              
9237           0.0138052188269               
3077           0.0396925457408               
10943          0.0187932424411               
5277           0.015231838404                
2750           0.019675026949                
3706           0.0369902497068               
3925           0.0386419649401               
3528           0.0411403983722               
7550           0.0340112877746               
10728          0.0156318339935               
