239
9544           0.0517685285979               
169            0.0288471055022               
3384           0.0616501064377               
5093           0.0224533362254               
4809           0.0231031986876               
5683           0.0105738344219               
446            0.0263387184177               
4326           0.0356334556951               
10878          0.144085239998                
7454           0.0511350131852               
10148          0.185404167998                
9634           0.0497101946354               
6933           0.0128806709203               
8911           0.00926621314191              
5021           0.0535775430796               
478            0.0160116486111               
8135           0.0544221826095               
9866           0.0453747593211               
10149          0.027591387037                
12150          0.0791526201868               
10242          0.0253668457089               
2131           0.0369226560818               
8336           0.0271014882407               
6714           0.0194462190762               
9546           0.0112329904298               
7352           0.0267887715398               
11432          0.0645560671515               
1010           0.0204721931672               
2659           0.0169676036987               
6228           0.0416346440559               
5984           0.020787583179                
4275           0.0432534608873               
1612           0.0172365515904               
3746           0.0166037829378               
9596           0.0225499262099               
8704           0.0466064875017               
9085           0.0261934514906               
2548           0.00768465461361              
7154           0.0220159946865               
7158           0.0378945287907               
8958           0.0229467297212               
2118           0.0331825408166               
5216           0.0300788336829               
11480          0.0497101946354               
7374           0.0310020294491               
11113          0.0502139804741               
2105           0.030528886805                
3649           0.0877190592549               
6145           0.0105738344219               
6264           0.0183366683006               
6108           0.0215392960523               
170            0.0334952575175               
9972           0.0153212322637               
2888           0.0236850644061               
1196           0.0279330653291               
10451          0.0645560671515               
10034          0.0320280035402               
12184          0.0266363009737               
9069           0.0781850395657               
10102          0.0645560671515               
1608           0.0433164253586               
8905           0.0296497209994               
9365           0.035240874779                
5370           0.0297761777582               
120            0.0466064875017               
8970           0.0185859877813               
4006           0.014973105695                
4545           0.0364726029597               
10495          0.0307624248289               
4764           0.0645560671515               
9310           0.0150110395977               
481            0.0158693692983               
6040           0.0167062757615               
9543           0.0747915974518               
4287           0.0645560671515               
10285          0.0402582993883               
11706          0.0378945287907               
6052           0.0159165523129               
7237           0.0269077491288               
7231           0.0240205289835               
4425           0.0244876799033               
2889           0.0364726029597               
3812           0.0240205289835               
6731           0.0497101946354               
4423           0.0193771231783               
3979           0.0433164253586               
4121           0.0204721931672               
7319           0.0645560671515               
4759           0.0348643221194               
6043           0.0320280035402               
4134           0.0253668457089               
614            0.0158693692983               
7292           0.0645560671515               
8191           0.0227461944488               
6809           0.0417362898142               
5373           0.226873796605                
115            0.0252360029586               
2656           0.0645560671515               
10892          0.116324595749                
6547           0.0300788336829               
7501           0.0581622978747               
4215           0.0645560671515               
12179          0.0284705528426               
8956           0.0169147424696               
4041           0.0161077355136               
10923          0.0173463654972               
675            0.116942970133                
8291           0.0379095799359               
9979           0.0645560671515               
2166           0.0360434902762               
626            0.140963499116                
8064           0.0135878568875               
2070           0.0239073464686               
993            0.0697286442388               
66             0.0517685285979               
10812          0.025106990237                
2763           0.0832744349889               
665            0.0261934514906               
8121           0.0324096677514               
8294           0.0203184519545               
4672           0.0307624248289               
579            0.0166548869978               
3235           0.0341544135255               
8130           0.0466064875017               
10346          0.0544221826095               
5162           0.0191058018763               
3259           0.0325075381054               
214            0.0244876799033               
11458          0.00985999977588              
10132          0.0390316729148               
8128           0.0517685285979               
2887           0.0214526826532               
5334           0.0494608751547               
10181          0.0246082601723               
532            0.016352425172                
11137          0.0480284133327               
11460          0.0260504368549               
67             0.174486893624                
711            0.0296497209994               
10393          0.0218941189982               
1503           0.0116702409694               
3304           0.0389809900442               
1938           0.115926038282                
10718          0.0197996822138               
3148           0.0779619800885               
12020          0.0518738853879               
11869          0.022169490469                
6279           0.0272619141839               
2722           0.0581622978747               
210            0.0307313732222               
7452           0.0197996822138               
7919           0.0150999830067               
6974           0.024251147476                
11064          0.014973105695                
7366           0.0373957987259               
4771           0.0235759003009               
11141          0.255308220718                
10950          0.0292396864183               
9262           0.0180342064748               
3091           0.0300788336829               
4906           0.0189074230643               
8851           0.0683088270509               
3463           0.0442882980675               
80             0.0200184496033               
6242           0.0147620150364               
4986           0.0364820476342               
8279           0.0197996822138               
12129          0.0113187981112               
11591          0.0117001413496               
46             0.0480284133327               
230            0.0178573781992               
8347           0.066508471407                
6182           0.0338189489481               
8100           0.0497101946354               
1211           0.136124277963                
9309           0.0113147575848               
8683           0.0271014882407               
3021           0.0497101946354               
12218          0.0117874184114               
68             0.0581622978747               
9890           0.0241351175282               
11847          0.0645560671515               
7781           0.0645560671515               
4742           0.0248542549965               
9774           0.0581622978747               
7436           0.0257708924551               
11913          0.0645560671515               
3427           0.0126786717702               
8545           0.0294424255514               
8720           0.0196566675781               
10543          0.0226475383295               
6395           0.0127455145209               
9653           0.258224268606                
9278           0.012497156449                
11781          0.0348643221194               
4316           0.0206285402869               
7364           0.0253668457089               
3532           0.0248542549965               
11739          0.0294424255514               
159            0.0236850644061               
5331           0.025106990237                
61             0.0341544135255               
8136           0.0144340068165               
5944           0.569453814577                
4998           0.0271014882407               
7346           0.0254995711531               
1804           0.042437259553                
8308           0.0328800789908               
10109          0.0257708924551               
4654           0.0174575024949               
8117           0.0544221826095               
3290           0.0249797570581               
2206           0.0195859832534               
6019           0.0194462190762               
628            0.0204721931672               
9588           0.0199449491409               
9513           0.0544221826095               
10235          0.029861782275                
10769          0.029861782275                
663            0.0210314103945               
8850           0.0442882980675               
386            0.0581622978747               
2146           0.0192404649866               
1909           0.032605930437                
4463           0.0288471055022               
2372           0.0256342342634               
9237           0.015822426402                
3077           0.0682385833465               
5277           0.0174575024949               
11738          0.110365548148                
11292          0.0175035149973               
330            0.0194462190762               
10998          0.014721926366                
7450           0.0408963093709               
74             0.064606750022                
2652           0.024251147476                
12135          0.0645560671515               
7547           0.0195158364574               
10728          0.0179159451212               
