112
632            0.0461264657669               
11057          0.056612735731                
9062           0.0844700659308               
5683           0.01535655439                 
8121           0.0470690958197               
12058          0.13182679745                 
9353           0.530107073525                
12218          0.0256785936959               
8631           0.132020432737                
3605           0.0844700659308               
7518           0.0740420850787               
5689           0.0486457157688               
199            0.210885853711                
4529           0.0233235743521               
3909           0.0496030189272               
2497           0.128641253679                
12066          0.034082982923                
12243          0.034082982923                
1690           0.0796600828939               
6540           0.125818320102                
9444           0.0350518298511               
2648           0.0345586498388               
6544           0.110522067101                
413            0.0418951278187               
8059           0.0568900940022               
3064           0.0330346739207               
11100          0.164331869609                
1714           0.0400714271495               
9980           0.0506340309044               
917            0.211322052366                
1037           0.0357389827286               
4451           0.0376289483838               
5169           0.0550348501062               
10841          0.0446767777142               
11325          0.0937558426641               
8689           0.0473269589977               
11384          0.0400714271495               
9262           0.0261913759532               
12138          0.0201127864172               
6163           0.0259345653277               
7489           0.056612735731                
692            0.0364632966396               
12229          0.0496030189272               
6263           0.115399515299                
9576           0.116803189827                
2065           0.0288604770034               
3006           0.0486457157688               
11230          0.0192619262801               
8741           0.0343982102679               
8554           0.0317971906691               
4952           0.0217456887273               
6261           0.035220342061                
8188           0.0305442647137               
9602           0.0376289483838               
11202          0.0574773288719               
8306           0.0393599390356               
9633           0.0205593792396               
1709           0.0343982102679               
1934           0.0844700659308               
6785           0.0450247594618               
9405           0.046927707164                
3450           0.0543105361951               
8078           0.161268968775                
9918           0.0393599390356               
3642           0.02367706568                 
11890          0.017938339895                
7821           0.034721034179                
8560           0.0486457157688               
4921           0.0164802763846               
3792           0.0543105361951               
3580           0.0342396694348               
1003           0.0319291773923               
7970           0.0450247594618               
9310           0.0218007807608               
2102           0.0844700659308               
9551           0.0331795028344               
938            0.0261052242476               
3532           0.0360962450752               
26             0.0314088578546               
3427           0.0368268888775               
3746           0.0241139482226               
12109          0.123597724237                
8865           0.0403172421939               
9519           0.0536233833177               
11292          0.0254206439544               
12057          0.051751056301                
2888           0.0343982102679               
11967          0.0141780768487               
6210           0.0658985124643               
6370           0.0584015949135               
10273          0.0446767777142               
7348           0.0543105361951               
9893           0.0465147985814               
8675           0.0502248670693               
4134           0.0368406890337               
6460           0.0496030189272               
4591           0.0558005753147               
4146           0.0217456887273               
11770          0.0937558426641               
5889           0.283063678655                
9304           0.389165726151                
2454           0.0721949367843               
3091           0.0873679740024               
6329           0.0193653750107               
10330          0.0279432451148               
3702           0.0237488971874               
9578           0.144574656416                
9278           0.00518566478269              
8057           0.0216838108157               
11018          0.0413482541711               
10924          0.0210802608189               
1716           0.0321971172048               
