159
3384           0.0789825117927               
1186           0.0851859485733               
4374           0.0479093108599               
8874           0.0309205014385               
6933           0.0495058874174               
4802           0.0225096501214               
5787           0.0220374628468               
4387           0.0182873670409               
2021           0.0157011783017               
3872           0.0323308914851               
3855           0.040033141681                
5415           0.171942278952                
85             0.0250924165857               
2638           0.0778377542653               
4529           0.0205745781994               
9594           0.0543681357061               
4322           0.0827054587528               
105            0.0295285908039               
5510           0.0385352430571               
2659           0.0217379017923               
3710           0.04565150001                 
10865          0.16691994201                 
10620          0.0482791362406               
3274           0.0253661951991               
5137           0.0636857948977               
1053           0.119716900628                
1612           0.154577234744                
7186           0.0266318361549               
5290           0.0291410943972               
7154           0.0141028025776               
4633           0.0258370774747               
7440           0.0315266641303               
12138          0.0177422246994               
1102           0.0272650723559               
8926           0.0627443674794               
8857           0.0523939604295               
11177          0.0263275039309               
6145           0.027093156855                
7555           0.0261288844388               
9690           0.0827054587528               
3185           0.0360113136999               
5911           0.0581314886584               
8441           0.0223655314865               
9362           0.166483414599                
5233           0.0744120506203               
5682           0.37257067694                 
9819           0.0749203532903               
11740          0.0682497428581               
9633           0.0181361805661               
2246           0.0184405127901               
3642           0.0208864058318               
6027           0.160828039647                
12218          0.00755067563933              
2133           0.0554138051337               
178            0.0374601766452               
9310           0.00961563313153              
3796           0.0979089451226               
8064           0.0174079677857               
1739           0.0410263760542               
2686           0.0780924379781               
7804           0.0343202078036               
5984           0.10652734462                 
9570           0.0970965093179               
7237           0.0344726349343               
2687           0.0231043709066               
341            0.0473031481681               
2889           0.0467265664219               
5407           0.048474462098                
4699           0.0615311950235               
3667           0.0397179874951               
9493           0.157181881289                
6648           0.0191280827953               
10326          0.0507028545332               
5591           0.0279341707557               
5678           0.360627283951                
12238          0.117592033853                
2267           0.0258370774747               
532            0.0209497710323               
8694           0.0282834843131               
11179          0.306286944744                
9278           0.00343084846184              
103            0.0742109214127               
960            0.0156199574899               
8253           0.0697225183883               
6394           0.0606327948368               
9444           0.0309205014385               
188            0.0333742965745               
7393           0.0238925016665               
7571           0.0303439196923               
6052           0.0203913562099               
11458          0.0126320552157               
8093           0.0446661310427               
11158          0.0827054587528               
3036           0.0397179874951               
8016           0.0406898429314               
10864          0.0461768123413               
8524           0.0192925993492               
6197           0.0190737489911               
10279          0.0454583561474               
660            0.0150665247846               
1503           0.0299024607823               
5205           0.0155795554622               
1139           0.0446661310427               
8405           0.0682497428581               
1554           0.0228032697371               
7919           0.0386904307164               
10944          0.0230283733354               
6091           0.0533398716587               
4771           0.0302040650234               
4417           0.0331938719768               
9625           0.0208233785805               
749            0.0451485482939               
7906           0.19163724344                 
5292           0.0228032697371               
9627           0.0199162135552               
5650           0.101230878172                
4885           0.0288896470048               
8859           0.0142100733438               
46             0.0615311950235               
12223          0.017937561074                
7421           0.0377199141687               
8406           0.138530437024                
9309           0.021743708795                
2216           0.048548254659                
2408           0.0364748076779               
7977           0.0499401652936               
3661           0.018805765136                
4173           0.0320026042196               
5232           0.0310691522236               
1684           0.0433268600568               
7198           0.0195155792021               
2436           0.0554138051337               
9551           0.0585377065607               
11113          0.0321656079294               
1644           0.025002548612                
2362           0.0205131880271               
5927           0.118114363216                
3289           0.0304854493072               
9153           0.0345188272957               
5987           0.0609708986144               
2812           0.0221525963275               
6435           0.166483414599                
2888           0.0303439196923               
940            0.0234133448876               
3259           0.0208233785805               
1129           0.0410324055137               
4531           0.0341248714291               
8157           0.226958312095                
8721           0.0240566373828               
3623           0.179128520359                
1678           0.0238925016665               
697            0.0172211246589               
3702           0.0209497710323               
10943          0.0275948867367               
7951           0.0269442133272               
11292          0.0112122400071               
5959           0.0615311950235               
367            0.0133779938054               
3706           0.0271571484862               
