163
8163           0.548109841292                
10081          0.0364546155124               
6933           0.041466750082                
8414           0.031640359689                
4387           0.0689297724443               
3504           0.037266174389                
7975           0.0697242944839               
10538          0.0722840360979               
10149          0.044412482772                
7906           0.0601941564023               
85             0.0630531652976               
4082           0.0697242944839               
8089           0.0412621513399               
502            0.0414821232311               
578            0.034256348093                
7453           0.0163527445033               
8331           0.0909882179166               
6383           0.0325833960086               
4952           0.0241014631788               
10105          0.0366134173586               
8997           0.022849685503                
10445          0.0647284115506               
8681           0.0470656682671               
9596           0.0725949882812               
3664           0.0396106918977               
10385          0.0271422160244               
2548           0.0247392122896               
7428           0.0428751282609               
10972          0.0238966622617               
12138          0.0222916637563               
726            0.0279215813895               
11177          0.0330783695456               
9757           0.0480670250124               
10247          0.0712886696232               
11696          0.113450965107                
5171           0.0670172148059               
11965          0.0270580921106               
5049           0.240039945154                
8158           0.0549766599358               
7171           0.0231690060054               
8925           0.0882898940919               
6567           0.103107767184                
9549           0.0511234815412               
3642           0.0262420718803               
6027           0.0404134728662               
12218          0.00948681043871              
1951           0.0428116891658               
3786           0.034256348093                
10137          0.0339863800906               
2238           0.0561193644745               
9310           0.030203154368                
6489           0.0618456158445               
4084           0.0438821467149               
8892           0.0491408299793               
8444           0.0515538835922               
8869           0.065828754203                
4768           0.0402086719491               
2146           0.0309704190875               
11077          0.0843245909681               
2561           0.028933280011                
2687           0.145143823921                
9811           0.0549766599358               
10049          0.0601941564023               
6772           0.0258502857966               
4121           0.0329530706494               
6000           0.0431205525442               
8842           0.0292215964697               
195            0.0683091450337               
1574           0.0406211382245               
1687           0.0712886696232               
8641           0.0446849276835               
10871          0.0601941564023               
10793          0.0480670250124               
9261           0.0635100306499               
11262          0.0532889535112               
9278           0.0100580254401               
1196           0.044962465317                
7624           0.0272268192795               
7944           0.0587081341155               
10474          0.04990242415                 
4567           0.0487741982385               
6061           0.0647284115506               
1532           0.0473920073615               
1602           0.0265631185735               
9444           0.038849097727                
5227           0.0359881531375               
11918          0.0243790008124               
579            0.0268085428568               
3740           0.0729273856114               
11238          0.0563814674678               
7518           0.0205158205103               
10132          0.0314136708417               
10586          0.020733375041                
11788          0.0580575295686               
41             0.0452452896984               
660            0.0189298642174               
5604           0.0310799976741               
8405           0.0428751282609               
6182           0.0544366792983               
1143           0.136618290067                
6133           0.0311903909787               
3109           0.044412482772                
6974           0.156143461442                
7870           0.0647284115506               
4771           0.0379489535828               
2730           0.0398073547871               
9262           0.0290287647843               
2089           0.0396106918977               
3321           0.0264017275162               
4982           0.0198816530435               
8190           0.0227866372933               
5650           0.127188373284                
5370           0.0239646158407               
7596           0.0470656682671               
8987           0.0364546155124               
9640           0.0303294059722               
3570           0.0683091450337               
7810           0.0697242944839               
1778           0.33508607403                 
11179          0.192412329931                
540            0.0609969373709               
7967           0.0936209567457               
4852           0.0246618251937               
4985           0.103912688998                
2721           0.0507052051185               
7198           0.0245197396015               
9695           0.065828754203                
4041           0.0259278203388               
3070           0.0452452896984               
6612           0.0735478720296               
1901           0.04990242415                 
8349           0.0712886696232               
9818           0.073037492241                
8832           0.0428751282609               
11292          0.0281745371201               
1260           0.0833292244933               
10265          0.031755015325                
11967          0.0314280592719               
8900           0.0549766599358               
7724           0.0534122847965               
664            0.0412621513399               
3535           0.0515538835922               
6913           0.0247333811446               
1451           0.0446849276835               
3306           0.0524540277364               
98             0.0876006793106               
5251           0.0544366792983               
1739           0.0515463080663               
6421           0.0245197396015               
210            0.0247333811446               
11586          0.0367739360148               
12041          0.0315265826488               
7914           0.0549766599358               
9889           0.0990334890312               
6329           0.0643898492179               
5498           0.044412482772                
330            0.0626032224145               
3445           0.0609969373709               
74             0.0519971353463               
1027           0.103912688998                
8715           0.073037492241                
1515           0.0227866372933               
11604          0.0495167445156               
