251
1556           0.167017857615                
5683           0.0130549531169               
8004           0.0870200817758               
7004           0.0235066920073               
9257           0.033860416245                
2658           0.0797039556746               
4802           0.0216927417196               
9632           0.0379807360206               
5787           0.0106188454088               
4387           0.0352473830388               
3348           0.0714929577219               
10877          0.0274871176091               
6163           0.0220475587076               
8364           0.0405952914125               
2657           0.0269203984996               
8291           0.0156016499155               
9594           0.0523950358752               
6200           0.028712891399                
1465           0.0592981372053               
5510           0.037136742252                
7453           0.0501720602408               
1592           0.127956869624                
3742           0.0639158593571               
9984           0.0388923187361               
10464          0.0727020057029               
9584           0.440021134142                
7439           0.0259663680862               
8686           0.0306862317669               
12156          0.0356159927291               
4408           0.0190263503408               
2399           0.0291079149565               
4062           0.0546804150536               
917            0.0299416068663               
9923           0.0592981372053               
3664           0.0303825149912               
5928           0.120701144643                
2548           0.056927015327                
6306           0.0514040890466               
7237           0.0199329433018               
8911           0.0343215072164               
11480          0.0613745434724               
8919           0.0755418860571               
9553           0.0671921853641               
4061           0.037136742252                
9456           0.0685491931688               
2538           0.142921020537                
2739           0.0602030023799               
8441           0.0215538533625               
11230          0.0163749978114               
1710           0.0481277630396               
6358           0.0504925063311               
9145           0.0356159927291               
2081           0.0379807360206               
10784          0.0252759322053               
11041          0.0156536842682               
5049           0.0306862317669               
1194           0.0474373271587               
3209           0.0639158593571               
5538           0.033860416245                
1550           0.0461706113086               
7476           0.0165515704047               
8905           0.0366069395577               
4690           0.0576860988687               
9520           0.0302336409218               
7828           0.0468501044031               
10595          0.0267013782085               
4430           0.0300866878618               
12218          0.00727665048409              
11176          0.0575425607212               
9583           0.166330440711                
7558           0.118596274411                
3615           0.0546804150536               
9178           0.0592981372053               
9310           0.041700004305                
481            0.0195930694503               
10591          0.0358557637774               
9121           0.0283311113777               
4143           0.159407911349                
6266           0.177894411616                
10183          0.0203125952682               
7903           0.0639158593571               
5984           0.0256653275423               
4862           0.0402337148809               
5162           0.0235889212752               
726            0.0214166383999               
4425           0.0604672818436               
6042           0.029414730851                
2599           0.10479007175                 
6772           0.0198278964117               
9243           0.0165961446461               
6628           0.0318179554699               
12039          0.0363510028514               
78             0.0797039556746               
6145           0.0522198124674               
1164           0.02006766746                 
5591           0.0538407969991               
8380           0.0413548197448               
117            0.0323396667222               
5805           0.0514040890466               
2059           0.0323161271094               
5615           0.0496485125624               
9139           0.0358557637774               
2900           0.0797039556746               
1575           0.0351510831115               
12014          0.0797039556746               
5561           0.0461706113086               
11097          0.0361006915857               
8066           0.0247157190681               
5205           0.0150141504166               
2079           0.0595967016749               
103            0.023839232541                
3258           0.0204998110588               
9278           0.0165316895555               
11740          0.032886429515                
10924          0.0896040249961               
2139           0.0671921853641               
6853           0.0636359109398               
6394           0.0194774470955               
11344          0.0421686447431               
1938           0.143127737244                
665            0.0323396667222               
8121           0.0200072497897               
12058          0.0224137865377               
5222           0.0409687250032               
4142           0.184123630417                
6052           0.0196513238184               
1098           0.0671921853641               
3465           0.039543279                   
6858           0.0402337148809               
11238          0.0432461716394               
214            0.0302336409218               
6848           0.0223395927631               
2887           0.0264864906234               
11862          0.0145944186737               
4993           0.0496485125624               
4164           0.0376923989962               
3204           0.0671921853641               
10234          0.122749086945                
7672           0.0534804953137               
1690           0.033860416245                
10692          0.0205095838104               
9538           0.0582158299131               
11162          0.0379807360206               
6265           0.0240951692472               
11048          0.037136742252                
4076           0.0336588409981               
12020          0.0213486459345               
5604           0.023839232541                
6806           0.0379807360206               
6279           0.0336588409981               
4411           0.0445009877165               
4863           0.0332660881423               
4886           0.0575425607212               
4479           0.0276039258549               
6307           0.0671921853641               
10958          0.0592981372053               
11122          0.0363510028514               
9772           0.0276039258549               
9907           0.0560218111984               
203            0.0293790873897               
6700           0.0546804150536               
5755           0.0650380402004               
2396           0.0467863668949               
3312           0.0376923989962               
8690           0.0534027564171               
8005           0.0430451312702               
12108          0.0265934275981               
9625           0.02006766746                 
7371           0.0797039556746               
5610           0.0254689657101               
6242           0.0182258778152               
4986           0.0450424512499               
9627           0.0383868495828               
12129          0.0279494406258               
5650           0.0325190201002               
3994           0.0366069395577               
11591          0.0144455446043               
4885           0.0278411991065               
605            0.033860416245                
8741           0.0584853881865               
8550           0.0689749515137               
7014           0.0225636400699               
6620           0.0211470706877               
11617          0.0379807360206               
9309           0.0139697316891               
1752           0.0613745434724               
6773           0.0488627731619               
6133           0.0239239073112               
69             0.0248071950951               
10157          0.0613724635337               
9444           0.0297983508375               
724            0.0514040890466               
5181           0.0797039556746               
7198           0.0188073300498               
5207           0.195451092648                
3702           0.0403789458867               
8480           0.0388923187361               
11197          0.0293790873897               
9581           0.159407911349                
5015           0.0302336409218               
12056          0.0405952914125               
2362           0.0197687341792               
11057          0.0481277630396               
9546           0.0138687781152               
8131           0.0186993794394               
6395           0.0157362114709               
2916           0.106960990627                
2318           0.0504925063311               
6639           0.0763270797401               
10100          0.033860416245                
3926           0.0592981372053               
1393           0.0212138667978               
2314           0.0718099075158               
5128           0.0671921853641               
7436           0.0318179554699               
12106          0.0639158593571               
5058           0.122749086945                
9875           0.0347044100136               
3870           0.0374111821372               
11852          0.0299416068663               
664            0.0316492308412               
729            0.0467863668949               
5692           0.0639158593571               
2641           0.0613745434724               
3319           0.0303825149912               
2004           0.0851969163447               
4654           0.0215538533625               
10241          0.0671921853641               
8594           0.0283311113777               
5353           0.039213148519                
6913           0.0189711991235               
2603           0.0402337148809               
1899           0.107567291332                
938            0.0221926397031               
490            0.0632984616824               
499            0.0467863668949               
3098           0.0188073300498               
1678           0.0230254075426               
11270          0.0797039556746               
6329           0.0329258838194               
10196          0.0575425607212               
626            0.0435100408879               
5456           0.0436666895821               
8720           0.0242690459702               
787            0.0592981372053               
9781           0.0358557637774               
3706           0.0261715755143               
3468           0.0318179554699               
9588           0.0246249719415               
9572           0.0374111821372               
10728          0.0221198681831               
