33
10213          0.150197713697                
9309           0.0338441745552               
7519           0.233196234476                
1532           0.176133617043                
11062          0.129905797291                
9262           0.323658457897                
12218          0.0352579755491               
10538          0.134322741758                
4524           0.129905797291                
8163           0.470091774114                
4041           0.0963614126638               
711            0.177373721972                
10285          0.0344053558014               
8331           0.112720019136                
2267           0.24129312114                 
11077          0.156697258038                
480            0.134900572661                
4060           0.134900572661                
9596           0.134900572661                
3306           0.194946746257                
1392           0.177373721972                
8064           0.162573452196                
1451           0.166072685636                
8842           0.108602816562                
6346           0.179940805616                
8641           0.166072685636                
5022           0.196698713943                
9539           0.103771277004                
367            0.0624687115454               
280            0.173734006508                
2353           0.0539399877733               
6798           0.102465124974                
1196           0.167104161406                
