408
11343          0.0776703368874               
7784           0.0163745750579               
10878          0.0342726335554               
6933           0.00919152817604              
4853           0.0213090928933               
5680           0.0460666151499               
3786           0.0151865380375               
4524           0.0154956251687               
85             0.013976377321                
8163           0.448593739678                
11135          0.0685452671107               
502            0.0367797431654               
12177          0.0211577679194               
10789          0.0754426913361               
6453           0.029710098667                
1448           0.032894617816                
2659           0.0363237773347               
4169           0.0435702650876               
9984           0.0224786519608               
11195          0.118840394668                
10105          0.0162314749339               
11654          0.0251475637787               
4333           0.0169014438912               
3664           0.0351204557801               
2461           0.061820404641                
7013           0.0278164755966               
12272          0.0460666151499               
4428           0.0224104897633               
8911           0.0198368531514               
3033           0.0291832298337               
857            0.116505505331                
297            0.0460666151499               
3649           0.0208651710176               
840            0.0396194802858               
4982           0.00881394243697              
132            0.0148338279648               
2880           0.00832777650755              
2882           0.022664082433                
2031           0.0254277059059               
7545           0.0460666151499               
10869          0.0497577185354               
7704           0.0174741829203               
11696          0.326918329123                
11965          0.0719724257722               
5049           0.0354715350635               
8084           0.0286954254858               
9633           0.0202035624499               
8808           0.0891302960011               
3646           0.0354727372088               
10067          0.0342726335554               
8950           0.0195703557091               
10871          0.0533705953335               
8373           0.0460666151499               
2657           0.0155592232138               
8296           0.0354715350635               
2795           0.0442455255568               
6027           0.125412819507                
3451           0.0460666151499               
3718           0.0148338279648               
1951           0.0284689429328               
7975           0.0927306069614               
1003           0.015688292966                
2133           0.0154326357267               
1142           0.0208651710176               
11612          0.13819984545                 
9310           0.0455248935121               
10383          0.0184888561015               
481            0.0113242358216               
2092           0.0234629216401               
10254          0.0415040802616               
8908           0.0263476674321               
9131           0.111265902386                
2668           0.0415040802616               
10183          0.0117401012409               
10285          0.0369359380084               
11706          0.0270411868491               
7237           0.0076804488152               
11077          0.0373828116399               
480            0.0321828394512               
8441           0.0622875652436               
11041          0.00904738344238              
77             0.0532321177267               
946            0.0302828376961               
5738           0.0178253246474               
8404           0.0230513909899               
7014           0.0260822819818               
8336           0.0193393724845               
6102           0.0295536751923               
4409           0.0354727372088               
2059           0.037355601189                
11463          0.0332579603741               
8678           0.027417423332                
8862           0.0219517831275               
2824           0.0302828376961               
7166           0.0304944105091               
5413           0.0246206949454               
6759           0.0178592562584               
10793          0.0426181857865               
2249           0.0246206949454               
4041           0.0344829952744               
2415           0.0526953348643               
9278           0.0146507630677               
7523           0.0254277059059               
4567           0.0216225972128               
1209           0.0460666151499               
2070           0.0170600623245               
6061           0.0286954254858               
11093          0.0230513909899               
697            0.00959209868459              
1532           0.0210098437963               
1886           0.014077646187                
488            0.0270411868491               
12082          0.0526806836702               
3740           0.021553465313                
6858           0.0232539407083               
11238          0.0124975274361               
11458          0.0140720101176               
10132          0.0278526424264               
8351           0.0526953348643               
8420           0.0208651710176               
5371           0.0388351684437               
10642          0.0388351684437               
11460          0.0557680556778               
6491           0.0168235453908               
9538           0.134588363127                
7705           0.0266852976667               
1503           0.0166555530151               
10718          0.0282577418632               
423            0.0243722750312               
5127           0.0143378518635               
3932           0.0291832298337               
1554           0.0127013315321               
3109           0.019688959755                
7919           0.0107752088476               
8838           0.0309912503375               
8411           0.0327491501158               
4294           0.0174741829203               
2269           0.0243722750312               
623            0.0822522699959               
10879          0.0460666151499               
2089           0.0175602278901               
4906           0.0134921630176               
8288           0.0380148382675               
1612           0.0368995335526               
80             0.0142849813266               
6242           0.0105340380158               
11806          0.017305395558                
4986           0.00867775110021              
8279           0.0141288709316               
12129          0.024230970359                
5650           0.0939753348081               
4885           0.0160914197256               
7300           0.0354727372088               
1618           0.0207236097238               
8859           0.00791495494797              
3507           0.0199327782384               
8443           0.0243722750312               
6048           0.0192268510016               
6620           0.0122224042542               
4275           0.0154326357267               
9627           0.011093252597                
9763           0.0208651710176               
10213          0.0358322341449               
9640           0.0268912889489               
3049           0.0369415453733               
1930           0.0369415453733               
11462          0.0388351684437               
1709           0.0169014438912               
11179          0.119420436271                
637            0.0415040802616               
11891          0.011290737803                
8624           0.0388351684437               
4852           0.0109330902804               
10160          0.0332579603741               
1030           0.0323790104849               
2145           0.0502951275574               
5015           0.0174741829203               
3427           0.0271421503271               
9546           0.0160315170966               
8720           0.0140268170043               
10543          0.0161610748355               
11155          0.0180081793628               
1901           0.0442455255568               
12175          0.0239019073728               
8681           0.0625955130527               
5383           0.0145536858376               
11698          0.0332579603741               
399            0.0323790104849               
8136           0.01029997437                 
11967          0.0139326998979               
8485           0.108049076177                
3589           0.041929131963                
5375           0.0278164755966               
2920           0.0181962591996               
3535           0.0457097768873               
4654           0.0249150260974               
12179          0.0203163243793               
2353           0.00643415343712              
2362           0.0342772950877               
6019           0.0138766428909               
5653           0.0632074434749               
8721           0.0401983571397               
11952          0.0176474125614               
2343           0.0257203028078               
1778           0.0594201973341               
10157          0.0177357675318               
5456           0.0252381022601               
5277           0.0747450782923               
330            0.0416299286727               
3468           0.0183898715827               
8715           0.0323790104849               
6395           0.054570490883                
10728          0.0127846534859               
6063           0.00974882862366              
5683           0.00754539088989              
7454           0.0104255641736               
7428           0.0190074191338               
6068           0.0183898715827               
9864           0.0208651710176               
2020           0.0210098437963               
10538          0.016022494002                
10149          0.019688959755                
6639           0.0110287192717               
7769           0.0260265136679               
8811           0.029710098667                
8121           0.0115636202554               
1736           0.0332579603741               
5915           0.0254277059059               
5996           0.0126600627671               
1602           0.0117759724275               
7453           0.0144990105625               
8331           0.0403369334233               
7913           0.0388351684437               
2648           0.0169802753299               
634            0.148550493335                
12156          0.0205850288904               
4408           0.0109966883255               
8997           0.0202594635653               
3771           0.0230513909899               
4661           0.0221227627784               
9596           0.0160914197256               
8466           0.0257203028078               
2548           0.0164510963384               
3306           0.0232539407083               
2366           0.0332579603741               
4633           0.0143911505066               
9661           0.027417423332                
1481           0.0354727372088               
2971           0.0176474125614               
6145           0.0150907817798               
8945           0.022664082433                
4776           0.0426181857865               
6358           0.0291832298337               
10692          0.0177809325074               
4600           0.0232539407083               
2175           0.0643919363386               
902            0.0685452671107               
8327           0.0282412905026               
7718           0.043903566255                
1196           0.0199327782384               
7476           0.0191326720865               
11973          0.0286954254858               
5348           0.0302528497333               
5916           0.029710098667                
4690           0.0500113819997               
2246           0.0102712930764               
8350           0.0234629216401               
668            0.0193393724845               
12218          0.0168227865026               
4921           0.0080975278788               
4677           0.0133080294317               
9755           0.0665159207482               
9419           0.0251475637787               
2278           0.0179161170724               
10591          0.0207236097238               
2160           0.0147203364213               
2686           0.0144990602423               
2837           0.0159542825475               
8444           0.0228548884436               
8932           0.0520530273357               
8364           0.0234629216401               
2581           0.0266852976667               
4768           0.0178253246474               
578            0.0455596141124               
2267           0.0143911505066               
4069           0.0354727372088               
2687           0.025738087398                
8753           0.0169802753299               
8778           0.0192268510016               
1893           0.0388351684437               
5407           0.00900002822765              
7285           0.0112574093953               
4121           0.0292175371123               
10218          0.194175842219                
8694           0.015753789491                
873            0.0115985399471               
8842           0.0259090598389               
1574           0.0180081793628               
8641           0.0198097401429               
6071           0.0460666151499               
7546           0.0354727372088               
10923          0.0123782067104               
367            0.0223544697558               
8291           0.0225432726732               
2078           0.0165208554436               
11394          0.0520530273357               
5165           0.0222983024201               
1938           0.0183830563521               
10182          0.0254277059059               
11918          0.0216154169234               
7393           0.0133080294317               
4255           0.0354727372088               
1909           0.0232672917562               
214            0.0174741829203               
7518           0.0181901636277               
4359           0.0296676559295               
8390           0.0316037217375               
6126           0.0266852976667               
8524           0.0214918038752               
711            0.0211577679194               
7171           0.0205425861528               
660            0.00839199503114              
3148           0.0278164755966               
5205           0.00867775110021              
10288          0.0774781258437               
7863           0.0291832298337               
12020          0.0123389090029               
5604           0.0137783970901               
3868           0.0112242488896               
3229           0.0460666151499               
4302           0.0460666151499               
4753           0.0109966883255               
5014           0.0286954254858               
7532           0.08780713251                 
8839           0.0216225972128               
7452           0.0141288709316               
4029           0.0144268750784               
2140           0.0207236097238               
6974           0.0692215822319               
755            0.0177357675318               
11992          0.0144990602423               
9262           0.0900833058931               
11733          0.0236787556142               
6163           0.0127428606696               
4743           0.0204493055983               
2141           0.0234629216401               
10314          0.0241328905974               
5792           0.0148338279648               
8190           0.0101017812249               
8422           0.0317735414199               
5483           0.0230513909899               
6567           0.0228548884436               
1874           0.0221227627784               
8372           0.0246206949454               
8741           0.0169014438912               
8550           0.0199327782384               
5786           0.0921332302999               
8347           0.0632797771344               
9261           0.197087046618                
8241           0.0309102023205               
9309           0.0201852670931               
5022           0.0234629216401               
110            0.0292175371123               
2408           0.0203163243793               
540            0.0811235605474               
2676           0.0198097401429               
319            0.0358322341449               
1460           0.0354727372088               
9554           0.0277532857818               
3865           0.0323790104849               
8901           0.0241328905974               
9574           0.0286954254858               
753            0.239908434888                
7089           0.0460666151499               
186            0.0482657811949               
4060           0.0321828394512               
7313           0.0460666151499               
7328           0.0316037217375               
2816           0.0169014438912               
4203           0.0165952330311               
8287           0.0224786519608               
6882           0.0354727372088               
940            0.0260822819818               
2995           0.0232539407083               
729            0.0270411868491               
3445           0.0270411868491               
7373           0.0415040802616               
8064           0.00969616957115              
5655           0.0251475637787               
11455          0.0191162207259               
1739           0.0228515300584               
10813          0.0367830315075               
3098           0.0108701008384               
2948           0.0354727372088               
12041          0.055905509284                
8362           0.0461027819797               
5999           0.0228515300584               
9329           0.0286954254858               
5486           0.0342726335554               
2750           0.0321828394512               
2661           0.0158199442836               
11292          0.0187355207201               
1515           0.0101017812249               
10998          0.00525271555482              
1451           0.0396194802858               
9588           0.0142325320733               
3706           0.0151264248666               
4222           0.0178253246474               
