50
10213          0.192797548836                
1938           0.0494555850251               
9183           0.340091553344                
7428           0.204541185116                
6933           0.0494555850251               
10344          0.332628505234                
8911           0.0355778045055               
12218          0.045258020881                
11086          0.094952993201                
11458          0.0378576597665               
4524           0.0833751682389               
10538          0.0862100185362               
2362           0.122954068803                
1532           0.113044762126                
5277           0.0670284183417               
906            0.128605688815                
10285          0.0220817884043               
1901           0.119032891444                
9538           0.090520125007                
4768           0.0959102601673               
3307           0.267724477644                
8331           0.0723451205052               
7237           0.0206625645995               
11077          0.100570263406                
4122           0.138389677758                
1143           0.162938678509                
4060           0.0865808776488               
9596           0.0865808776488               
6974           0.186225499181                
8291           0.0242590941806               
614            0.0609307502294               
9262           0.276970737688                
840            0.106587530299                
8163           0.301710790218                
7166           0.0820385295481               
1612           0.066180073072                
8641           0.106587530299                
5381           0.147521139553                
6759           0.0480464156482               
10793          0.114654890374                
10157          0.0954283925757               
3702           0.0627854525955               
7951           0.0807505068177               
367            0.0801864034307               
7453           0.0390064108993               
5498           0.105937663963                
7014           0.0701686645297               
1451           0.213175060599                
4567           0.232683439455                
1196           0.107249544371                
