89
6394           0.0427728369911               
3348           0.125599894551                
7527           0.0440689719165               
9955           0.108153795063                
9634           0.134779641833                
8293           0.0400243675152               
4207           0.0762115314756               
214            0.0663936391897               
10545          0.0534884043418               
11029          0.0310813730665               
10258          0.157695895846                
10146          0.0803895218284               
2086           0.0706307544084               
956            0.059856956981                
8795           0.0568003176208               
4753           0.0417822201069               
4366           0.350062745584                
7919           0.020470351366                
9085           0.142037022231                
10849          0.0540768975317               
2652           0.0657523269588               
7440           0.0667205694219               
2089           0.0667205694219               
3321           0.044471283111                
832            0.0691371878969               
9625           0.0440689719165               
3262           0.0966132687886               
840            0.0752676531709               
6242           0.0400243675152               
3303           0.105689465008                
11591          0.0317226852975               
8918           0.0702489178828               
9606           0.231577301781                
9608           0.136145560341                
5471           0.1403604189                  
10194          0.109029059315                
11821          0.0603622227843               
6654           0.107303560941                
2408           0.0771924339272               
9607           0.0636290082874               
755            0.0673875371243               
69             0.0544770629747               
5370           0.0403661925168               
7793           0.0734804783004               
12256          0.160465213025                
8970           0.0503923349051               
4742           0.0673875371243               
12218          0.0319593202817               
3702           0.0443364590291               
557            0.0527246867832               
2223           0.134779641833                
1969           0.157695895846                
6538           0.0706307544084               
3796           0.0518017109508               
1457           0.1403604189                  
8218           0.0599943738466               
10285          0.0155932348403               
11341          0.120079211009                
6042           0.0645952974052               
2162           0.0792777918425               
8136           0.0782700724954               
9243           0.0364454430884               
7785           0.0726326070488               
10792          0.175031372792                
5926           0.134779641833                
804            0.189055821747                
4121           0.0555064184087               
8291           0.0856537852927               
4759           0.189055821747                
8166           0.0614044488626               
10330          0.0521668241012               
5867           0.118235394106                
8483           0.0883539880616               
1161           0.191097722124                
2745           0.0630540448823               
8721           0.0509115882963               
7589           0.0757351398029               
11323          0.175031372792                
3091           0.0815529784235               
6775           0.262686732659                
6329           0.0361529273957               
1364           0.105689465008                
9261           0.0534884043418               
9278           0.0121012995026               
6656           0.175031372792                
2683           0.0509115882963               
2078           0.0627714451905               
1932           0.0977249987745               
7274           0.134779641833                
