178
355            0.0484091934161               
3384           0.0342550223876               
9782           0.0408187141164               
4809           0.0192554555214               
8163           0.567607023631                
7454           0.0121767674473               
7428           0.0444002681699               
2919           0.0756355578047               
3504           0.0385917944425               
3786           0.035474903599                
10538          0.0748552999684               
10149          0.0459923089482               
2131           0.0615466777161               
7364           0.0422842027956               
7784           0.114750274925                
5303           0.0553122489594               
578            0.035474903599                
7453           0.0169344389326               
8331           0.0628165471789               
6052           0.0265314313624               
10972          0.0494934128864               
634            0.208203387144                
12156          0.0480854763388               
10105          0.0379158177545               
8997           0.0236624869729               
9596           0.03758865662                 
1916           0.109616145731                
10385          0.028107709973                
2548           0.0384288410738               
3306           0.0543199050954               
7977           0.06497773145                 
1778           0.208203387144                
5827           0.0228967191116               
6902           0.0828623304253               
8294           0.101606981743                
2971           0.0412233688708               
1818           0.101018355835                
11806          0.0404244362769               
2480           0.065970075314                
11230          0.0221080337644               
2835           0.0451756926338               
11696          0.117486605387                
10692          0.0553803519972               
8136           0.0240601641366               
11041          0.0422683635533               
11965          0.028020593631                
5049           0.124289283422                
8158           0.0569322715347               
9633           0.023597196033                
7171           0.0239931662387               
3295           0.069401129048                
8690           0.036049774039                
5370           0.0496341544888               
8296           0.0414297611406               
6027           0.0418510475821               
12218          0.0196485442559               
9755           0.0776887355934               
2075           0.0755027341229               
10137          0.0351953323839               
9310           0.0625550620097               
6489           0.0640455676755               
8444           0.0533877413209               
4041           0.0268501162049               
8869           0.0681703929168               
10285          0.0191733968152               
4768           0.0416389615544               
2267           0.168084614031                
11077          0.0436620787408               
480            0.0751773132401               
6042           0.0198565480837               
4122           0.0600811890368               
8218           0.0184422274823               
10049          0.0623353630632               
10330          0.0320720886117               
2034           0.0529420291502               
8842           0.030261057453                
4146           0.0249587924709               
41             0.0468547402076               
1687           0.073824526646                
8641           0.0462744451801               
4123           0.101777702723                
10793          0.0497768493587               
9261           0.0986537827424               
502            0.042957711625                
9278           0.0208316124015               
1196           0.0465618552907               
8291           0.0421278594457               
11394          0.0607964804822               
8324           0.0623353630632               
10924          0.024195042135                
1716           0.0369545051689               
8064           0.0226497098923               
10543          0.0377513670614               
1938           0.0214708958137               
1532           0.0490778202028               
4251           0.0756355578047               
12058          0.030261057453                
11918          0.0252462025815               
5320           0.0382500916418               
614            0.0264527816092               
8293           0.0246069237239               
3740           0.100695379331                
4771           0.0392988612323               
7518           0.021245602505                
11458          0.0164357143522               
4101           0.0800589554026               
628            0.0341252664005               
10586          0.0214708958137               
6235           0.023597196033                
9538           0.0392988612323               
7705           0.0623353630632               
6962           0.0317365990867               
7863           0.0681703929168               
5110           0.0494233626822               
1503           0.0194532202185               
4082           0.0722045040707               
1143           0.0707390153914               
8901           0.0563730828842               
4060           0.03758865662                 
7452           0.0330042523862               
6974           0.0808488725538               
1876           0.0416389615544               
11384          0.0459923089482               
11141          0.0607964804822               
9262           0.0300613664225               
2089           0.041019710354                
3321           0.027340881052                
8033           0.0563730828842               
1612           0.0287317489652               
12035          0.0416389615544               
4982           0.0205888766424               
9627           0.0518264354268               
6567           0.0533877413209               
11209          0.0436620787408               
6620           0.0571017056815               
8987           0.0377513670614               
10213          0.0418510475821               
9309           0.00943033102716              
4064           0.107609036868                
4852           0.0510781749968               
470            0.0607964804822               
2444           0.0338689939143               
1030           0.0756355578047               
11262          0.0275922652872               
2362           0.0266899481605               
5508           0.0457152565296               
2037           0.0969512105139               
11155          0.042066099944                
3614           0.0593976990365               
1901           0.0516775367086               
6639           0.0257624714743               
6388           0.0480854763388               
8279           0.0330042523862               
2888           0.039480827773                
11967          0.0162730039108               
8485           0.168264399776                
3259           0.0541870814137               
3535           0.106775482642                
1129           0.0533877413209               
2206           0.0326480358396               
6019           0.0324150617882               
5655           0.0587433026934               
10474          0.0516775367086               
1739           0.0266899481605               
3098           0.0507838953688               
8225           0.0512781378056               
12041          0.0326480358396               
7914           0.0569322715347               
9546           0.0187243637143               
8925           0.182861026118                
10157          0.0414297611406               
12175          0.0558335189884               
11292          0.0875302573615               
3445           0.0631667002914               
8482           0.042957711625                
1451           0.0925488903602               
10115          0.0543199050954               
10728          0.0895927068122               
