73
2207           0.100433249284                
8163           0.311150230861                
3243           0.115763133161                
7428           0.0791027024467               
8293           0.087678486896                
10538          0.0666804139256               
10149          0.0819390530625               
11458          0.0292815668799               
1532           0.0874361432542               
502            0.076532670196                
3772           0.0730799627192               
5303           0.0985432870439               
5915           0.10582184988                 
578            0.0632014368242               
10393          0.0650196880623               
11164          0.0951146195749               
8733           0.269958671624                
10718          0.0587997699922               
4952           0.0444661263463               
3307           0.207075457011                
4753           0.0915292874205               
10079          0.323238705082                
8997           0.0421566522751               
4060           0.0669672603914               
9596           0.0669672603914               
1916           0.0976450561736               
3710           0.10582184988                 
5110           0.0880517553903               
7237           0.015981766199                
9262           0.107113556799                
11077          0.0777875577152               
9538           0.0700141295241               
7014           0.108545982819                
8528           0.0730799627192               
11965          0.0499209750691               
1196           0.0829537463677               
10213          0.074561057859                
9309           0.0504027137647               
8466           0.107039543113                
11812          0.0804841844324               
4690           0.0693770406427               
4852           0.0454999693113               
3642           0.0484154540809               
12218          0.0175027428194               
7198           0.0452378277206               
2075           0.269028569304                
9310           0.0334340849322               
2362           0.0475503215335               
5277           0.1036882431                  
6612           0.0678462744337               
1901           0.0920677504423               
10285          0.0170794858419               
7717           0.345452992661                
2267           0.0598912923619               
7784           0.272582643521                
6974           0.144038866709                
8485           0.149888382396                
10049          0.111055538165                
8291           0.037527110396                
6105           0.0727218715131               
614            0.0471277899608               
1739           0.0475503215335               
8641           0.0824417017924               
5022           0.0976450561736               
7671           0.103537728506                
9261           0.0585865892495               
11179          0.0709984361516               
9278           0.00530188830319              
6388           0.0856682016486               
103            0.0573412117415               
1451           0.0824417017924               
11394          0.108313893218                
4567           0.0899862238746               
