35
10213          0.144773759408                
8163           0.151038591578                
4690           0.13470805376                 
8293           0.0851218084322               
3642           0.0940073478303               
12218          0.0339847361436               
2075           0.130591888329                
11055          0.174724504981                
7784           0.396951322699                
4463           0.166340285003                
4493           0.298511467658                
906            0.193142798375                
2750           0.130029030201                
5915           0.205472232752                
12177          0.170968385058                
3307           0.201037198596                
8733           0.174724504981                
7237           0.0310314853498               
8485           0.145517681979                
9596           0.130029030201                
4771           0.13594507688                 
2206           0.112938126017                
1451           0.160075452833                
8842           0.104680941201                
12138          0.0798557445469               
12227          0.14860200083                 
1739           0.0923275367484               
11869          0.127835333868                
11806          0.13983873642                 
8925           0.31628214501                 
2391           0.313813161083                
9278           0.00514728682543              
8291           0.0364328310767               
6620           0.0987648945214               
9261           0.113756443646                
