114
3800           0.113989824071                
3384           0.0582525885422               
1186           0.0376967146209               
11772          0.0610568167481               
7454           0.0414145532211               
10081          0.0641983189341               
6933           0.0730249272829               
7571           0.0671393639607               
614            0.0449844401045               
5200           0.0823225509478               
4387           0.0404628737516               
1938           0.0365124636415               
2021           0.0347406378379               
6714           0.0551236322531               
10893          0.0584751238398               
7322           0.108913083154                
7740           0.0791810487618               
7453           0.0863938921571               
11029          0.0324955591654               
12227          0.0730520001327               
5399           0.164870976023                
1445           0.125686421105                
7159           0.0823225509478               
3830           0.140912044526                
10865          0.0615548839909               
9590           0.0777413600431               
11846          0.0900308925733               
3274           0.0561255839404               
10279          0.100581768914                
7585           0.115927580032                
1053           0.0662218052664               
3064           0.128955953139                
5455           0.0708093916071               
6265           0.0553209746211               
7452           0.0561255839404               
1037           0.0697563201779               
1466           0.162465808264                
7154           0.0312040502586               
11906          0.120654130045                
8911           0.0262666651863               
414            0.113989824071                
12020          0.0490151319469               
10762          0.0730520001327               
8217           0.125542751844                
10139          0.0782125032338               
132            0.0589259581055               
4986           0.0344715335109               
8190           0.0401283565285               
6181           0.0633768564143               
2444           0.0575961254529               
9539           0.147513714957                
11230          0.0375959524937               
771            0.087201351936                
10692          0.0470886987273               
280            0.164645101896                
10393          0.0620626230443               
9201           0.118769404293                
9309           0.0481104219048               
152            0.103387827988                
2009           0.0777413600431               
7643           0.164870976023                
2024           0.132114056084                
2323           0.0858936924792               
12256          0.0559220985582               
6443           0.112185816429                
11890          0.0350125405269               
12218          0.0167067262581               
4921           0.0321666524432               
11197          0.0674525142861               
2937           0.0998962838992               
2133           0.0613046644772               
6129           0.128622511995                
9310           0.0106378394597               
9303           0.0852635959744               
1944           0.236041031826                
8411           0.13009285616                 
6395           0.0361293397228               
1314           0.074661599892                
4316           0.11695024768                 
6639           0.0438105289682               
1306           0.112185816429                
10285          0.03260543762                 
12109          0.048248281103                
6052           0.135354565275                
7919           0.0214017415681               
7237           0.0152549229434               
652            0.182995208037                
660            0.0666727898964               
10973          0.182995208037                
2687           0.0511210411546               
2888           0.0671393639607               
10595          0.0613046644772               
2173           0.0596171280293               
6048           0.0763768205559               
10495          0.087201351936                
6347           0.146746744009                
2925           0.0620626230443               
8483           0.0923740479679               
3427           0.0359398625194               
41             0.0796791160046               
10834          0.15426897994                 
210            0.0435566654242               
4479           0.0633768564143               
3098           0.0431804324635               
5927           0.0653353563196               
2372           0.0726646191267               
9546           0.0318418316245               
9278           0.0101215218033               
8246           0.122787812512                
11292          0.0496167054412               
3706           0.06008827122                 
10948          0.306523322386                
10998          0.0417318169604               
6703           0.146746744009                
