46
10213          0.129008619031                
9309           0.0290696183991               
8163           0.403773726665                
8842           0.0932817087735               
8293           0.0758524680172               
12218          0.0302839678677               
4921           0.0583078847376               
10538          0.115373203706                
2075           0.116371082983                
4524           0.111579378274                
1532           0.151285623065                
8720           0.101002928469                
6612           0.117390423666                
367            0.0536559579419               
3307           0.179145250291                
159            0.121702259882                
8331           0.096818078304                
2267           0.207252770855                
7784           0.11790843445                 
1574           0.129671532144                
1916           0.168949505464                
77             0.0958271533981               
8485           0.518686128574                
8997           0.0729411793387               
4060           0.115869517298                
9596           0.115869517298                
6974           0.124610995434                
3259           0.0835176291437               
3535           0.164571239644                
6102           0.106403603203                
9262           0.0926661479796               
6019           0.0999215694394               
1841           0.136096051624                
8641           0.142644034355                
11806          0.124610995434                
5022           0.168949505464                
614            0.0815424468939               
9261           0.101368934264                
5456           0.0908660260024               
9278           0.00917354592184              
11292          0.0449696334898               
8291           0.0324654774719               
230            0.0917575415946               
2652           0.124610995434                
11965          0.0863753310275               
1196           0.143529995008                
