125
993            0.200330184682                
1938           0.0493415049621               
8163           0.501691381101                
9261           0.0377854604745               
7428           0.0510173415967               
9262           0.138165922221                
8294           0.0389165674732               
8293           0.028274149797                
4387           0.0546799335591               
10538          0.0430055781892               
10149          0.0528466478502               
4524           0.0831828452799               
5022           0.125952490419                
1532           0.0563919998979               
1690           0.0525283056765               
7784           0.0879011804129               
8134           0.0433775395622               
11460          0.0498952176985               
1736           0.0892668653895               
8333           0.099153884394                
5363           0.086907697823                
7453           0.0194582170645               
7705           0.0716253446663               
1503           0.0223523780812               
2659           0.0324985828485               
3628           0.0690352259336               
8331           0.0360891203751               
5110           0.0567890393626               
10148          0.0507300586387               
12020          0.099355677554                
6421           0.0291761676722               
1874           0.0593791580953               
4952           0.0860353750424               
4753           0.0295159380021               
5503           0.0667767282272               
4986           0.0698752085786               
6265           0.0373792928708               
9596           0.0431905800119               
6974           0.0464489823912               
8733           0.174110028371                
2548           0.0147186596916               
7154           0.0421679242407               
8001           0.0507300586387               
2267           0.115880788895                
8911           0.0177478682808               
7689           0.074661511252                
8752           0.0952114928816               
2461           0.0829653063106               
132            0.0398151092023               
2209           0.0770206788185               
6108           0.0412548884146               
5483           0.0618716660127               
5731           0.123646257536                
6567           0.0613442384091               
9539           0.0332240371853               
7704           0.0469020203581               
8859           0.0212443339867               
7191           0.198307768788                
10972          0.0284347646544               
8188           0.0402821191055               
6809           0.0399694116035               
11041          0.0242838571817               
11965          0.0321965667311               
1196           0.0535010749856               
4406           0.0476041331166               
12129          0.0216792485665               
7476           0.0256767649681               
11806          0.0464489823912               
7171           0.0275689226313               
8956           0.0323973360807               
3426           0.0618716660127               
9365           0.134995902662                
4852           0.029345236069                
12218          0.0225768117063               
3718           0.0398151092023               
201            0.0395104893692               
3306           0.124830649362                
9829           0.134995902662                
399            0.086907697823                
9310           0.0718777858488               
2362           0.0306676121254               
11977          0.054887473243                
9546           0.0645446952798               
2075           0.173510158249                
7189           0.123646257536                
367            0.0200003590128               
1901           0.0593791580953               
10183          0.0315113141437               
10285          0.0110154259784               
9818           0.173815395646                
4768           0.0956890222925               
159            0.0453647457557               
7237           0.0103074509502               
11077          0.0501691381101               
3535           0.122688476818                
4122           0.0690352259336               
11967          0.0186982068699               
77             0.0357197512569               
8485           0.338347148623                
3259           0.0622627059825               
11299          0.0629762452097               
4121           0.0392110328336               
8291           0.0726094059113               
12179          0.0545305416562               
2034           0.0608321007351               
960            0.0233521380043               
1451           0.0531708314894               
8842           0.104312795989                
4146           0.0573569166949               
11463          0.0892668653895               
10181          0.0471329715243               
11586          0.0437575007147               
2824           0.0812814125046               
12041          0.0375136472265               
5683           0.0202523962775               
697            0.0514918276676               
6329           0.0255392739035               
4041           0.0308516503795               
502            0.0493597975534               
9278           0.00854864114326              
5498           0.0528466478502               
103            0.036982253406                
6102           0.0396621427694               
11394          0.0698571188976               
8064           0.0260252479156               
