159
10924          0.0457187520582               
8163           0.16500700773                 
4387           0.0224803847528               
4006           0.0235809641968               
10149          0.0434533438226               
7784           0.180692644201                
8134           0.0356673359135               
9586           0.0399499404218               
589            0.0782879880626               
5027           0.0682185176755               
2659           0.0801662253923               
3307           0.10981480374                 
8331           0.02967440736                 
6175           0.20333714851                 
4952           0.0235809641968               
4275           0.0340596778432               
3992           0.045430959741                
10105          0.0716454165002               
11654          0.0555004301281               
3746           0.0261490981873               
9596           0.106540823278                
9085           0.0412517519325               
7249           0.20333714851                 
6437           0.0857088412894               
7607           0.0815296334808               
4428           0.0164865780795               
5808           0.0915991038679               
1739           0.050433105906                
4061           0.0473707936485               
11177          0.0323640038845               
10849          0.0314110606829               
6145           0.049957814231                
10139          0.0434533438226               
2880           0.0551379667128               
3524           0.0596796379366               
10692          0.0392423461343               
8955           0.0896758629662               
5683           0.0166526047437               
755            0.0391426674698               
8350           0.0517824412157               
5468           0.183198207736                
7828           0.0298804700347               
8485           0.158975510988                
6027           0.0395406971624               
12218          0.0278457953739               
2075           0.178336679567                
10137          0.0332524048912               
9310           0.00591017646105              
8365           0.0633305266142               
2506           0.0442681653198               
1612           0.0271456379329               
10285          0.00905747312008              
6508           0.508342871275                
2267           0.0317611300316               
11077          0.0412517519325               
2687           0.0568037100466               
77             0.0587413845822               
5420           0.0596796379366               
8404           0.101748394099                
7394           0.0574402640356               
10623          0.064407106094                
4121           0.032241410963                
215            0.0451314197476               
8694           0.104305383288                
873            0.0511957310528               
8838           0.0683973898654               
8086           0.0714601630937               
10893          0.0324876401627               
6759           0.0197076029478               
6547           0.0473707936485               
10923          0.0273185825349               
367            0.0328907324159               
5327           0.0613906927066               
8291           0.0398022278696               
3731           0.053789375358                
9434           0.0655699005152               
8547           0.101668574255                
3432           0.0655699005152               
11918          0.023852508084                
7393           0.0293706922911               
8293           0.0232485200557               
9424           0.0405862687862               
11458          0.0155283951393               
10132          0.0307352562751               
8539           0.04148053107                 
6019           0.0612512333963               
5334           0.077895337809                
11914          0.0385653527613               
11991          0.0315268156777               
10586          0.020285613819                
8524           0.0237161016828               
11029          0.0180538999103               
9538           0.0371294020243               
7194           0.0714601630937               
5205           0.01915171278                 
6265           0.0307352562751               
8405           0.0838983805216               
3304           0.122781385413                
4029           0.0159199869081               
6974           0.114578522054                
8800           0.0513212223196               
9262           0.198812985163                
3098           0.0479804149123               
6163           0.0281233702974               
8690           0.0340596778432               
8288           0.0419491902608               
9625           0.0255978655264               
10376          0.064407106094                
2252           0.0733999970013               
11806          0.0381928406845               
6567           0.0504405178296               
11209          0.0412517519325               
797            0.0574402640356               
7014           0.0287816720826               
6182           0.0532610562271               
6806           0.0484473731283               
9261           0.186415374176                
10213          0.0790813943248               
9309           0.0178194757278               
3079           0.047028961995                
4852           0.0241292245456               
10406          0.0815296334808               
2444           0.0319992857749               
11890          0.0194522857435               
7198           0.0239902074561               
9574           0.0633305266142               
186            0.106522112454                
2362           0.0756496588589               
158            0.0756393709023               
8131           0.023852508084                
938            0.0283084323541               
9278           0.00421749031878              
6639           0.0486805536096               
10100          0.04319158584                 
2661           0.0349144640837               
5383           0.0321198439357               
11967          0.0153746669853               
10843          0.0549074018702               
10595          0.0340596778432               
3589           0.0308457296211               
3259           0.0255978655264               
8066           0.0315268156777               
3427           0.0199674877855               
4748           0.0857088412894               
2745           0.0366255188537               
8721           0.0591449237079               
663            0.0331221154529               
6236           0.0820530398031               
6655           0.0492121378569               
11952          0.0389476689045               
6329           0.0209997586423               
3077           0.0716454165002               
10943          0.0339219784711               
2750           0.0355136077595               
3604           0.0480795769013               
2057           0.0581490472884               
1451           0.0437199049709               
466            0.126661053228                
5827           0.0432654515817               
