199
2070           0.0421329653746               
1186           0.0234364322948               
8897           0.0518876780377               
7454           0.0643696262625               
8345           0.057429888593                
500            0.0614429241903               
3995           0.0518876780377               
6933           0.0227001713719               
6193           0.0846425795768               
8294           0.035808099146                
650            0.139494134575                
5787           0.015157414885                
8545           0.0518876780377               
4387           0.0251561816639               
4006           0.0263877609598               
2021           0.237584701009                
8309           0.0601918211352               
11958          0.0667831903268               
8022           0.113769988885                
105            0.0406196579793               
2430           0.137083699536                
10882          0.0372103746178               
10333          0.0821366573123               
129            0.156759011696                
7439           0.0370645770785               
3258           0.0292615749943               
4887           0.0362162289499               
7186           0.0366348696813               
6798           0.0301854779569               
9004           0.0564443555434               
10153          0.0780512103852               
80             0.0705587836857               
5281           0.0959105996352               
9908           0.0876064565378               
3719           0.0686979086514               
8911           0.0653210155253               
1102           0.0375059521544               
2971           0.0435835349403               
8692           0.0559731249648               
11700          0.0621065394599               
8319           0.0363545814161               
5824           0.0596006171954               
7344           0.0454171742108               
6108           0.0379596462516               
10786          0.0442471502099               
2065           0.105064048958                
2881           0.0348938484761               
9539           0.030570260812                
9598           0.048332597137                
2880           0.0205669775741               
10692          0.0146377623445               
9972           0.0270012796823               
4177           0.0550697638678               
4763           0.0978476021535               
4853           0.0526267287868               
11965          0.0592497195166               
12184          0.0469423216042               
1805           0.0912339487683               
7171           0.279035345851                
3456           0.0601918211352               
2246           0.0253668496228               
4784           0.0459098275687               
7162           0.0747890440156               
5370           0.0262379320959               
2181           0.045176335485                
8950           0.048332597137                
6498           0.0697470672877               
10495          0.0542139706661               
1142           0.0515303819703               
9310           0.0462955736959               
7233           0.0469423216042               
9047           0.0505033257394               
8064           0.119732381113                
7918           0.0705587836857               
722            0.0474842490083               
6206           0.0501749041318               
12177          0.0522530038987               
3545           0.0464178788123               
10620          0.0332064949298               
1975           0.0505033257394               
3166           0.0677123756019               
7231           0.0423324318852               
2561           0.0316779305492               
8441           0.0307661224181               
8790           0.0356743015457               
5407           0.17781781589                 
718            0.0846425795768               
8218           0.0194981023597               
5020           0.0429459506077               
6772           0.0283024792845               
9879           0.057429888593                
3946           0.0442471502099               
8191           0.0400866162363               
4146           0.0791632828795               
8411           0.0808800566864               
7815           0.0846425795768               
7166           0.0376557810183               
8244           0.0564443555434               
1575           0.0501749041318               
11477          0.0912339487683               
2415           0.0650704164209               
9278           0.0188779602825               
5712           0.0733745595183               
6176           0.133566380654                
4686           0.0781405310311               
1722           0.0329791301514               
11371          0.0821366573123               
12238          0.0404400283432               
7520           0.0613357932819               
2687           0.0635649462777               
1895           0.106801970866                
579            0.0293516379208               
9313           0.0242735761245               
29             0.0400866162363               
5162           0.0336709927203               
3784           0.0369200755345               
6848           0.0318876923842               
1158           0.0363545814161               
4856           0.0550697638678               
8433           0.0846425795768               
14             0.0686979086514               
660            0.0621767311301               
1562           0.0596006171954               
10393          0.0385849662934               
11598          0.02550882709                 
10718          0.0697876969522               
10950          0.0515303819703               
3868           0.0277203494821               
2816           0.0417412279454               
8800           0.114859777186                
1974           0.0559731249648               
9890           0.042534376304                
6138           0.0406196579793               
4911           0.0339083154265               
4906           0.0333213810381               
2141           0.115892010973                
9625           0.0286447301712               
9257           0.048332597137                
9410           0.0447051049064               
6554           0.0431557124427               
7596           0.0515303819703               
6048           0.0474842490083               
230            0.0314708409123               
446            0.0464178788123               
12223          0.0493499741079               
9858           0.0511807702881               
11617          0.0542139706661               
9309           0.00997024680609              
7174           0.0912339487683               
119            0.0607534618941               
4633           0.035541596183                
3661           0.0517385846779               
262            0.0376557810183               
9082           0.0511807702881               
4802           0.0309643726393               
12224          0.0347673395368               
6603           0.0898780255575               
7198           0.0268457156564               
9744           0.112872122786                
5437           0.0747890440156               
10866          0.0543166935313               
6745           0.0659042564569               
11179          0.0421329653746               
783            0.0559731249648               
9572           0.106801970866                
964            0.0579460054863               
2453           0.0511807702881               
5801           0.0677123756019               
4997           0.0733745595183               
11143          0.113769988885                
7237           0.028452423957                
6431           0.0601918211352               
2108           0.0382692997408               
11967          0.0516140519776               
2438           0.0538023963624               
4998           0.0477621415301               
8269           0.0621065394599               
2828           0.0584790472293               
2548           0.013543003912                
2812           0.0304732078869               
6648           0.0263126739134               
9746           0.0846425795768               
5653           0.15610242077                 
5155           0.305353745917                
10429          0.0569296547656               
4014           0.0378070036591               
2146           0.0339083154265               
9546           0.11877835061                 
5827           0.0242076274878               
7437           0.0720733599161               
5277           0.0307661224181               
1794           0.0836536682912               
11292          0.0154236061347               
2825           0.0765385994816               
10998          0.0129725483052               
9588           0.0351498587538               
2585           0.0912339487683               
9121           0.0404400283432               
6000           0.0472110271708               
