208
5860           0.0416023450665               
2453           0.0416023450665               
8414           0.112634524385                
9632           0.0440678853089               
12138          0.0396773451633               
4387           0.0613446892795               
3348           0.0165902180493               
4316           0.0295508612377               
5415           0.0549312104375               
2805           0.0296642865243               
8636           0.0634440116673               
3565           0.040784725662                
2870           0.0451255668277               
10631          0.0550400785139               
7955           0.0489269875961               
326            0.0336184715927               
1010           0.0293268903713               
3801           0.0294384012843               
1445           0.285824772234                
12109          0.024382646264                
7159           0.0832046901329               
2659           0.0486129697459               
11824          0.0542847892475               
1777           0.0942029477827               
956            0.0632510064843               
487            0.0833188373899               
4408           0.0220756918511               
9153           0.0771952474082               
6705           0.0542847892475               
3664           0.0705038041022               
7154           0.0315384217662               
1533           0.0804213659639               
4423           0.0277581772759               
170            0.047982731364                
8919           0.0292163126151               
9456           0.0795355303526               
6145           0.0151472624531               
2165           0.0440678853089               
2739           0.0232839002268               
2831           0.0779610357386               
9539           0.0248490699126               
10692          0.01189832112                 
4790           0.0634440116673               
7285           0.0225990856062               
8526           0.0451255668277               
11202          0.0566939798746               
9069           0.0672011268736               
9607           0.100855414778                
8945           0.0454978158032               
7828           0.0271793709636               
5370           0.0213275317808               
8296           0.0356042953283               
12256          0.0847820098238               
12231          0.062051781526                
9833           0.0499439480819               
12218          0.00844287479821              
1951           0.0190503296056               
812            0.0359663444078               
9310           0.0860146461195               
2640           0.0746357070323               
10285          0.00823870647407              
6546           0.108569578495                
6052           0.114004147225                
3875           0.0585849093801               
5162           0.0273695032332               
8441           0.0250082762333               
11041          0.0181624906537               
627            0.0352519020511               
9243           0.0385119971575               
6611           0.0550400785139               
8218           0.0633962152537               
5637           0.0924780598098               
10972          0.0850682234558               
9891           0.0684956539075               
12031          0.0712110039458               
10330          0.0275624112544               
960            0.0174656350955               
614            0.0454664773699               
5609           0.0596425908989               
10455          0.0321649236393               
2059           0.0187477064993               
10246          0.0410516835246               
1252           0.0550400785139               
8862           0.0440678853089               
5413           0.0988513739205               
4123           0.0437333366863               
6775           0.388614481863                
2084           0.0300105237499               
6904           0.0607321557693               
6130           0.0489269875961               
9261           0.0565213398826               
9020           0.0607923561684               
3349           0.0345741142664               
9278           0.0166237182022               
8057           0.0213882857488               
10265          0.0282606699413               
11852          0.0347403298513               
2683           0.0268992057388               
2353           0.0258329388624               
2070           0.0342478269538               
2687           0.0258344180274               
1938           0.0184518591097               
11882          0.0357840799352               
6760           0.0650003925502               
8293           0.0634407842527               
3012           0.0925506641944               
11835          0.0236400933501               
11238          0.0250886045339               
214            0.0350791680259               
11458          0.0141246778069               
11664          0.0274656052187               
12073          0.0566939798746               
4359           0.0297786938603               
11862          0.0508003716342               
10679          0.0833188373899               
4164           0.0437333366863               
10586          0.0553555773291               
8524           0.0215722418254               
7453           0.0436598291935               
2838           0.0924780598098               
1503           0.0334357803994               
5205           0.0174204591036               
10288          0.0311072421206               
10718          0.0283635028709               
423            0.0489269875961               
7793           0.0388235089442               
5361           0.0361511581164               
7919           0.0865243000841               
6974           0.0694806597026               
11064          0.0428986406732               
10182          0.102091499449                
9565           0.0462753320972               
994            0.0650003925502               
4771           0.03377302265                 
4417           0.445393316128                
6700           0.0634440116673               
9262           0.129172090137                
3312           0.0437333366863               
12255          0.0708538480213               
5792           0.0297786938603               
12127          0.0327273048846               
11806          0.0347403298513               
9096           0.0434070493736               
12129          0.0324288803481               
2807           0.0779610357386               
11209          0.0375227252907               
103            0.0276599317322               
6554           0.0350791680259               
7183           0.0237853032154               
10425          0.0240805996329               
7430           0.0418865273045               
4952           0.0214493203366               
4654           0.0250082762333               
7014           0.0523598016749               
10822          0.0741596149701               
5751           0.0688018133187               
8970           0.0532497150307               
2258           0.0237124988177               
9955           0.0285716011049               
110            0.0293268903713               
9018           0.0566939798746               
262            0.0306085427564               
12145          0.0402664645404               
11773          0.0462753320972               
9085           0.0375227252907               
11890          0.017693861231                
7198           0.0218215693122               
9554           0.0557143174964               
9416           0.0314940199209               
11340          0.0741596149701               
11288          0.0779610357386               
3427           0.0181624906537               
10543          0.0324431226466               
6395           0.0182582444405               
675            0.0558411701304               
761            0.0712110039458               
7364           0.0363385933834               
11793          0.110080157028                
10148          0.0379422514715               
2738           0.102262967168                
4451           0.0371161096774               
447            0.0405230544427               
11555          0.0779610357386               
8136           0.0206770487201               
8485           0.0723023162329               
8730           0.0416023450665               
3812           0.0344099635249               
8291           0.0633574087549               
10595          0.0929423751961               
8059           0.0280573741658               
11204          0.0369173996958               
11724          0.0986151637126               
69             0.0287830290517               
1909           0.0700631246177               
5999           0.0458741141846               
6329           0.0382028950429               
9237           0.0226659918998               
3077           0.0325844498202               
10943          0.0308555399434               
5277           0.0250082762333               
2750           0.0323032910268               
11292          0.0125370951037               
1515           0.0202791788644               
2825           0.0311072421206               
10998          0.0210895001363               
9572           0.0434070493736               
10728          0.0256650059023               
5624           0.0427776940125               
