54
9309           0.0486131590321               
1938           0.0553410092257               
7784           0.0985892108463               
7428           0.114441226474                
5320           0.0985892108463               
4852           0.0658267307117               
8842           0.155995117691                
1451           0.119271898101                
12218          0.02532195858                 
7198           0.0654474793812               
10538          0.0964693760823               
10149          0.118544694917                
2089           0.105727874088                
2362           0.0687930620222               
1532           0.126497567879                
502            0.110723052079                
6612           0.0981560758071               
2750           0.096884369001                
711            0.127388200003                
9538           0.101292403489                
2659           0.0729002641741               
8331           0.0809544964291               
2267           0.0866472666676               
11077          0.112538550947                
480            0.096884369001                
11282          0.153096947556                
8233           0.145301031082                
8485           0.216849864607                
9243           0.0577527927491               
9596           0.096884369001                
1916           0.14126723414                 
3535           0.13760634445                 
3306           0.140008986822                
8064           0.11675878035                 
230            0.0767231255102               
9262           0.154965714609                
8163           0.562692754737                
1739           0.206379186067                
6421           0.0654474793812               
11177          0.0882919616598               
8641           0.119271898101                
11806          0.104193561385                
132            0.0893125707204               
11588          0.178880683706                
7914           0.146742333976                
10793          0.128299308212                
11965          0.0722227867948               
5277           0.075005084177                
367            0.0448644626262               
5498           0.118544694917                
8291           0.0271460291932               
4125           0.172771466956                
9261           0.0847596974727               
1196           0.120012694653                
