50
9309           0.0264219595117               
1938           0.180471864106                
7784           0.321508026527                
11882          0.116664298754                
6181           0.104418585487                
7454           0.0341169419768               
552            0.157946450578                
6933           0.0601572880352               
7765           0.164587347027                
2181           0.119720938738                
8083           0.153561595876                
6329           0.0622750950788               
207            0.164587347027                
3125           0.206842013116                
4986           0.0567946877207               
2837           0.104418585487                
1522           0.084226121458                
9546           0.0524620374953               
8720           0.183607177084                
3859           0.106232771541                
5205           0.0567946877207               
7919           0.0352611301337               
2267           0.0941881012168               
12020          0.0807564627676               
10816          0.0997908618309               
12022          0.349303207758                
5407           0.0589039472052               
3871           0.123011128857                
3870           0.141516925552                
6766           0.358886531375                
4182           0.117258522692                
4971           0.168335845218                
12238          0.107169342176                
2206           0.0914734677506               
7237           0.0251337406994               
8911           0.0432764920729               
3811           0.191000226435                
2089           0.114929276929                
628            0.0956123814278               
1739           0.0747800610216               
9625           0.075910849102                
4113           0.239441877475                
6008           0.132114441352                
10616          0.14833330311                 
6701           0.137506538698                
9278           0.00416900998833              
10425          0.0785082716905               
10998          0.0687566020681               
8291           0.0295085239687               
4567           0.141516925552                
