312
2132           0.0458353348513               
2207           0.0332593793792               
7784           0.180536418321                
9790           0.0195432263838               
8414           0.0193314276359               
4006           0.0147253601394               
2236           0.0571999423622               
4524           0.0427114086582               
5415           0.0377113047822               
50             0.029367688131                
8163           0.59248123469                 
3654           0.031235102686                
12176          0.083470182202                
3772           0.0242010909975               
8333           0.0509119646262               
2659           0.0333737142119               
10972          0.0292004643305               
10105          0.0223698350818               
2483           0.0435555022643               
3746           0.0163290561368               
1916           0.0646720879974               
3664           0.0242010909975               
914            0.0350438632311               
6437           0.107043422363                
2267           0.0396670869135               
8911           0.00911289403963              
8926           0.024082505854                
7555           0.020057545808                
2880           0.0114771447346               
6087           0.0571999423622               
11696          0.0346577779733               
10784          0.0402669190174               
11965          0.016531782658                
12181          0.0297997523737               
9633           0.013922036103                
585            0.042599710197                
6027           0.123457845282                
1951           0.0130784080714               
557            0.0191244612226               
9310           0.0479786657556               
10813          0.0168978348544               
12149          0.0472337334453               
9131           0.0383360091542               
26             0.0212688937691               
7183           0.0326581122735               
8125           0.0458353348513               
10285          0.0169680788962               
5162           0.0375793531563               
11077          0.0257600536822               
480            0.0221768143043               
8441           0.0171686500188               
5347           0.048887687933                
6058           0.0197600885267               
493            0.0383360091542               
4297           0.0141556533298               
6482           0.0535217111813               
157            0.0409457557093               
2059           0.0128706516411               
6069           0.048887687933                
11638          0.0358691259343               
4479           0.021987815087                
7166           0.0210133378754               
2364           0.0509119646262               
8589           0.0472337334453               
10793          0.058735376262                
8694           0.0217115002957               
9546           0.0110471289585               
11179          0.117558873188                
4684           0.048887687933                
2242           0.042599710197                
62             0.0472337334453               
7523           0.0350438632311               
1722           0.0184035913203               
2123           0.0383360091542               
632            0.031235102686                
2763           0.0163793146271               
1532           0.0289552700991               
10213          0.074074707169                
9444           0.0237357769889               
614            0.0156067941323               
12082          0.0242010909975               
8950           0.0269714016432               
11458          0.00969685585819              
8351           0.036311732461                
8420           0.0287558854951               
11460          0.0512388107437               
11788          0.0354716236669               
11029          0.011273931629                
6491           0.0463716251809               
9538           0.0695574377713               
8733           0.0893992571211               
11422          0.0509119646262               
902            0.0472337334453               
5127           0.0197600885267               
8405           0.0261955757615               
7919           0.0148501381344               
8838           0.0640671129873               
8862           0.0302534286202               
623            0.0377860447557               
11384          0.0271348589357               
5830           0.0176774731482               
11582          0.0571999423622               
2468           0.0535217111813               
1612           0.135610839808                
5992           0.0571999423622               
11806          0.023849887101                
2758           0.0402196375371               
8279           0.0194720759462               
5650           0.0259029170174               
4884           0.03263350128                 
8859           0.0109082038192               
3507           0.0274708838063               
8443           0.0335892933474               
9627           0.015288458512                
5109           0.0323360439987               
2258           0.0162790745541               
4776           0.029367688131                
9640           0.0185304693927               
69             0.0197600885267               
4852           0.0150677265931               
2444           0.0199822621038               
2436           0.0212688937691               
7436           0.025344486324                
399            0.0892479737804               
2712           0.0314980670197               
5015           0.024082505854                
3070           0.0276436820651               
8720           0.0193314276359               
10543          0.0222728113302               
6612           0.0224679077591               
9278           0.0114124938946               
1901           0.0304890687335               
6639           0.0759976010421               
7528           0.0472337334453               
5331           0.0246915690563               
9467           0.038921479016                
1850           0.0535217111813               
11967          0.0288025764967               
8485           0.223366024158                
7529           0.0571999423622               
6996           0.0307309933184               
103            0.0379781223643               
10510          0.0472337334453               
3535           0.094494201059                
4654           0.0171686500188               
3180           0.0377860447557               
8594           0.0225670522902               
2925           0.0215318581027               
2353           0.00886739817949              
6019           0.0191244612226               
628            0.0402669190174               
8008           0.03263350128                 
5755           0.0259029170174               
1678           0.0183408115937               
7914           0.0335892933474               
4463           0.0283698002373               
1778           0.0409457557093               
2821           0.0851994203939               
5277           0.085843250094                
202            0.0395473571153               
502            0.025344486324                
8715           0.0446239868902               
10115          0.0640960628364               
2070           0.0470235492754               
5683           0.01039887937                 
6682           0.0571999423622               
7454           0.00718413305468              
9469           0.0409457557093               
2020           0.0289552700991               
10538          0.0441636450025               
10149          0.0271348589357               
8402           0.0458353348513               
8121           0.0159367081004               
5996           0.0174477992529               
578            0.0418594555017               
7453           0.00999109681814              
7908           0.041735091101                
1154           0.0259029170174               
634            0.0818915114185               
3258           0.0163290561368               
8997           0.0139605569009               
9596           0.0443536286085               
5290           0.0447396701635               
3306           0.0320480314182               
8294           0.0199822621038               
12138          0.027239240579                
2971           0.0243212468508               
10849          0.0196149392814               
11376          0.0395473571153               
4686           0.0218026732671               
8293           0.0290355243892               
4790           0.0435555022643               
7285           0.0155146955311               
1196           0.0274708838063               
6599           0.0218026732671               
10034          0.0314980670197               
2632           0.0875790874731               
5348           0.0208468811997               
8719           0.0458353348513               
9405           0.0317776731365               
1293           0.0409457557093               
5370           0.0146417500148               
3642           0.0160332157585               
12218          0.00579619167715              
9755           0.0916706697025               
2075           0.133636867981                
3589           0.0192619128566               
6040           0.0328597062208               
10118          0.036311732461                
6068           0.050688972648                
6492           0.0317688821841               
2146           0.0189221115477               
6042           0.011715102884                
5407           0.0124036261648               
8218           0.0108806722828               
3090           0.0383360091542               
538            0.0289552700991               
4121           0.0402669190174               
10218          0.0535217111813               
10330          0.0189221115477               
8842           0.0535608807654               
4146           0.0589014405575               
5164           0.0302534286202               
1574           0.0248184471287               
6368           0.0571999423622               
8641           0.0273013156114               
4206           0.0395473571153               
10871          0.0367770464695               
6547           0.0591622963966               
7403           0.0377860447557               
367            0.0308084018128               
5049           0.0244430155824               
8291           0.0186411633184               
11394          0.0358691259343               
8080           0.0571999423622               
1938           0.0380026406013               
10182          0.0350438632311               
3742           0.0509119646262               
11918          0.0297898566686               
7393           0.0183408115937               
9188           0.0571999423622               
11835          0.0162293668446               
7518           0.0125346267705               
2887           0.0210977257797               
1841           0.0260480662627               
11138          0.0335892933474               
8524           0.0296194960874               
6235           0.013922036103                
711            0.058318271258                
1875           0.0146417500148               
660            0.0115656491858               
10292          0.0199822621038               
5205           0.0119594714456               
7863           0.0402196375371               
10851          0.038921479016                
11891          0.0155606279548               
4753           0.0151553759155               
6363           0.0535217111813               
3532           0.0244430155824               
4029           0.00994138910858              
6974           0.143099322606                
11064          0.0147253601394               
9262           0.141886494668                
10898          0.0458353348513               
10789          0.0346577779733               
5792           0.0204436310658               
8422           0.0218947718683               
12077          0.0304890687335               
12041          0.0192619128566               
6567           0.0314980670197               
3868           0.030937989012                
6554           0.024082505854                
8188           0.0206834239072               
9261           0.0582044376421               
4406           0.0244430155824               
9309           0.00556377159554              
2345           0.0535217111813               
540            0.0372675245283               
8913           0.02494712495                 
319            0.0493831381127               
1866           0.0446239868902               
7198           0.0149809160331               
3702           0.0160818573458               
9551           0.0224679077591               
8343           0.0259029170174               
753            0.188934933781                
3441           0.0273013156114               
4060           0.0221768143043               
7452           0.0389441518924               
2817           0.0323360439987               
1706           0.0271348589357               
10869          0.0342874557677               
330            0.0191244612226               
2173           0.0206834239072               
7412           0.0309795467923               
10612          0.0377860447557               
1315           0.0346577779733               
572            0.048887687933                
11743          0.0350438632311               
1739           0.0157467192863               
11906          0.0209297277508               
11586          0.0224679077591               
11314          0.0472337334453               
9468           0.0472337334453               
5022           0.0646720879974               
8925           0.0269714016432               
9329           0.0395473571153               
3077           0.0223698350818               
11292          0.00860695059829              
10998          0.0217175052491               
2707           0.0509119646262               
4952           0.0294507202788               
