61
11844          0.233369934741                
11821          0.0804811604187               
9633           0.0511748479361               
3348           0.125597080372                
9772           0.161646340406                
90             0.099742758138                
7454           0.0264075537448               
6394           0.114058343005                
4802           0.0635154639016               
2181           0.0926676583805               
3861           0.220723617028                
201            0.0745720938865               
3718           0.0751470333305               
4006           0.0541277195638               
11238          0.0633115142647               
2075           0.327483056215                
9309           0.0204514026                  
2661           0.0801426228747               
1220           0.233369934741                
7615           0.140916129253                
3796           0.0690674003821               
10539          0.140916129253                
3349           0.0872483571421               
2435           0.0860207708495               
6639           0.0558706448983               
578            0.076933835473                
7453           0.0367254370412               
7908           0.153410530249                
1739           0.173646144647                
7237           0.0194542819453               
956            0.239422463327                
3426           0.116776576562                
5407           0.0911869037184               
9310           0.0271324252382               
8218           0.0799907061578               
4029           0.0365427206296               
8838           0.0784996471442               
5867           0.23646548987                 
9079           0.115781109753                
2880           0.0421878762696               
10330          0.0695542070084               
10748          0.14784000126                 
57             0.242170454487                
230            0.0645543535857               
2603           0.117802677881                
8926           0.177045737547                
4113           0.0926676583805               
3589           0.0708032542157               
9601           0.104984215426                
6775           0.140096451693                
5650           0.0952143658919               
11179          0.172849931274                
9278           0.00968082268958              
3808           0.187326250379                
8405           0.192580251377                
2825           0.0784996471442               
8291           0.0913619905515               
9248           0.117802677881                
2078           0.0836933849858               
4753           0.0557083785845               
9955           0.0721009145198               
