174
1186           0.0255751980564               
5683           0.0406706073093               
7527           0.0625175912601               
7454           0.0140487760233               
6933           0.0495434946281               
5216           0.0578467746057               
6914           0.039978100595                
6639           0.0297230930225               
10248          0.0355026916202               
10995          0.0956012608399               
326            0.0451330285164               
2435           0.0457629114267               
1010           0.0393715513146               
7453           0.0195378733046               
9590           0.0527433411711               
3270           0.0800705870406               
956            0.169829819389                
3258           0.0319319325786               
12156          0.0554779492984               
4408           0.0296367676052               
3746           0.0319319325786               
1037           0.0473259201015               
7154           0.0211702736844               
8803           0.0503745158637               
11185          0.191447212983                
2888           0.0911009114691               
4428           0.0805302417571               
7440           0.0473259201015               
12138          0.0532671078094               
6294           0.0710086230977               
6145           0.0203353036547               
7195           0.104663224783                
2739           0.0625175912601               
11230          0.0255068363601               
8918           0.0498286316161               
10692          0.0159735776484               
9151           0.12415242909                 
8166           0.0435551145011               
9602           0.0996572632322               
12293          0.0710086230977               
10653          0.0591614380452               
11569          0.0570215170526               
9360           0.0540580046106               
9607           0.135399085549                
11820          0.248304858181                
9520           0.0470940234888               
5325           0.0773359789133               
5370           0.0858970727501               
2323           0.0582742612731               
12256          0.11382042924                 
8970           0.0714881073741               
12218          0.0226692345592               
4921           0.0218233476132               
2075           0.0871102290023               
7526           0.0578467746057               
2278           0.0965701277237               
481            0.0305195287362               
8786           0.0554779492984               
8444           0.0615953637495               
3778           0.110224332957                
2146           0.0740054520145               
8441           0.0335737822367               
9243           0.10340524025                 
493            0.074967153606                
8218           0.0212774633656               
4297           0.0553635634477               
9608           0.0965701277237               
616            0.111856110219                
3678           0.0621249504872               
10330          0.0370027260072               
960            0.0234477348159               
6000           0.05151941879                 
2059           0.0503378489244               
10032          0.0621249504872               
5328           0.0995597913482               
220            0.107440185425                
4123           0.0587123042266               
6775           0.186327716164                
3349           0.0464159853554               
9278           0.00515018206539              
10265          0.0379401430799               
8291           0.0486044316981               
2353           0.0520213462022               
1722           0.0359887449907               
327            0.0833049419688               
3348           0.178179851455                
12058          0.0698265480107               
9955           0.0767151405961               
8293           0.028389895883                
11029          0.022046493175                
11786          0.0600953293625               
11835          0.0634739746786               
8143           0.0503745158637               
7518           0.0245118182938               
11458          0.0189624767589               
8539           0.0506538891692               
2887           0.0825144027331               
2084           0.0402893338105               
11991          0.0384989243388               
6235           0.0272249366083               
659            0.0761120565323               
6197           0.0572647151667               
10998          0.0283127984693               
2262           0.074967153606                
2935           0.104663224783                
3796           0.0367437456668               
4180           0.0773359789133               
4060           0.0433673895932               
2281           0.0851740204752               
214            0.0470940234888               
7919           0.0290398664637               
5031           0.0415919252263               
11064          0.0287958595542               
7366           0.0719185578438               
11992          0.0781517609985               
2730           0.0475608882817               
109            0.0498286316161               
5488           0.199119582696                
9257           0.0527433411711               
4002           0.104663224783                
9549           0.0610811295339               
11891          0.0304292494662               
10425          0.0323283700429               
9606           0.0547537737183               
8911           0.017820522854                
230            0.0343428120461               
8347           0.0426357461796               
9207           0.0851740204752               
3642           0.031353408325                
8406           0.0693178359237               
9309           0.0326403396468               
8352           0.0424574548471               
8956           0.0325299612833               
69             0.0386414137656               
1979           0.0610811295339               
7711           0.0995597913482               
11890          0.023754129967                
9695           0.0786506423528               
5240           0.104663224783                
3077           0.0437448472002               
5120           0.0650396600422               
2361           0.101875465273                
2362           0.0615863126899               
11977          0.0551121664784               
10543          0.0435551145011               
137            0.0587123042266               
7794           0.0923669059117               
4029           0.0194406684682               
10176          0.0685292688455               
2738           0.0457629114267               
7237           0.0206992932693               
10944          0.034568800303                
8136           0.0277590796163               
11967          0.018774751851                
7346           0.0490400645379               
7412           0.060581382733                
5867           0.33546469181                 
57             0.0644171457045               
7523           0.0685292688455               
5655           0.0677742681695               
1739           0.0307931563449               
6421           0.0292956063551               
10769          0.0574293473875               
6236           0.0500994741023               
1909           0.031353408325                
5999           0.0615863126899               
2683           0.0361123680572               
3702           0.0628970566581               
5258           0.0761120565323               
4616           0.186374851462                
330            0.0373984265377               
7802           0.0617706231122               
9023           0.0596222389726               
3057           0.0738916826206               
