40
8897           0.209850325734                
1836           0.387893067024                
1186           0.0947844100394               
579            0.11870738895                 
6933           0.091806735949                
9313           0.0981700867934               
2323           0.21597062369                 
5787           0.0613014220563               
2181           0.18270751507                 
12218          0.0420072997871               
4921           0.0808796523897               
2021           0.0873516669814               
9309           0.0403228592806               
2561           0.128115658587                
6852           0.291487663876                
10866          0.109837019707                
7233           0.189849726407                
697            0.0958077105642               
964            0.234352134961                
11029          0.0817066536267               
660            0.0838208464526               
6962           0.135701537447                
11598          0.103165835828                
210            0.109518637819                
5407           0.0898939979516               
6798           0.122079704108                
6772           0.11446425667                 
2812           0.123243375751                
7440           0.175394904333                
2059           0.0932787167948               
8319           0.147029526867                
10620          0.134297660659                
7815           0.342321598632                
5370           0.106114569107                
11179          0.170399155298                
9278           0.0190871236886               
11292          0.0623779844032               
12224          0.281220428534                
12223          0.0997935206697               
3642           0.11619907319                 
