26
8897           0.236800239265                
2438           0.245538455631                
1186           0.106957046159                
1602           0.132726026688                
6849           0.221912662753                
10109          0.207270745707                
6933           0.103596965899                
774            0.247416760795                
9750           0.364941191583                
11711          0.220575886206                
8997           0.114171382381                
2021           0.0985697571307               
11197          0.19138330108                 
11458          0.0793022402997               
2561           0.144568842106                
210            0.123583509097                
10866          0.123942779006                
650            0.318305286465                
6235           0.11385635392                 
7437           0.328921807995                
10285          0.0462557723083               
5984           0.167190867544                
2812           0.278141678013                
12223          0.112609449087                
11965          0.135199225409                
2108           0.174649929961                
