61
10213          0.100125802608                
8163           0.522292861234                
9835           0.0775508443788               
4852           0.0611005406409               
8296           0.0991179032716               
12218          0.0235039070389               
4327           0.105037891693                
10538          0.0895431228345               
11292          0.0349017040876               
9310           0.0149658757732               
1532           0.234830735284                
8869           0.163093057384                
9736           0.217033768764                
6612           0.0911087218545               
9278           0.00355987318943              
11029          0.0457164731139               
578            0.0848713090951               
8619           0.147246266467                
4768           0.0996184011218               
3307           0.139037702315                
8331           0.0751421716626               
2267           0.0804262156301               
7784           0.0915107589111               
11967          0.0389320619566               
2750           0.0899283203283               
8485           0.100640300848                
8997           0.0566109007238               
4060           0.0899283203283               
9596           0.0899283203283               
727            0.136206611568                
2548           0.0306461349485               
8291           0.0251970140705               
8694           0.0880414439428               
3981           0.118242054669                
1129           0.127726562607                
3603           0.114282750416                
9262           0.215759361912                
6933           0.0513676670061               
2059           0.0521912691215               
1196           0.111396091645                
1739           0.0638538969876               
6414           0.257447347362                
8641           0.110708482382                
1678           0.074373097842                
11806          0.0967127314856               
12041          0.07810821905                 
4921           0.0452537497231               
6759           0.0499040154636               
3070           0.112096799013                
10156          0.108719564254                
10185          0.134868790517                
11179          0.0953416650424               
367            0.0416433095246               
873            0.0648194648758               
5498           0.110033490517                
10998          0.0293552647972               
4123           0.121748137281                
1451           0.110708482382                
10771          0.198242524838                
9261           0.0786741690518               
12180          0.180952959804                
