190
169            0.0869996112028               
7519           0.0587811310547               
5683           0.0159447450205               
9033           0.0780640168596               
7454           0.0110155302004               
9595           0.0285113259511               
10081          0.0341512085019               
12010          0.0820655772113               
4387           0.150673606835                
3348           0.139709361979                
8336           0.0408675133763               
9528           0.156128033719                
1761           0.0684225739571               
8304           0.0453571821208               
8134           0.0341512085019               
6200           0.070137323062                
1010           0.0308709108767               
10182          0.0537332383494               
1445           0.16715169666                 
1448           0.0695121434101               
7159           0.0875853028088               
2659           0.025586187923                
7218           0.195956167835                
4952           0.067735792792                
5453           0.0973469026646               
4480           0.0500373971583               
8681           0.044091795447                
8262           0.115875726129                
1916           0.0495813018103               
2548           0.0231760501434               
7154           0.0331988763625               
5827           0.0414263476667               
7237           0.00811507314787              
12138          0.10441575725                 
8919           0.18452706812                 
7879           0.0702799504766               
2971           0.0372921029103               
6145           0.0478342350615               
132            0.0940395035967               
4560           0.0487116647852               
4986           0.018337622353                
2739           0.0245097655994               
2687           0.0543891293196               
9598           0.0413556217691               
2633           0.0724241343088               
6179           0.0579378630647               
8688           0.0571428088555               
6599           0.0668606786638               
9069           0.0235797246402               
2632           0.0671431107722               
8945           0.047893213326                
8485           0.228326801683                
12256          0.0594971108102               
12218          0.00888738056227              
4921           0.0171115080992               
557            0.0293237999018               
2133           0.0326118878728               
11230          0.0399994029052               
10285          0.0260173891687               
6849           0.0832125061759               
4423           0.0584392143819               
7784           0.10380711666                 
480            0.0340040149393               
8441           0.0263249276347               
2889           0.0549986250233               
5317           0.0302984160054               
8675           0.0260742963159               
10972          0.0223867371505               
215            0.0432129982886               
4121           0.0308709108767               
10330          0.0580270687145               
6102           0.0624521409476               
8721           0.0283154119819               
2059           0.0197347475015               
5373           0.0684225739571               
10893          0.0311066735015               
109            0.0390702218827               
2070           0.0360509280125               
6984           0.0639929902385               
5736           0.0820655772113               
9278           0.00807643114029              
7453           0.0153194864151               
11852          0.0365693605113               
8291           0.133386178642                
2353           0.0135965038094               
6396           0.0684225739571               
7520           0.0262408810837               
6394           0.0713666892883               
1938           0.0194233241531               
8318           0.0973469026646               
8121           0.0244359741168               
3801           0.185929756116                
11918          0.0685157965411               
9309           0.0255930229461               
5320           0.03460237222                 
3654           0.047893213326                
6678           0.0447101044335               
5162           0.0288104699937               
11458          0.0446049680909               
10132          0.0588575579605               
2887           0.0323494336363               
1690           0.0413556217691               
11862          0.0178249804799               
532            0.0493170669091               
10586          0.0388466483061               
4332           0.109997250047                
11029          0.051859424119                
4678           0.0475013659531               
10279          0.0267529510017               
7194           0.0684225739571               
6265           0.0294287789802               
881            0.0450298808584               
10441          0.0353884379559               
12020          0.0260742963159               
880            0.0596788400608               
10816          0.0322200404998               
3307           0.105146856727                
10092          0.168485938608                
11115          0.09138474183                 
7919           0.0113849607082               
6974           0.255985523579                
8800           0.0491396881522               
4417           0.0781404437654               
9262           0.0815836939794               
9835           0.0293237999018               
2171           0.151526868836                
1612           0.0259917461515               
5792           0.0313465011989               
5127           0.0302984160054               
6242           0.0222602848081               
11806          0.0365693605113               
8190           0.0213468497835               
12129          0.034136216366                
11209          0.0394982452497               
4885           0.0340040149393               
7596           0.044091795447                
7014           0.0275582366653               
11032          0.0749601655141               
9261           0.11899422162                 
8241           0.0653187226116               
9640           0.0284130240447               
8229           0.0780640168596               
1900           0.0702799504766               
8352           0.0332905425586               
1231           0.114285617711                
262            0.0322200404998               
11890          0.037250837454                
9055           0.0684225739571               
9416           0.033152136821                
1762           0.0460358368066               
2920           0.0384519128962               
10923          0.0523146786398               
7802           0.0484338395929               
367            0.015746315666                
4316           0.062213347003                
7364           0.0765035408471               
3849           0.0432129982886               
2661           0.0334303393319               
9153           0.0406297355885               
3795           0.0596788400608               
9596           0.102012044818                
5383           0.0307545113534               
9875           0.0423864386031               
7269           0.0653187226116               
11967          0.0147211291344               
10843          0.0525734283635               
11891          0.0238593252476               
4410           0.156128033719                
3640           0.149920331028                
5818           0.0418614834023               
10193          0.0487116647852               
3535           0.0482964201622               
8059           0.0295345563863               
7471           0.0684225739571               
8163           0.197491226249                
1739           0.0241446616502               
6421           0.0229704449703               
210            0.0231705874429               
9889           0.0463879989548               
10456          0.0579378630647               
2313           0.0520278815056               
10924          0.0218876823009               
5456           0.159997716969                
3604           0.0460358368066               
5498           0.0416062530879               
202            0.0606385075741               
3746           0.0250375667669               
1451           0.0418614834023               
5094           0.0653187226116               
9868           0.0973469026646               
