307
9790           0.0243496006832               
4326           0.0436623953137               
7527           0.179244653173                
1326           0.0244389503323               
8414           0.0722571392756               
6753           0.0234107261851               
2271           0.0492734584823               
10111          0.0588501880694               
4387           0.0174905588822               
1813           0.079101857198                
1798           0.0312451412387               
2657           0.0267170368121               
5860           0.035584902682                
105            0.0282419855745               
10285          0.0211411328595               
9586           0.0621650201248               
6214           0.054102260502                
7439           0.0257702133216               
6798           0.0209873217902               
4333           0.0290217893537               
3664           0.060305999666                
1533           0.0229296888337               
4428           0.0128271587802               
8911           0.0340622361798               
836            0.054267349048                
11177          0.0251803748837               
9456           0.0680313598388               
6108           0.0263925359095               
2880           0.0142997827371               
2739           0.0199160725748               
11230          0.0162512980383               
7704           0.030005250386                
11044          0.079101857198                
6611           0.0470789767836               
8571           0.0307641038873               
11740          0.0326379993218               
1113           0.0368562044073               
2129           0.0351138898738               
4956           0.0510157730158               
8943           0.0399297819301               
5842           0.0470789767836               
12256          0.0966919713762               
4006           0.0183468498123               
1951           0.0162948536673               
9310           0.0229916637399               
5738           0.0612164049898               
7157           0.0452420786709               
6570           0.081318479299                
10183          0.0201591501529               
3859           0.0278713729705               
12109          0.0208558938937               
5377           0.0634330270908               
2198           0.041850094973                
7237           0.0131882440987               
726            0.0425097062758               
8441           0.0427820631064               
11041          0.0155354334315               
8296           0.0304544222758               
8816           0.0712674421444               
5864           0.079101857198                
9642           0.0402886270455               
1812           0.079101857198                
5591           0.0801511104362               
2218           0.079101857198                
10455          0.0275125278551               
2059           0.0160360025432               
11869          0.0271647258981               
6830           0.079101857198                
8589           0.0588501880694               
4041           0.0394742694405               
9278           0.00656272244151              
3474           0.036330403941                
11615          0.079101857198                
2683           0.0230084534155               
9248           0.0399297819301               
2353           0.0441928268197               
1722           0.0229296888337               
2070           0.0292941560691               
3348           0.0851434639776               
1522           0.0220976786256               
579            0.0204075705209               
5320           0.0281170929032               
11878          0.093735423716                
1124           0.193974618812                
454            0.0288880283637               
10585          0.0338082856282               
8143           0.0320953668765               
11458          0.0120816575213               
10181          0.030152999833                
11788          0.0220976786256               
1503           0.0142997827371               
3350           0.0368562044073               
10441          0.0862674955965               
8660           0.0555986120373               
1554           0.0436193937761               
2864           0.066684603123                
9460           0.0588501880694               
7919           0.0370046303063               
5031           0.026499671041                
12132          0.0695029458209               
3411           0.0609109087781               
11906          0.0521541840772               
994            0.0555986120373               
293            0.054267349048                
2089           0.030152999833                
12255          0.0606054125663               
11105          0.101885787575                
2461           0.0530764937245               
5610           0.0505531368307               
11806          0.0594308448201               
4884           0.0406592396495               
234            0.077833850232                
7708           0.0530764937245               
6906           0.102031546032                
6620           0.0419746435803               
4324           0.0609109087781               
8478           0.0452420786709               
6775           0.284918180092                
9763           0.0358279802601               
1886           0.0483459856881               
8416           0.237305571594                
9890           0.0295732485638               
1646           0.0458218299402               
4852           0.018773416351                
2444           0.0248966108983               
2338           0.0365902469191               
201            0.0505531368307               
10097          0.0348855453046               
10292          0.0497932217965               
3169           0.0431813579623               
10564          0.0958017132646               
5106           0.142534884289                
9546           0.0137640107908               
8131           0.0185581208559               
3289           0.0291571523099               
4943           0.0634330270908               
7821           0.0292941560691               
3980           0.0555986120373               
8468           0.0571078735359               
8832           0.0652759986436               
2162           0.0358279802601               
8136           0.0176862810325               
11967          0.0119620514131               
3878           0.0330147899373               
7208           0.0291571523099               
6799           0.038916925116                
3181           0.0431813579623               
5867           0.160302220872                
8602           0.0244389503323               
8594           0.0281170929032               
10473          0.0680313598388               
3428           0.0609109087781               
6019           0.0238278462781               
8853           0.0555986120373               
9772           0.0273954006749               
697            0.0164707742887               
4491           0.0399297819301               
1978           0.11978934579                 
1767           0.03924456173                 
10007          0.158203714396                
11217          0.0952426947586               
9109           0.0652759986436               
3468           0.0315775967279               
5683           0.0129563335776               
7454           0.00895096683122              
6394           0.0773212433782               
10691          0.066684603123                
1273           0.0588501880694               
9955           0.0244389503323               
7596           0.0358279802601               
326            0.057511663731                
5996           0.0434776670204               
7453           0.0124482627961               
7950           0.0519992340481               
11086          0.0303027062832               
6383           0.0496071685364               
3018           0.054267349048                
956            0.189357911757                
3258           0.0203449516807               
6468           0.0330147899373               
1717           0.0609109087781               
2548           0.00941616301432              
7154           0.0134883222028               
8689           0.0399297819301               
11117          0.0854399207163               
11730          0.0697442850265               
8918           0.0317475649195               
7285           0.0193303108445               
2108           0.0266078314046               
9819           0.0358279802601               
11821          0.0272794748202               
2460           0.052785071819                
90             0.0338082856282               
9607           0.057511663731                
9405           0.0593893994001               
6747           0.0530764937245               
8485           0.0927665573678               
11218          0.0712674421444               
2075           0.0277504876284               
3580           0.0288880283637               
10137          0.0258715832544               
9419           0.0431813579623               
9303           0.0368562044073               
3796           0.0234107261851               
722            0.0330147899373               
4859           0.0916436598803               
4768           0.0306082024949               
9638           0.0395819799731               
6042           0.0729813162848               
3426           0.0395819799731               
9243           0.049412322866                
8218           0.0406698494989               
5648           0.0501110765653               
9608           0.0307641038873               
10827          0.079101857198                
1342           0.0351138898738               
10270          0.0588501880694               
1682           0.0288880283637               
1005           0.0555986120373               
5737           0.0368562044073               
3349           0.0295732485638               
1311           0.0458218299402               
7624           0.0207259766961               
8291           0.0387094803897               
5251           0.0414390434287               
9601           0.035584902682                
10106          0.0246197969384               
8897           0.0360764006281               
9159           0.0588501880694               
10812          0.0307641038873               
1602           0.0202207452468               
5227           0.0547908013497               
11918          0.0185581208559               
5162           0.0234107261851               
214            0.030005250386                
7518           0.0156173372083               
11862          0.0144841697259               
10279          0.0217388335102               
10586          0.0473488412495               
8524           0.018451991703                
6678           0.036330403941                
1875           0.03648535397                 
10948          0.026499671041                
11035          0.0634330270908               
5110           0.036330403941                
10248          0.0226200072223               
10109          0.0315775967279               
10458          0.041850094973                
4753           0.0188826217585               
7452           0.0485219036459               
4029           0.0123863301932               
8195           0.0530764937245               
6974           0.02971542241                 
11677          0.0712674421444               
2246           0.0176370318402               
3157           0.0555986120373               
6169           0.0290217893537               
11992          0.0497932217965               
12017          0.0609109087781               
9262           0.0662930358769               
10734          0.0484936547031               
2171           0.0410424177598               
3527           0.054267349048                
5473           0.0452420786709               
749            0.0431813579623               
3394           0.0609109087781               
1913           0.0336046283752               
5483           0.0395819799731               
5370           0.018242676985                
11591          0.0143364202789               
10425          0.0205975358623               
8188           0.0257702133216               
9261           0.0241729928441               
9620           0.0379874148866               
1123           0.0291571523099               
9309           0.020796302614                
4267           0.056483971149                
11212          0.079101857198                
5101           0.0422766615118               
11084          0.0492734584823               
12218          0.00722168131557              
6788           0.0477641969837               
11924          0.0609109087781               
7891           0.066684603123                
7198           0.0373305119748               
11262          0.0405653556993               
1473           0.166795836112                
7266           0.0530764937245               
2920           0.0312451412387               
10748          0.0501110765653               
10220          0.0436623953137               
11107          0.0712674421444               
7922           0.0547908013497               
1393           0.0421072266202               
8900           0.041850094973                
8059           0.0239991021566               
3808           0.0317475649195               
6913           0.0941394358183               
10444          0.0501110765653               
1899           0.035584902682                
481            0.0194450597666               
11586          0.055987130413                
6236           0.0319201281454               
5999           0.0196193974916               
10456          0.0470789767836               
10998          0.0180390746907               
9588           0.0244389503323               
