170
4809           0.0180278055263               
7784           0.143245681768                
4326           0.0556107418882               
7454           0.011400425985                
10081          0.0706889850494               
8958           0.0716228408842               
6753           0.0298171422328               
9934           0.0491611204256               
4006           0.0233675207702               
7975           0.0676010368107               
10538          0.0350414143395               
4524           0.0338891449682               
8163           0.613175416862                
11014          0.0522737995501               
2497           0.0691177732963               
4952           0.0467350415405               
5022           0.0513137317264               
1445           0.0345984353247               
1086           0.0422954731148               
8331           0.0882174271428               
2648           0.037136095252                
9595           0.02950754574                 
10110          0.0583611123334               
4408           0.120249541653                
8997           0.0221538624698               
8289           0.0627572894687               
9596           0.0351921558432               
1916           0.0513137317264               
2548           0.023985849022                
3306           0.0508566875595               
8438           0.0849330465162               
8294           0.0317096437932               
11730          0.0296100065432               
11696          0.0549980672102               
7285           0.0492402177788               
1196           0.0435932596449               
11806          0.037847137654                
7171           0.0224634589626               
7828           0.0296100065432               
9549           0.0495666594139               
12218          0.00919791625616              
3567           0.0411050694641               
2075           0.0353444925247               
9310           0.0409967629143               
481            0.0247662592012               
3651           0.0320710606517               
8892           0.04764438394                 
10183          0.0256757625821               
3778           0.0447229120719               
10285          0.0179509785515               
4768           0.0389842297102               
2267           0.125894574879                
11077          0.0408783611241               
7547           0.030457055674                
6042           0.018590574857                
11041          0.0197867517911               
10138          0.0569203426841               
7785           0.0418074371553               
10049          0.0583611123334               
5553           0.046272328894                
873            0.0253661660893               
6102           0.0323171466794               
8842           0.113326939096                
4146           0.0233675207702               
41             0.0438674714036               
8641           0.0433241736409               
6759           0.0195292193047               
10793          0.0466032786892               
5498           0.0430600252745               
9278           0.0181103678006               
5049           0.0387883670689               
11852          0.037847137654                
8291           0.0295814680864               
4769           0.0691177732963               
2175           0.0469420162487               
5251           0.0527789630333               
11371          0.072735615904                
6614           0.0591394468609               
6061           0.0627572894687               
3348           0.0361477434965               
1532           0.0459488168061               
11918          0.0236366067742               
579            0.0519843278707               
4255           0.077579363246                
614            0.0247662592012               
8293           0.0460761715038               
2034           0.0495666594139               
11458          0.015387839654                
6197           0.0232348407336               
11788          0.0562895504724               
6477           0.0533025000763               
10146          0.046272328894                
9538           0.0735866494473               
7705           0.0583611123334               
6962           0.0297132018386               
1938           0.0201019983024               
8733           0.0472889169398               
5110           0.046272328894                
5127           0.0313570788557               
4753           0.0240499083305               
4060           0.0351921558432               
6974           0.037847137654                
8838           0.0677782899365               
7552           0.0662289817647               
6413           0.100748319736                
3603           0.0447229120719               
9262           0.168868651417                
2824           0.0662289817647               
2089           0.0384044594627               
10167          0.118278893722                
319            0.0391827939902               
2340           0.0549980672102               
5604           0.0301335435861               
6242           0.0230380857519               
4982           0.0385524262152               
11392          0.077579363246                
12077          0.048382785898                
5370           0.0232348407336               
10185          0.1583368891                  
10972          0.0926758259608               
4123           0.04764438394                 
2647           0.0450197407748               
7428           0.0415694865797               
9261           0.0615760109384               
10794          0.0907699933009               
10213          0.0783655879804               
9309           0.00882909124727              
8466           0.0562506553293               
983            0.100748319736                
69             0.0313570788557               
4852           0.0239108185329               
470            0.0569203426841               
1291           0.0749547200809               
9704           0.0849330465162               
3070           0.0438674714036               
6612           0.106962267052                
4316           0.0321935778343               
8832           0.0415694865797               
10867          0.0469420162487               
5331           0.0391827939902               
2108           0.0338891449682               
11967          0.0152355029725               
8485           0.196920677415                
4327           0.164420277856                
8308           0.0513137317264               
2004           0.0538457978389               
6486           0.0480088510543               
8066           0.0312414502656               
8064           0.0212056559613               
6105           0.0382162779325               
1451           0.0433241736409               
6019           0.0303484085012               
628            0.0319495773817               
1739           0.024988304972                
11977          0.0447229120719               
663            0.0328223101627               
1678           0.0291048430599               
12041          0.061133058138                
7914           0.0533025000763               
9546           0.0175305739856               
1778           0.129952787291                
5964           0.170761028052                
4969           0.108882007376                
2750           0.0703843116864               
11292          0.0546331213553               
10998          0.0114877610278               
4140           0.0591394468609               
4108           0.0691177732963               
10156          0.0425458391134               
1515           0.0220927342164               
