70
1938           0.0866559722228               
7784           0.154376366389                
9033           0.174138917295                
8414           0.06612107592                 
5787           0.0578621412908               
5021           0.0901120390702               
2551           0.125791944989                
3784           0.140939246122                
3873           0.100449029067                
11458          0.0331670559703               
4529           0.0540211529362               
10181          0.0827772374258               
11029          0.0385612745835               
4124           0.117276566875                
1154           0.0885981508928               
12020          0.0581644387817               
9595           0.0636007680813               
6468           0.0906335396256               
1916           0.110601972108                
5788           0.122686500126                
6091           0.140050568062                
7158           0.12746957261                 
4771           0.0793045864711               
4423           0.0651807447878               
2648           0.0800433964376               
8288           0.179198317509                
8993           0.195646271077                
6242           0.0496564492979               
4986           0.0409060900372               
2880           0.0392563432269               
9836           0.107735761682                
6554           0.0823716296547               
7014           0.0614746933162               
7901           0.420151704186                
6995           0.10347860946                 
9309           0.0570908529364               
9069           0.0525997493359               
3722           0.196712847471                
7977           0.131124209733                
7799           0.131124209733                
203            0.32017358575                 
7828           0.0638216128047               
2362           0.107719930574                
3796           0.0642680745022               
10591          0.0976891173147               
11179          0.160839009422                
8720           0.06612107592                 
367            0.0351256119243               
10285          0.0193458316348               
106            0.125791944989                
2267           0.203515527777                
480            0.0758534159968               
8441           0.0587235269283               
3589           0.0658833080696               
2925           0.0736474124481               
6105           0.0823716296547               
6019           0.0654131694898               
2793           0.133126746633                
3017           0.195646271077                
11586          0.0768490699541               
8641           0.0933812233768               
10943          0.0724538594285               
6273           0.0876284297014               
9278           0.00300270861224              
3438           0.0983564237356               
1865           0.152631563514                
8291           0.0212533669392               
8482           0.0866880985693               
10924          0.0488252776544               
10106          0.0675872645451               
