45
1765           0.229595133022                
9309           0.0238672279228               
6654           0.166963685481                
8163           0.442017478237                
6933           0.0543406973324               
4547           0.101820714526                
8970           0.0784101653475               
9906           0.191426058321                
4327           0.111117218546                
10538          0.0947256517522               
425            0.191426058321                
10132          0.0823329909353               
2777           0.229595133022                
1532           0.248422142841                
6612           0.096381863674                
2816           0.0999220400985               
11029          0.048362426666                
8752           0.209716299542                
11162          0.129779855971                
8331           0.158982420079                
10867          0.126895936352                
2267           0.0850810810743               
7784           0.0968071696161               
10248          0.0778806999507               
8485           0.106465106293                
8997           0.0598873961237               
7452           0.0835304733052               
6974           0.102310219174                
3535           0.135119052207                
3306           0.137478265813                
3668           0.135119052207                
9262           0.0760823222442               
12227          0.108721686592                
11869          0.0935281693824               
11806          0.102310219174                
4921           0.0478729220185               
6759           0.0527923333496               
4969           0.0981117087422               
9278           0.0150636384951               
11292          0.110765178686                
8291           0.0266553533592               
1451           0.117116008646                
11371          0.393244893334                
9261           0.0832276304822               
1196           0.117843414991                
