133
9782           0.0746078194136               
7784           0.0349564653314               
1664           0.0362495151043               
9477           0.0691227560703               
5021           0.0408093342703               
2551           0.0569678101231               
3624           0.0384438860459               
5230           0.087310411375                
8331           0.0287037802976               
10865          0.0330800819004               
10620          0.0287037802976               
6430           0.0983430733152               
8686           0.0378623408948               
9764           0.0555614371372               
6468           0.205227539675                
12035          0.0380535275483               
11922          0.0337724387924               
3101           0.0569678101231               
9441           0.0345006847632               
5485           0.0562470366344               
2267           0.0307222478741               
6145           0.0483237325161               
7128           0.0365922638587               
9118           0.0420320183365               
593            0.0788628618186               
2023           0.141998279003                
11173          0.0886029675669               
10692          0.0126529197156               
11228          0.0562470366344               
7901           0.57082643509                 
4177           0.0476024466431               
8306           0.0412857189511               
9069           0.0238210207574               
90             0.0420320183365               
4097           0.0709991395014               
9835           0.0296238763093               
5370           0.0226801365196               
12218          0.00897832693483              
8935           0.0569678101231               
7971           0.052560293397                
2133           0.0329456119531               
11230          0.0202043624645               
8              0.087310411375                
2686           0.0309526137261               
3859           0.0346509749901               
4124           0.0531114229469               
5984           0.0316672763201               
7237           0.00819811634161              
8441           0.0265943159724               
8218           0.0337084204482               
4121           0.0935604575559               
1164           0.0247605790149               
960            0.0371466321033               
8842           0.0276553482709               
7555           0.031069228522                
9517           0.0286051693507               
8641           0.0422898604746               
5683           0.0322158216774               
9278           0.00543938593501              
10265          0.030052978422                
8291           0.0385003275808               
10106          0.0306084658576               
8628           0.0890859915118               
1522           0.0549457043401               
11918          0.0461446217466               
7393           0.0284099995153               
12082          0.0749751972531               
6235           0.0215652964383               
3784           0.414879516986                
1716           0.0337724387924               
6646           0.0412857189511               
10586          0.0196220869789               
9845           0.0569678101231               
11029          0.0523901121517               
10393          0.0333529448868               
12020          0.0526822397847               
4753           0.0234757453461               
7061           0.128460562946                
7919           0.0115014653262               
5031           0.0658912239062               
6091           0.126850318909                
2607           0.0577275628387               
11384          0.0420320183365               
203            0.25374660573                 
12108          0.0328124166216               
1612           0.0262577249754               
5795           0.0585307529992               
4986           0.037050549943                
9061           0.0691227560703               
9627           0.0236818908856               
12129          0.0172427696049               
3006           0.0510258246994               
11591          0.0178236982102               
6661           0.0731652652028               
7014           0.0278402457052               
230            0.0272034764655               
8021           0.0829053709511               
9309           0.00861830718478              
3439           0.0531114229469               
2126           0.0709991395014               
7977           0.118765300644                
12145          0.0428201876487               
11924          0.0757272481311               
8762           0.0983430733152               
11890          0.0376320328487               
1951           0.0202585128293               
9416           0.0669827787573               
1396           0.0510258246994               
367            0.0159074509162               
8036           0.067467668587                
10932          0.115455125677                
11131          0.0886029675669               
8313           0.0496425445737               
5670           0.0461599502382               
6211           0.0709991395014               
12051          0.0572103387015               
57             0.0510258246994               
2603           0.0496425445737               
3639           0.0577275628387               
6421           0.0464110124095               
1985           0.067467668587                
3098           0.0232055062048               
2291           0.0983430733152               
11952          0.0376737205828               
5999           0.0243917388828               
5498           0.0420320183365               
7214           0.0691227560703               
2825           0.0330800819004               
8835           0.0983430733152               
9164           0.0562470366344               
9121           0.0349564653314               
3706           0.0322919125882               
6063           0.0208118127402               
