232
9782           0.0291069555251               
4054           0.0494884667565               
9164           0.0438876248255               
7454           0.0173659869597               
4428           0.0373294208839               
500            0.0414410134953               
7428           0.0316608854272               
4802           0.0835373642337               
8414           0.140187821278                
3370           0.069133842984                
5787           0.0408924961226               
6204           0.064688204642                
4207           0.0334111171526               
6447           0.0433526751585               
7784           0.0272753255547               
10248          0.0219428111988               
3849           0.0340626529597               
4954           0.069133842984                
105            0.0273964791988               
7453           0.0241511753382               
4124           0.165764053981                
2659           0.0201683168097               
6052           0.0189189985378               
6906           0.0494884667565               
8255           0.0553981824432               
489            0.0926684723112               
12133          0.0615339740412               
6468           0.192158374286                
1882           0.0334111171526               
9596           0.0536073406608               
1916           0.156329877004                
3664           0.0877508449816               
2548           0.00913426265565              
8934           0.0494884667565               
1287           0.0250970417997               
7158           0.0450428284145               
5485           0.0438876248255               
2118           0.0394419864835               
836            0.0526426973573               
2538           0.027518986543                
3038           0.0526426973573               
6145           0.0251368957339               
9118           0.0327961357929               
2880           0.0277433538992               
2023           0.0553981824432               
9757           0.0354948109422               
8532           0.0486108550382               
9598           0.0325985756149               
10786          0.029843090529                
7778           0.0514874937682               
8166           0.0269196956802               
4583           0.069133842984                
11041          0.0150703348292               
12181          0.0360170188375               
9972           0.0182113792671               
9069           0.0185867217993               
4689           0.064688204642                
9835           0.0462289801252               
2551           0.0444500195461               
10425          0.0199808884297               
5272           0.0456695300247               
12218          0.0210164375398               
8935           0.0889000390922               
557            0.0231144900626               
10106          0.0477654627308               
9310           0.0312246775294               
10383          0.0307971087811               
10616          0.0377518332275               
5273           0.0342887288709               
7804           0.0318421175407               
10183          0.0195556270778               
1612           0.0204879981496               
106            0.0444500195461               
10620          0.0223965708445               
2267           0.0479430231056               
726            0.0412370539833               
480            0.0268036703304               
2310           0.0414410134953               
4122           0.0428426160658               
10051          0.0526426973573               
9278           0.0063662481656               
6648           0.0177469397675               
4121           0.0486680010824               
5553           0.035242747123                
7901           0.494884667565                
960            0.0289842372297               
5407           0.0149914546816               
4146           0.0355951664885               
8778           0.0320263957144               
9846           0.0444500195461               
11531          0.064688204642                
1466           0.0340626529597               
12209          0.0428426160658               
5189           0.0526426973573               
2972           0.0615339740412               
2128           0.0514874937682               
5688           0.0463342361556               
11620          0.0470418554263               
5498           0.0327961357929               
6273           0.0309645058225               
367            0.0248240717916               
10265          0.0234493036574               
8291           0.0150202395862               
104            0.0268036703304               
9433           0.0615339740412               
10924          0.017252969149                
1716           0.0263514704392               
12238          0.0272753255547               
7520           0.0206843788006               
1938           0.107173069055                
3801           0.0244265267716               
2952           0.0486108550382               
7393           0.0221673438215               
11878          0.0303097266214               
9917           0.0514874937682               
8293           0.0350933462724               
454            0.056046361618                
9360           0.0334111171526               
12132          0.0224740573382               
3784           0.24901245646                 
11458          0.0117199577946               
4856           0.0371425490844               
5334           0.0293955062106               
10181          0.0292502816605               
6646           0.0322138240944               
10586          0.0612417537456               
12040          0.0553981824432               
6235           0.0168266578288               
660            0.0139786465125               
5205           0.0144546338151               
12020          0.0616592049905               
5127           0.0238827313654               
11282          0.0423552339061               
2087           0.0877752496509               
1470           0.069133842984                
11115          0.0360170188375               
6133           0.0230323601412               
4986           0.0289092676303               
3884           0.0296918565004               
7919           0.00897419713791              
10944          0.0213656098679               
8800           0.0774687344256               
9220           0.069133842984                
9517           0.02231962812                 
203            0.395979468408                
618            0.0615339740412               
6163           0.0212259354538               
4906           0.0224740573382               
3321           0.0194961998687               
9764           0.086705350317                
12035          0.0296918565004               
5610           0.0245198404688               
12128          0.0428426160658               
11918          0.0360050585436               
8190           0.0168266578288               
9061           0.161802315295                
1566           0.0263514704392               
9627           0.0184781635537               
5483           0.0383969777239               
11591          0.0139072176395               
3868           0.0186963656454               
7183           0.0394717321876               
8550           0.0332022671574               
10316          0.0470418554263               
8987           0.0269196956802               
8571           0.029843090529                
3415           0.101523433658                
1123           0.0282842477434               
5999           0.0190320334898               
8381           0.0347553649634               
6027           0.029843090529                
8034           0.0514874937682               
2611           0.069133842984                
11179          0.0284171498947               
4753           0.0183173152915               
2676           0.0329973211298               
9599           0.069133842984                
7377           0.0374429594718               
2444           0.0241512580904               
420            0.0347553649634               
201            0.0245198404688               
20             0.069133842984                
773            0.064688204642                
10564          0.0185867217993               
3427           0.0150703348292               
2693           0.069133842984                
4463           0.0342887288709               
8131           0.0180025292718               
669            0.0470418554263               
11771          0.039082469251                
12157          0.0262412756097               
6085           0.0615339740412               
8036           0.105285394715                
6639           0.0183706696218               
4029           0.0120155091997               
2969           0.0615339740412               
1271           0.0526426973573               
5383           0.024242248598                
7237           0.00639670773439              
5088           0.064688204642                
3648           0.0433526751585               
11967          0.0116039324448               
5230           0.0340626529597               
6470           0.0570883356992               
7790           0.0342887288709               
11064          0.0177975832443               
12051          0.02231962812                 
8872           0.0463342361556               
621            0.0401984445576               
2925           0.0260241537972               
2206           0.0232806188959               
7154           0.0130845098578               
7877           0.0265752392923               
2745           0.0552857563604               
8721           0.02231962812                 
210            0.0182642193367               
663            0.0249987066721               
12041          0.0232806188959               
1985           0.0526426973573               
11952          0.0293955062106               
4267           0.0273964791988               
8925           0.0325985756149               
2259           0.0761393221639               
5456           0.0210197044226               
8784           0.0374429594718               
4139           0.0401984445576               
10998          0.00874951113523              
9588           0.023707298931                
11550          0.0398136930372               
7547           0.0231972398383               
1515           0.0168266578288               
4222           0.0296918565004               
