313
7784           0.0206957315475               
5860           0.0261924515306               
3086           0.0261924515306               
6933           0.0116171197707               
10790          0.0356940051714               
10242          0.0228784421735               
8163           0.0236239606662               
8160           0.0466902074277               
105            0.062362978331                
1445           0.0399894737826               
888            0.0433169850808               
2659           0.0153031379817               
11772          0.0194263624593               
4952           0.0135042936254               
6798           0.0154478266713               
2483           0.439381390072                
2954           0.0375504233904               
3664           0.0221942713652               
10385          0.0152080582045               
7044           0.0524567691181               
3354           0.038274304966                
2888           0.0427232760912               
5162           0.0172315860009               
8911           0.00835722832739              
132            0.0374967802577               
2880           0.0105254289884               
9539           0.0156447445025               
11230          0.0358855557354               
5463           0.0420345454637               
11696          0.0317838617                  
2081           0.027744732855                
9201           0.0188943480823               
11740          0.024023368082                
8955           0.0256776859185               
7849           0.0524567691181               
9835           0.0175386094012               
557            0.0175386094012               
11543          0.0524567691181               
9310           0.0338462658446               
481            0.0143126367381               
2092           0.0296546521584               
7386           0.0507027870231               
10285          0.0674311737831               
2151           0.02551294014                 
7237           0.0242681880723               
3649           0.0263713700383               
8441           0.0157449793289               
2113           0.0448337892087               
3507           0.0503858482994               
215            0.103383040475                
6003           0.0341772010434               
5738           0.0225293256371               
7385           0.0582233308085               
8960           0.0582233308085               
3668           0.0288861624869               
5358           0.0433169850808               
2645           0.10880395132                 
2059           0.0118033825499               
115            0.0227604346637               
8862           0.0554894657099               
7166           0.0192708553157               
6759           0.0112861058029               
4041           0.0290552400344               
9278           0.00644070102779              
2242           0.0390672275183               
2353           0.0243962689351               
7141           0.0302094837094               
4567           0.0273286766645               
2070           0.0215621149741               
4399           0.0466902074277               
9903           0.038274304966                
6276           0.0582233308085               
11093          0.0291345209286               
4025           0.0490835467711               
8121           0.0292303867033               
8940           0.0409236457374               
454            0.042526365155                
3543           0.02551294014                 
6492           0.0291345209286               
2561           0.0162116094742               
8539           0.023754977389                
2789           0.0241608817906               
2084           0.0188943480823               
11455          0.0483217635812               
11788          0.0325302211173               
10902          0.0420345454637               
82             0.0524567691181               
3122           0.0253513935116               
1503           0.0105254289884               
5361           0.0455208693273               
2680           0.0642758634573               
4836           0.0433169850808               
1554           0.0160531401124               
7919           0.0068093623465               
5119           0.0305014220829               
7367           0.0582233308085               
9097           0.0390672275183               
8411           0.0206957315475               
4244           0.0375504233904               
11384          0.0497695267324               
5830           0.0324232189485               
3321           0.0147931550027               
1612           0.0155457029761               
6242           0.0133139102611               
11806          0.0218721902415               
5677           0.0582233308085               
12129          0.0102084615104               
5650           0.023754977389                
1623           0.279606339137                
236            0.0152554622641               
7183           0.0299500136646               
10972          0.0133895415998               
280            0.0261924515306               
7421           0.026554221134                
163            0.0524567691181               
2258           0.0149291698571               
1874           0.0279608330556               
4505           0.0466902074277               
5232           0.109360951208                
10159          0.116446661617                
201            0.0186049488176               
8480           0.0284106393531               
4388           0.033727394746                
9546           0.0303932138352               
11155          0.068281303991                
11146          0.0368845168923               
3289           0.128767635894                
4316           0.0186049488176               
6084           0.0399437627338               
5383           0.0183943201002               
7207           0.047509954778                
908            0.0346527241773               
2108           0.0391696636424               
8069           0.033727394746                
8485           0.409687823946                
8730           0.0261924515306               
7624           0.0152554622641               
4410           0.0466902074277               
6677           0.0693054483546               
10510          0.0433169850808               
3535           0.0288861624869               
6346           0.0271281997359               
6904           0.0191182016758               
3555           0.0288861624869               
3306           0.0293905223566               
8721           0.0169354910498               
1867           0.0293905223566               
10769          0.0269324403522               
1678           0.0168199421096               
1363           0.0433169850808               
383            0.0409236457374               
697            0.0121233985402               
10157          0.0224161349121               
10924          0.0130910561338               
5456           0.0478474391515               
5277           0.0157449793289               
8136           0.013018078561                
12084          0.033727394746                
1824           0.0341772010434               
7523           0.0321379317286               
3168           0.033300665828                
7547           0.0176013975479               
10728          0.0323169005042               
6063           0.0246429772234               
9739           0.0409236457374               
9131           0.035157084047                
7454           0.0131768107938               
4428           0.00944149651412              
3348           0.0313351433516               
2020           0.026554221134                
3674           0.0524567691181               
1522           0.0162651105586               
8134           0.0204258898402               
6200           0.0209746198949               
8947           0.0317838617                  
7453           0.00916260816675              
7159           0.0261924515306               
8331           0.0169938729733               
2648           0.0214612726491               
4203           0.0209746198949               
6468           0.0243007067619               
1882           0.0253513935116               
9596           0.0203378531462               
12216          0.0311179552019               
2548           0.00693081545174              
7154           0.0297844478049               
8294           0.0183252791235               
12138          0.0249804894026               
2971           0.0446089271432               
8992           0.035157084047                
6264           0.0165379018812               
10139          0.0248847633662               
8945           0.0286450038639               
10692          0.00749107288862              
9608           0.0226440776627               
11985          0.0160531401124               
2028           0.0211658786618               
4149           0.0866339701615               
10115          0.117562089426                
11374          0.0490835467711               
9069           0.0141030692351               
7476           0.024181674571                
5348           0.0573546050275               
2246           0.0389454853155               
5370           0.0134276166775               
5272           0.0346527241773               
12218          0.0159466675673               
2278           0.0452881553254               
664            0.0231196007966               
2160           0.0186049488176               
722            0.0243007067619               
7601           0.0399437627338               
5984           0.0187483901289               
11458          0.071142131676                
2267           0.0181888926271               
10132          0.0352027950958               
2112           0.0296546521584               
6042           0.0429746200295               
8778           0.0486014135238               
4332           0.0328947614263               
8218           0.019956835277                
150            0.0233679592383               
6772           0.0144841766289               
11649          0.0582233308085               
2153           0.0231196007966               
8694           0.0199111242282               
8380           0.0302094837094               
4146           0.0675214681268               
5382           0.0362679837733               
5381           0.0346527241773               
6008           0.02551294014                 
12179          0.0256776859185               
10610          0.024023368082                
11435          0.0346527241773               
8743           0.0177284136022               
367            0.00941789539204              
7942           0.0356940051714               
11852          0.0218721902415               
8291           0.0170953878606               
10429          0.0291345209286               
8324           0.033727394746                
327            0.0390672275183               
7520           0.0156947109587               
6394           0.0142281752009               
1938           0.0116171197707               
42             0.0524567691181               
11918          0.0273196015379               
6760           0.0409236457374               
7526           0.0542563994719               
3704           0.053108442268                
6663           0.0346527241773               
8328           0.0275341041376               
2887           0.0386964910956               
11862          0.021322295969                
8524           0.0407450515722               
10292          0.0183252791235               
5205           0.0109677598698               
4008           0.0490835467711               
3868           0.0141862638279               
809            0.0524567691181               
3278           0.0582233308085               
4029           0.0182340447086               
2140           0.0523849030612               
6974           0.218721902415                
10939          0.0582233308085               
499            0.0341772010434               
2203           0.033727394746                
9262           0.162651105586                
5473           0.0666013316559               
5792           0.0187483901289               
11591          0.0105523962404               
11891          0.0142702987844               
8188           0.0189682987022               
9261           0.0889632815743               
4267           0.0207876594437               
110            0.036927877665                
2408           0.0256776859185               
5101           0.0311179552019               
2600           0.0466902074277               
11197          0.0214612726491               
10515          0.0524567691181               
6319           0.0448337892087               
3604           0.0275341041376               
1393           0.0154966208871               
159            0.0213616380456               
3545           0.023754977389                
8279           0.0178573989759               
8838           0.097924159106                
5350           0.0516915202377               
202            0.0362679837733               
3845           0.0448337892087               
8361           0.0356940051714               
6849           0.0497695267324               
1857           0.0582233308085               
11813          0.0582233308085               
366            0.0178573989759               
11968          0.0234949752925               
1739           0.0144409589216               
10813          0.0154966208871               
1048           0.0486014135238               
2484           0.0981670935423               
4741           0.174669992425                
3098           0.0137386581362               
6236           0.0234949752925               
5405           0.0577723249739               
1909           0.0147036983348               
5022           0.0296546521584               
11974          0.0582233308085               
3702           0.0147483064307               
1906           0.0635677234                  
10998          0.00663887707824              
1451           0.0250374170061               
11163          0.0420345454637               
