123
8628           0.0685248296177               
6589           0.151290729971                
9782           0.0573882383381               
4809           0.0270718148451               
7784           0.107553871949                
11882          0.0585414484891               
7527           0.0380916108007               
7454           0.03423935553                 
7805           0.0770562918641               
8935           0.0876391319473               
11878          0.0597596617006               
8293           0.0345956023849               
5787           0.0201562502106               
11093          0.0757047540469               
8143           0.0613858088222               
6765           0.151290729971                
2506           0.0658744660755               
2763           0.0390316529903               
9846           0.0876391319473               
7822           0.10922489282                 
5004           0.151290729971                
8524           0.0352914001396               
6713           0.0994540754887               
2435           0.055766160405                
1881           0.0624236511897               
7453           0.0238086289248               
2059           0.0306705634546               
1938           0.0905597037751               
8331           0.0441578214688               
12020          0.040523110804                
5616           0.0975731014795               
1612           0.0403948162792               
1554           0.0417133690601               
6468           0.126288606775                
6265           0.0457364469973               
1882           0.0658744660755               
1916           0.0770562918641               
6088           0.151290729971                
10849          0.0467420964118               
2269           0.0800427656454               
447            0.0662942377889               
4224           0.151290729971                
4428           0.0245333078648               
3098           0.0356992908063               
4854           0.0710123482167               
395            0.0726549784225               
3992           0.0676047944299               
1818           0.0710123482167               
10278          0.151290729971                
7976           0.151290729971                
4986           0.0284992351659               
3589           0.0459008399111               
4600           0.076369962347                
3696           0.323434478401                
6701           0.0689999600399               
5911           0.106338269397                
11591          0.0274199312885               
2310           0.0817064758763               
10692          0.0194652190084               
2448           0.151290729971                
2434           0.0876391319473               
8987           0.0530757643255               
7164           0.151290729971                
10213          0.0588396265129               
9069           0.0366461968042               
5748           0.084469921964                
7171           0.0337327025704               
4151           0.0854755713784               
5455           0.0585414484891               
203            0.22306464162                 
3006           0.0784979969194               
4852           0.107718477078                
7619           0.0854755713784               
10425          0.0787899638918               
2181           0.0600752521812               
12218          0.0138122349658               
3718           0.0487168560951               
1951           0.0311656438094               
557            0.0455732947966               
3427           0.0297131716943               
3796           0.0447755081758               
809            0.136306576446                
749            0.330355791819                
7346           0.0597596617006               
12157          0.103476337653                
3419           0.076369962347                
8364           0.154112583728                
3859           0.0533069704223               
6052           0.0373013246359               
5983           0.151290729971                
4056           0.151290729971                
2267           0.0472630267748               
8441           0.0409126269996               
12022          0.0876391319473               
5407           0.0295576489805               
8218           0.0259284734748               
11958          0.0888079335624               
4297           0.0337327025704               
10998          0.0172508261793               
2548           0.0180094150305               
5351           0.0784979969194               
57             0.0784979969194               
2206           0.0459008399111               
11266          0.0800427656454               
2745           0.0545016149144               
5957           0.065462690502                
8641           0.0650586121206               
1404           0.101514449399                
10616          0.0744327657729               
5684           0.0513100842641               
11114          0.0994540754887               
10157          0.0582473274353               
8795           0.0490961213315               
3702           0.0383228168975               
10923          0.0406521712708               
9278           0.00418396863632              
6388           0.0676047944299               
5498           0.0646619484414               
8291           0.0740360056313               
2078           0.0542573460557               
4753           0.0361150260032               
10924          0.0340165258681               
7310           0.0900435592307               
