84
6394           0.0389615287604               
7014           0.0902699319077               
3348           0.0572041071869               
7784           0.0566718731332               
105            0.0569236026291               
1042           0.22412541002                 
8911           0.0228849017696               
11458          0.0730541558446               
2561           0.088785677694                
8539           0.0650491170985               
4146           0.0369792975587               
8163           0.388142095497                
4952           0.0739585951174               
8524           0.0371912180411               
4332           0.180153839165                
1445           0.109504628028                
3122           0.0694206413308               
10975          0.0601836241006               
10972          0.0366650679206               
12156          0.0712441172728               
3532           0.0613829161322               
9596           0.0556918817128               
8838           0.268149280386                
7237           0.0132908921093               
7154           0.0271866116204               
5766           0.12276999285                 
11696          0.0870349025263               
5827           0.067848201401                
2680           0.0880044653416               
9262           0.044539342809                
1612           0.0851387258101               
5391           0.159435060771                
11806          0.0598934126909               
132            0.102678794842                
9627           0.115180162219                
4566           0.127853490264                
10692          0.0410261537652               
11788          0.044539342809                
9261           0.243611384083                
10213          0.124014200085                
9309           0.0139721109319               
2345           0.134407258287                
3722           0.072213680088                
5348           0.0523520658075               
1913           0.0677323663054               
203            0.0587681821275               
12218          0.0145557796011               
5207           0.0977421903664               
4648           0.0977421903664               
9794           0.0911884223432               
9310           0.0370729834716               
2837           0.0552172543877               
4410           0.255706980527                
8361           0.0977421903664               
9546           0.0554845606569               
2686           0.0501807771923               
2483           0.109379455803                
367            0.0257893649043               
4316           0.0509466068703               
10285          0.0568151481581               
2267           0.0996146101947               
7082           0.134407258287                
11041          0.031312700624                
8485           0.373954347858                
4327           0.0650491170985               
8218           0.0546485266473               
9278           0.0132276041088               
10784          0.101120948216                
8594           0.0566718731332               
8842           0.0896704156902               
2362           0.079088404297                
3306           0.0804811345031               
4531           0.0657840610781               
11977          0.0707743833614               
10610          0.0657840610781               
8250           0.0923569496334               
2750           0.0556918817128               
3981           0.0732263484745               
11292          0.0216143431627               
11852          0.0598934126909               
8291           0.0468129212913               
104            0.0556918817128               
1451           0.0685608680658               
7547           0.0481985459906               
