636
4431           0.0219310956391               
2132           0.0375630408702               
6117           0.0200322548732               
3297           0.0115481841537               
303            0.0238965376151               
5923           0.0117830327368               
6933           0.0155719898929               
6753           0.0384963582972               
4387           0.0115045183344               
4006           0.0120677487475               
1798           0.0102758380296               
6714           0.0156729065219               
3928           0.0219310956391               
12243          0.00945715906356              
6757           0.0234382903463               
5027           0.017455688503                
10882          0.00850859329014              
5984           0.00837699726372              
8992           0.0157085912357               
9595           0.00761932880362              
9860           0.0200322548732               
6756           0.0749593390328               
3746           0.0200730180666               
9085           0.0105554584953               
11817          0.0127989185918               
11936          0.0107953610554               
4428           0.0421856969695               
12127          0.00920646636663              
9719           0.420677352337                
11659          0.014359599107                
9456           0.0223740142283               
9454           0.0580635878068               
4686           0.00893387939317              
4578           0.0229461733194               
9362           0.017455688503                
10000          0.0219310956391               
4060           0.0363487507961               
9406           0.102169829831                
9358           0.052367065509                
9972           0.00617416270302              
4763           0.0111870071142               
9323           0.0260148567165               
11181          0.17455688503                 
11672          0.023406179762                
5156           0.0200322548732               
12129          0.00456125851617              
8913           0.0102223522216               
7163           0.0115481841537               
2923           0.0298976758576               
9835           0.0156729065219               
7828           0.00764578585143              
8296           0.0100157879973               
6169           0.0190892532347               
5213           0.0219310956391               
178            0.0589151636841               
4849           0.0222375994092               
481            0.0127901028267               
8908           0.0148791221328               
15             0.0123025557626               
70             0.0122107683948               
11706          0.0152707681915               
10620          0.00759305873298              
10066          0.0182851576059               
7237           0.0021686613483               
1147           0.0234382903463               
8441           0.00703503862725              
11041          0.00510926151502              
6772           0.0129433948359               
5420           0.0152707681915               
6648           0.0180501144913               
6680           0.00967981240698              
4479           0.0270292297233               
8478           0.0297582442656               
10611          0.0139038618136               
6759           0.00504276243343              
2130           0.0178473345617               
141            0.0154832374203               
1175           0.0255978371836               
7495           0.0178473345617               
3233           0.0171014015479               
10474          0.0499728926885               
7141           0.0134979462574               
2258           0.0266821021289               
2579           0.0175732886477               
7251           0.0327641396616               
1353           0.00834481351701              
9809           0.0234382903463               
3740           0.0060858640258               
11             0.0219310956391               
3784           0.0253266388897               
424            0.0208617239761               
9623           0.0219310956391               
1131           0.0182851576059               
10181          0.00991665680194              
8420           0.0117830327368               
11788          0.00726743926851              
739            0.0260148567165               
7077           0.0164804281838               
7827           0.0178473345617               
9396           0.0260148567165               
10816          0.00861044074397              
10991          0.0208617239761               
1554           0.0143454568495               
2797           0.0157085912357               
9698           0.0162049540649               
7919           0.00912750524481              
5031           0.00871515751444              
2507           0.0208617239761               
5455           0.0201327258413               
11906          0.00857618059799              
11124          0.0439441138598               
4913           0.0145248351777               
11898          0.0193545292689               
5830           0.0144870687321               
8641           0.0223740142283               
2089           0.00991665680194              
12108          0.00867992313192              
8851           0.0412907204531               
9321           0.104059426866                
4986           0.00490052179346              
8279           0.00797889212513              
1550           0.0150697895423               
5650           0.0106139982804               
9170           0.0139038618136               
4885           0.00908718769903              
6620           0.0138045347751               
12223          0.0959178813556               
9763           0.0117830327368               
3658           0.0120337254338               
4776           0.0120337254338               
1709           0.0190892532347               
203            0.00958914450902              
4852           0.0246966508121               
4772           0.00958914450902              
11890          0.00497743211345              
201            0.00831290602904              
3169           0.0142013965285               
7436           0.0207703506195               
2362           0.00645238724712              
733            0.0208617239761               
9546           0.00452667966659              
11155          0.0101696251032               
8737           0.0234382903463               
7142           0.0178473345617               
8468           0.0187815204351               
5383           0.0410939734262               
4264           0.0309664748406               
401            0.0219310956391               
10361          0.0162049540649               
5694           0.0468765806926               
7624           0.0340815837426               
3259           0.0130999142812               
10109          0.0103851753098               
3427           0.00510926151502              
3978           0.0219310956391               
6421           0.0306929557212               
11755          0.0387200131503               
3541           0.0157085912357               
5094           0.017455688503                
1794           0.0063761343266               
8246           0.017455688503                
5498           0.0111187997046               
330            0.0156729065219               
938            0.00724353436603              
10728          0.00721978221157              
6975           0.0324099081298               
2200           0.0234382903463               
7454           0.0117751025241               
7004           0.00767243255711              
6850           0.0111187997046               
4440           0.0200322548732               
6233           0.0130176404705               
478            0.00645238724712              
3504           0.00932969973592              
2021           0.0148163341317               
5443           0.165281674879                
2981           0.0260148567165               
4529           0.00647169741794              
402            0.0140496530299               
326            0.0189143181271               
1010           0.00824990113893              
8637           0.0164804281838               
3713           0.0142013965285               
1053           0.282425555401                
8997           0.0114409760754               
2738           0.00958914450902              
8349           0.0178473345617               
2548           0.00309676839854              
5290           0.00916628003443              
7154           0.0177440470745               
6655           0.025184708735                
8063           0.0234382903463               
2588           0.0200322548732               
2118           0.0133719274256               
154            0.0234382903463               
2971           0.00996589195252              
1818           0.0122107683948               
10849          0.00803743191017              
8103           0.0164804281838               
9010           0.0142013965285               
4915           0.0234382903463               
11228          0.0148791221328               
11985          0.00717272842473              
8511           0.0132500411118               
6599           0.0178677587863               
11967          0.00786810991728              
3088           0.052029713433                
233            0.0260148567165               
5348           0.00854223333443              
1352           0.0201327258413               
4784           0.020995652681                
3908           0.0146977593577               
12218          0.030875672801                
2612           0.0142013965285               
10559          0.0387090585378               
3580           0.00950063557701              
9303           0.0121211929875               
7233           0.0214678366841               
11275          0.0121211929875               
5273           0.0116248301583               
4391           0.025184708735                
8444           0.0129066710501               
2951           0.0219310956391               
6687           0.0159484937958               
8836           0.00996589195252              
8104           0.0260148567165               
959            0.0464497122609               
5317           0.00809690837142              
1412           0.0260148567165               
10784          0.00824990113893              
2887           0.00864501959355              
4121           0.00824990113893              
4759           0.0140496530299               
873            0.0130999142812               
8519           0.0780445701495               
614            0.0191851542401               
3383           0.034911377006                
10782          0.0731406304236               
7877           0.0180194864822               
8395           0.0468765806926               
9094           0.0219310956391               
5719           0.0234382903463               
82             0.0234382903463               
1332           0.0110518213245               
11262          0.0200115765967               
367            0.016832097772                
8057           0.00601670483043              
7909           0.0187815204351               
8291           0.00254613891906              
6137           0.0208617239761               
5165           0.0125923543675               
7520           0.00701257813882              
10681          0.0182851576059               
8628           0.0117830327368               
8524           0.00606845322336              
8631           0.0122107683948               
11916          0.0178473345617               
7032           0.0563445613053               
11835          0.00665015726469              
4547           0.0389039575697               
7518           0.0102723957227               
4359           0.00837699726372              
5569           0.0400645097464               
6126           0.0150697895423               
2226           0.0133719274256               
660            0.0142174466861               
12020          0.0139361204943               
1080           0.0148791221328               
915            0.0148791221328               
9792           0.0167779628987               
5221           0.0260148567165               
8424           0.0133719274256               
10854          0.0234382903463               
5664           0.0107953610554               
74             0.0130176404705               
11992          0.0736915174142               
320            0.014359599107                
10314          0.0136283876947               
277            0.0208617239761               
8005           0.0140496530299               
11167          0.0164804281838               
1886           0.00794996435637              
579            0.0134231999561               
5426           0.0131320248655               
8188           0.00847525495434              
6809           0.00840946209475              
9309           0.0319174118308               
3763           0.0182851576059               
1951           0.00535901808614              
6887           0.0142013965285               
6785           0.0124932231721               
10726          0.052029713433                
2317           0.00982010073622              
6443           0.0159484937958               
2721           0.0126942018213               
420            0.0117830327368               
7026           0.0260148567165               
1213           0.0450259580085               
3142           0.0168189241895               
6996           0.025184708735                
1396           0.0134979462574               
158            0.0193545292689               
5927           0.21362782601                 
10717          0.0150821381619               
12174          0.0260148567165               
10595          0.00871515751444              
8675           0.00696806024715              
2963           0.0125923543675               
1050           0.0164804281838               
366            0.0398944606256               
1899           0.011703089881                
4381           0.0219310956391               
11115          0.0244215367896               
2638           0.00612093220593              
1909           0.00656978225174              
5999           0.00645238724712              
4969           0.00937170243734              
5852           0.0703148710389               
2750           0.00908718769903              
2661           0.00893387939317              
11258          0.0234382903463               
1906           0.0284027930571               
10561          0.0142013965285               
7745           0.0260148567165               
2224           0.0260148567165               
6063           0.00550538343164              
7579           0.0260148567165               
9782           0.00986806526655              
9790           0.00800804678066              
11789          0.0967726463446               
4312           0.0260148567165               
532            0.00658971366423              
9361           0.0417234479522               
7806           0.0244215367896               
8569           0.0142013965285               
3786           0.00857618059799              
4010           0.0260148567165               
4524           0.00875072907321              
4608           0.0260148567165               
7350           0.017455688503                
8837           0.0193545292689               
95             0.0200322548732               
7352           0.0431814442217               
3778           0.0115481841537               
2316           0.0234382903463               
11264          0.0260148567165               
510            0.0358448064226               
1086           0.0109213798872               
9046           0.0129066710501               
11797          0.0260148567165               
9119           0.0375630408702               
7439           0.00847525495434              
7186           0.00837699726372              
11742          0.0260148567165               
2852           0.00703503862725              
11922          0.00893387939317              
5792           0.0167539945274               
8934           0.0167779628987               
10160          0.0375630408702               
10842          0.0152707681915               
8911           0.0112023184417               
840            0.0111870071142               
6401           0.0219310956391               
8354           0.0152707681915               
3434           0.0353490982105               
2731           0.0260148567165               
3540           0.0219310956391               
11740          0.0214678366841               
9633           0.0171141111818               
5829           0.0157085912357               
7563           0.0260148567165               
6649           0.0260148567165               
518            0.0260148567165               
848            0.0117830327368               
8970           0.00748979655048              
8956           0.00681631674852              
853            0.0260148567165               
1838           0.0275271469687               
557            0.0391822663048               
1186           0.0267950904307               
6605           0.0234382903463               
9310           0.0226843537834               
10813          0.00692406920681              
3651           0.00828127009745              
2350           0.017455688503                
7021           0.0142013965285               
10285          0.0162233223994               
3875           0.0329608563676               
9475           0.0260148567165               
726            0.0139805050981               
1238           0.017455688503                
7079           0.0542891823382               
2565           0.338193137314                
493            0.0157085912357               
7394           0.0146977593577               
9493           0.0164804281838               
2522           0.00837699726372              
11954          0.0123025557626               
11043          0.0167779628987               
2059           0.0105477753176               
9291           0.052029713433                
72             0.0219310956391               
6124           0.0219310956391               
8804           0.0218744966891               
7005           0.0377770631025               
7184           0.0104410741003               
9278           0.0125902858061               
2353           0.00726702316694              
6125           0.0438621912782               
632            0.0127989185918               
8121           0.013060474406                
11882          0.0201327258413               
10904          0.0234382903463               
5320           0.00924709190242              
929            0.0260148567165               
454            0.019001271154                
3012           0.0260352809411               
10132          0.00786450773015              
8539           0.0106139982804               
4609           0.0260148567165               
10430          0.0133719274256               
4697           0.0159484937958               
1296           0.0387090585378               
9007           0.0234382903463               
9538           0.00950063557701              
11193          0.0272567753895               
11162          0.0123966671064               
3350           0.0121211929875               
1309           0.0167779628987               
6133           0.0156172178791               
8811           0.0167779628987               
301            0.0438621912782               
8287           0.0126942018213               
10944          0.0144870687321               
2995           0.0131320248655               
2266           0.0200322548732               
6199           0.0260148567165               
2730           0.00996589195252              
10923          0.00699025254904              
3312           0.0123025557626               
4195           0.0234382903463               
7712           0.0187815204351               
5287           0.0234382903463               
10749          0.0139038618136               
6242           0.0178464266628               
6995           0.0247933342128               
4694           0.0171014015479               
236            0.013632633497                
1618           0.011703089881                
1725           0.0132500411118               
6271           0.0178473345617               
5130           0.0134979462574               
8387           0.0260148567165               
9330           0.0749593390328               
1354           0.0234382903463               
2493           0.0167779628987               
2269           0.0137635734844               
11837          0.0237294654369               
1684           0.0136283876947               
509            0.101696251032                
2012           0.0260148567165               
10866          0.037260467722                
2788           0.0178473345617               
697            0.00541687449963              
9416           0.00885953292439              
6395           0.0102723957227               
4154           0.0260148567165               
5987           0.00958914450902              
3566           0.0113272954434               
12004          0.0178473345617               
10988          0.0171014015479               
7465           0.0232496603167               
3589           0.0157855510868               
51             0.017455688503                
5375           0.0157085912357               
3319           0.0198333136039               
2090           0.0208617239761               
3180           0.0154832374203               
10473          0.0783090497991               
3232           0.0164804281838               
1722           0.00754106908096              
8721           0.0151339460305               
1678           0.0676380997269               
7478           0.10708400737                 
11952          0.0498294597626               
5244           0.0178473345617               
10157          0.0200315759946               
4510           0.0208617239761               
10943          0.0173598462638               
7951           0.0169505099087               
2065           0.00800804678066              
3400           0.0780445701495               
3445           0.0152707681915               
9065           0.0297582442656               
11337          0.0193545292689               
9781           0.011703089881                
7519           0.0157085912357               
5093           0.0180965275763               
7860           0.0182851576059               
5683           0.00426105243963              
5787           0.00693184521313              
5970           0.0280993060598               
8038           0.0260148567165               
1761           0.0182851576059               
6192           0.0142064920736               
8474           0.0260148567165               
10202          0.0112564895021               
2590           0.0159484937958               
3274           0.0159577842503               
5137           0.0200322548732               
3258           0.00669100602219              
5245           0.0260148567165               
1446           0.0260148567165               
646            0.0260148567165               
507            0.0644035100524               
5827           0.0166060830289               
2812           0.00696806024715              
12138          0.0334847136101               
2047           0.0157085912357               
10412          0.0387090585378               
12273          0.0260148567165               
9551           0.0184129327333               
10692          0.00334709789262              
679            0.0260148567165               
3425           0.0159484937958               
7476           0.0216093030197               
90             0.0222375994092               
6400           0.0208617239761               
5370           0.0059996142278               
7743           0.0200322548732               
4921           0.0182914266081               
10201          0.0182851576059               
6942           0.0150697895423               
10532          0.0342028030958               
1334           0.0162049540649               
1003           0.0177190658488               
7825           0.017455688503                
11458          0.0278137353929               
2531           0.0260148567165               
6042           0.0288023349143               
8175           0.0219310956391               
2288           0.017455688503                
5407           0.00508251895705              
9243           0.00541687449963              
8218           0.0089169445141               
325            0.0438621912782               
215            0.0115481841537               
905            0.0260148567165               
3727           0.0178473345617               
1682           0.00950063557701              
8473           0.0260148567165               
9946           0.0137635734844               
5205           0.00490052179346              
103            0.00778097164106              
119            0.0138919993022               
620            0.0146977593577               
327            0.017455688503                
11861          0.0260148567165               
2547           0.0219310956391               
7060           0.312178280598                
672            0.0260148567165               
7571           0.00954462661735              
1843           0.0234382903463               
8532           0.0164804281838               
11857          0.0234382903463               
441            0.00705763565443              
7435           0.0157085912357               
11862          0.0238176203077               
1890           0.0219310956391               
6234           0.0182851576059               
6235           0.022818814909                
2792           0.115190267326                
9552           0.0219310956391               
3304           0.0157085912357               
10204          0.0136283876947               
1039           0.0123966671064               
1503           0.00940576649297              
10437          0.0187815204351               
11891          0.0063761343266               
4753           0.00621007795367              
11184          0.0260148567165               
7452           0.00797889212513              
4029           0.0040735908945               
1272           0.0193545292689               
8800           0.026264049731                
9670           0.156089140299                
4770           0.0171014015479               
3858           0.0159484937958               
6163           0.00719618086546              
10439          0.0260148567165               
4068           0.0329608563676               
2593           0.0219310956391               
8190           0.00570470372726              
3006           0.0134979462574               
11591          0.00942986505232              
689            0.0234382903463               
1521           0.0230963683075               
110            0.00824990113893              
1538           0.0234382903463               
262            0.0774939666957               
2676           0.0335610213425               
8023           0.0200322548732               
508            0.0780445701495               
470            0.0146977593577               
1331           0.0125923543675               
12224          0.0874496079201               
1752           0.0200322548732               
8240           0.0297582442656               
736            0.0260148567165               
2674           0.0219310956391               
3702           0.0131794273285               
8343           0.0106139982804               
2920           0.0102758380296               
450            0.0234382903463               
11018          0.0229461733194               
11011          0.0108578364676               
11781          0.0140496530299               
11887          0.0159484937958               
10987          0.0145248351777               
9801           0.0260148567165               
10220          0.014359599107                
8158           0.0137635734844               
1919           0.0219310956391               
5670           0.0122107683948               
9580           0.0260148567165               
4937           0.0234382903463               
9588           0.00803743191017              
10248          0.0148784432542               
210            0.0185762308568               
5957           0.0225129790042               
11733          0.0133719274256               
4156           0.0260148567165               
9237           0.0063761343266               
8205           0.0229461733194               
10998          0.0118653078449               
3528           0.00950063557701              
