191
9625           0.0508032114685               
7784           0.0717229067767               
6587           0.195201520908                
8345           0.050927740589                
7339           0.145674472959                
6933           0.0201300832594               
5787           0.0268826185172               
8036           0.0692143393021               
4387           0.0223080268024               
9639           0.0709122753513               
3873           0.0466683891849               
5415           0.0599272860839               
6766           0.120092111749                
4529           0.0250981041117               
9164           0.115406432737                
8134           0.0353938731154               
9474           0.0488348265558               
8331           0.0883406777075               
9590           0.0428604343364               
9410           0.0396436427348               
10972          0.0232013263638               
8686           0.0776851183494               
12156          0.0450826388739               
5503           0.0544864247669               
1882           0.043928759641                
4011           0.0416275642505               
9596           0.246689265206                
1916           0.154156269908                
2548           0.0120096800973               
6241           0.0539210270221               
5485           0.0577032163686               
2267           0.28365854634                 
8294           0.0317539460544               
8926           0.0382696707596               
10849          0.0623404618122               
6145           0.0165249286004               
132            0.0324871105508               
6108           0.0336618973937               
3589           0.0306092342588               
6181           0.0349409836834               
9118           0.0431201854107               
9539           0.0542182598823               
11230          0.0414548665544               
10692          0.0259609823995               
7901           0.0650671736361               
9934           0.0492298045399               
5382           0.0628449690986               
5049           0.0388425591747               
1194           0.0600460558745               
3534           0.0750594410173               
552            0.158558105153                
9069           0.0244377232496               
10830          0.0484503825836               
7171           0.0224948431697               
6701           0.0460130129383               
2246           0.0224948431697               
2551           0.0584426499647               
10425          0.0262707661415               
6429           0.0728372364797               
3642           0.0764354704631               
12218          0.0184215337464               
3718           0.0324871105508               
8935           0.0584426499647               
9829           0.11014981251                 
2238           0.0544864247669               
10582          0.0650671736361               
9310           0.0175945887514               
3796           0.0895764013119               
5273           0.0450826388739               
8908           0.0577032163686               
9012           0.0884173735565               
3736           0.0776877511308               
6068           0.0402750923459               
3544           0.118444143842                
5230           0.0895707909297               
10620          0.0294468925692               
1436           0.0776877511308               
7237           0.00841035740512              
480            0.0352413236009               
2687           0.0281840969389               
3535           0.0500537884934               
974            0.0908968101135               
10579          0.0750594410173               
1500           0.050927740589                
106            0.0584426499647               
614            0.124004303513                
3811           0.0639132944033               
9517           0.0293457286831               
9443           0.0776877511308               
3191           0.142064956069                
5508           0.0428604343364               
9278           0.00697525777135              
8057           0.0233335822878               
103            0.0603512876841               
10924          0.0453682246767               
10106          0.0314008885405               
7559           0.0456961695335               
1938           0.140910582816                
11882          0.0390386954601               
6208           0.16898773318                 
8842           0.113485270728                
8293           0.0461405455662               
8895           0.0908968101135               
7698           0.0577032163686               
3784           0.0654800514302               
1841           0.0413931559216               
3624           0.0394391599503               
216            0.123700764069                
9538           0.0368447295106               
1448           0.0720414911143               
6279           0.0426052808684               
12020          0.0540461304803               
5616           0.0650671736361               
2087           0.0577032163686               
4147           0.0377186816063               
5455           0.0780773909202               
10944          0.0280913905448               
8838           0.0339364922599               
6091           0.0650671736361               
755            0.0776851183494               
2279           0.0533769702059               
3098           0.0238062736385               
11689          0.0618503820345               
5454           0.0453861404965               
5103           0.0692143393021               
395            0.0484503825836               
1612           0.0538750226238               
5792           0.0324871105508               
4113           0.0400615211122               
1918           0.0908968101135               
4986           0.038009751764                
9061           0.0709122753513               
8394           0.0650671736361               
5650           0.0823249965745               
11591          0.0182851359974               
576            0.0484503825836               
4114           0.0776877511308               
10213          0.0392375371588               
110            0.0319942148596               
4358           0.0398510678184               
8352           0.0345018900047               
11462          0.0850517083984               
11179          0.0373627179751               
6133           0.0302828249648               
203            0.0743759578629               
1979           0.0992718202318               
6891           0.0776877511308               
1728           0.0908968101135               
7811           0.0473549853562               
9551           0.0357039021524               
3427           0.03962879262                 
8144           0.150118882035                
8720           0.0307197006583               
10914          0.0908968101135               
6738           0.0563292443934               
367            0.0326385579406               
8962           0.0776877511308               
7799           0.0609200079702               
3871           0.0411624982872               
3073           0.0463369770123               
9154           0.0533769702059               
11967          0.0152567888386               
12022          0.116885299929                
5674           0.0676954837497               
1070           0.0750594410173               
664            0.0400615211122               
3259           0.0254016057343               
5670           0.0473549853562               
7722           0.0518581146534               
8291           0.0296227970252               
12051          0.0293457286831               
1315           0.055074906255                
6105           0.0382696707596               
2837           0.0349409836834               
11290          0.155375502262                
6019           0.0607816178996               
7870           0.0628449690986               
2793           0.0618503820345               
1048           0.0842162704755               
525            0.0776877511308               
10616          0.0496359101159               
9546           0.0175550663474               
4463           0.0450826388739               
8925           0.128581303009                
6264           0.0286567882896               
10943          0.0336618973937               
5838           0.0850517083984               
11292          0.0136773626315               
7802           0.0250981041117               
7450           0.127826588807                
2686           0.0317539460544               
