153
169            0.0460964388928               
1186           0.0212503448539               
5860           0.0464067655362               
7527           0.0779184800905               
7454           0.0233461601832               
6933           0.0205827603718               
6233           0.0516194095144               
6914           0.0332176674595               
2089           0.0393229456315               
2212           0.0653505505331               
9912           0.0642582011642               
2435           0.0380242470534               
7453           0.0162339523048               
1122           0.0744751705839               
3258           0.026532133892                
3381           0.105081915541                
6798           0.0821095730051               
3871           0.0420881437814               
7154           0.017590308214                
8803           0.0418560134546               
12152          0.042807309392                
2274           0.0590008227932               
7851           0.260892949715                
10526          0.0420881437814               
9539           0.0277187490125               
10692          0.0265447823966               
9608           0.0401198949112               
822            0.112626816625                
11041          0.020259974383                
6422           0.0371620146566               
11821          0.0355755417753               
11569          0.0473789840762               
9607           0.262506156438                
8943           0.0520729828743               
5370           0.02379052828                 
12256          0.0945730065288               
3642           0.0781543201873               
12218          0.0188357896934               
3558           0.58005537371                 
557            0.031074225082                
2133           0.0345585888425               
4130           0.0929408605531               
9310           0.0179902486962               
2278           0.0401198949112               
10813          0.0549126187194               
2160           0.0329635237306               
613            0.0530242788117               
6317           0.0869643165715               
8915           0.0707708031703               
7237           0.00859948609654              
726            0.0277187490125               
2112           0.0525409577704               
6042           0.0190351895219               
5631           0.0499330042428               
8218           0.0176793717545               
9891           0.0382029155575               
4121           0.0327136877307               
6620           0.0821095730051               
4146           0.02392638151                 
5164           0.0983140742637               
10246          0.045792511195                
10962          0.0563134083125               
6775           0.216746689579                
1332           0.0438242623248               
4041           0.102957885427                
9278           0.0128378061482               
10265          0.0315243355096               
8291           0.0100963141393               
9248           0.0520729828743               
9601           0.0464067655362               
10924          0.0231942234164               
3348           0.0370122577456               
6913           0.0491074179944               
1522           0.0288178894302               
3479           0.0869643165715               
9955           0.0318711743617               
8969           0.0642582011642               
8428           0.062289952294                
3740           0.0241325383127               
9360           0.224583058469                
11835          0.0527403091148               
2683           0.030005643476                
10279          0.0566998290682               
11455          0.042807309392                
2077           0.0632412482314               
6197           0.02379052828                 
2386           0.0692177922129               
625            0.0692177922129               
7159           0.0464067655362               
10248          0.0294990654034               
11891          0.0252835596181               
4147           0.0385668839538               
7232           0.0632412482314               
3957           0.045792511195                
8424           0.0530242788117               
8944           0.0632412482314               
10429          0.0516194095144               
7942           0.0632412482314               
6169           0.0378477183433               
2730           0.0395181798912               
3098           0.0486832388455               
3268           0.0545772897691               
12255          0.0395181798912               
1612           0.0275432710934               
8874           0.0385668839538               
12129          0.0180869545276               
2073           0.0495399150511               
7099           0.0385668839538               
9606           0.0454947238727               
230            0.057070650841                
9124           0.0827238911334               
9640           0.0301090822942               
11664          0.0306374532412               
8956           0.0270290339035               
8795           0.0334762700769               
2338           0.0477178489108               
2712           0.0511793776999               
5120           0.0540412317445               
3427           0.020259974383                
11890          0.0197372255883               
9546           0.0358996750569               
3566           0.0898332233874               
9476           0.0794347616326               
3289           0.0380242470534               
11185          0.0530242788117               
2661           0.0354258961132               
10717          0.0299029254915               
5383           0.0325903399723               
1834           0.0511793776999               
2888           0.0378477183433               
11967          0.0155998772913               
3302           0.103157829973                
7465           0.0460964388928               
103            0.0308542214289               
5867           0.174210292809                
4654           0.0278963411742               
8059           0.0312975622503               
11784          0.0725069217137               
2206           0.0312975622503               
3671           0.0642582011642               
11968          0.0416274821929               
11204          0.0411807822167               
1048           0.0430550458305               
1867           0.0520729828743               
3261           0.0725069217137               
1363           0.0767473471519               
2993           0.0725069217137               
3356           0.0582816571827               
6138           0.110492296231                
11292          0.013984933591                
4616           0.0516194095144               
8379           0.0348420585618               
9340           0.0794347616326               
