346
2207           0.0328642161575               
8163           0.0254539918736               
2230           0.0483068407667               
6933           0.0125170404919               
1326           0.038763778308                
563            0.0627336038267               
25             0.0316672605325               
4006           0.0145504043566               
10877          0.0432692689298               
3872           0.0245235727893               
7906           0.109020266827                
2657           0.0211885796638               
7350           0.0420935721078               
3624           0.0735707183678               
2870           0.0306114708467               
3490           0.12371767732                 
1445           0.430872602217                
1448           0.0223979764454               
2659           0.0164885962744               
9827           0.100614133018                
246            0.0452907534752               
1777           0.0319518511616               
10972          0.0288535261201               
10105          0.0221040533304               
11922          0.0215436301108               
7314           0.0528858059956               
1533           0.0363698670579               
7440           0.0239135516247               
478            0.0155596284734               
8926           0.0237963754217               
9456           0.0539538833487               
12023          0.264429029978                
132            0.0808029401549               
6108           0.0209312265272               
2739           0.0315898273682               
2687           0.0350501762031               
11230          0.0128884773243               
5346           0.14001761201                 
11740          0.0517686788068               
1749           0.0905815069505               
3722           0.0284142294399               
9835           0.0566917157727               
9534           0.0164885962744               
2795           0.0301268202835               
6914           0.0202007350387               
530            0.050307066509                
1951           0.0129230201488               
9310           0.0911704209905               
9047           0.0278479031237               
9012           0.0274893012298               
1837           0.050307066509                
2506           0.0273152403843               
10285          0.0223553023951               
12109          0.0330805225395               
4549           0.0483068407667               
7237           0.0261481243855               
6121           0.0440937978502               
11041          0.0123207439204               
77             0.0362457994087               
6058           0.0195253138439               
8404           0.031391427942                
6628           0.0250433619779               
4297           0.0279749327597               
2153           0.0249105617433               
11927          0.0202790224523               
2522           0.0404014700774               
6102           0.0201231254467               
2205           0.0627336038267               
10654          0.0412392257732               
9517           0.0182473996485               
3502           0.035880303449                
5561           0.0726801778848               
1245           0.0412392257732               
5508           0.0266509474987               
9278           0.00346981511564              
5327           0.0378805291913               
2079           0.0234537661313               
2683           0.036494799297                
104            0.0219133258823               
4349           0.0565203351679               
960            0.0236960471471               
2123           0.0378805291913               
3348           0.0675250433658               
210            0.0149319024364               
1522           0.0175250881015               
2047           0.0378805291913               
4562           0.0412392257732               
3404           0.0292296869852               
1353           0.0201231254467               
8293           0.0143452729363               
3740           0.0146757749581               
1852           0.0290187630917               
12085          0.0483068407667               
9570           0.0368247395055               
207            0.034246000019                
10181          0.0239135516247               
10146          0.0288126884555               
6962           0.0185017103754               
3896           0.0316672605325               
4411           0.105077871343                
1554           0.0172966973548               
1714           0.0268124627131               
1965           0.076918085871                
7919           0.00733684991611              
1876           0.0242745608913               
8411           0.0445978547011               
3448           0.0483068407667               
11906          0.0620431688528               
10933          0.150921199527                
3982           0.0565203351679               
8837           0.0466725373367               
3312           0.0296670347901               
1612           0.0167499515773               
11484          0.0452907534752               
12127          0.0222009607811               
11918          0.0147179578683               
4986           0.0118173778962               
6724           0.0528858059956               
9627           0.0302136248258               
12129          0.0219985209085               
4430           0.094722844848                
236            0.0657489094204               
605            0.186556632491                
8859           0.0215572013006               
6954           0.0966136815333               
4952           0.0145504043566               
9990           0.0627336038267               
6              0.0298939798709               
6620           0.01664449328                 
446            0.0255951578129               
8010           0.0258843394034               
2258           0.0160856586917               
1709           0.0230164183264               
3399           0.0627336038267               
69             0.0195253138439               
5223           0.0440937978502               
2444           0.0592345431591               
33             0.0452907534752               
3923           0.105771611991                
10512          0.037337099061                
201            0.0400923640793               
669            0.0384590429355               
2361           0.0257385825028               
2837           0.0217265722132               
8480           0.0306114708467               
6395           0.0247713993062               
10349          0.050307066509                
7954           0.0420935721078               
2569           0.0368247395055               
2156           0.0517686788068               
11967          0.00948678856461              
8069           0.0363400889424               
3589           0.0190330571268               
3259           0.0157949136841               
3319           0.0239135516247               
2925           0.0212760325709               
3725           0.0378805291913               
2353           0.00876204234609              
6019           0.0377944771818               
6421           0.0148029239251               
8396           0.0565203351679               
6886           0.0325496627644               
1985           0.0430380081644               
2241           0.0288126884555               
3779           0.0390774848164               
5456           0.0171846477473               
1978           0.0316672605325               
1794           0.0153757481408               
3489           0.0881875957004               
10543          0.0440163646859               
5538           0.0266509474987               
10156          0.0264922911112               
10728          0.0174101653494               
8399           0.0331902103332               
4991           0.0404592686778               
5683           0.0102753276155               
7454           0.0141975530524               
3289           0.046247542258                
5787           0.00835790940784              
5021           0.0260325056178               
131            0.0860760163287               
2763           0.0323694155732               
7856           0.0338800777066               
6042           0.0115759127402               
2638           0.044281020677                
3491           0.0528858059956               
1736           0.0452907534752               
1881           0.0258843394034               
7453           0.00987239003284              
1592           0.0251781592832               
7950           0.0412392257732               
10776          0.0294456938683               
9584           0.0769628928591               
5137           0.0483068407667               
2399           0.0229103360009               
3884           0.0242745608913               
8289           0.0390774848164               
699            0.0627336038267               
8147           0.264429029978                
11778          0.0258843394034               
5290           0.0442081066609               
7154           0.0213944676226               
8379           0.0211885796638               
5827           0.0266965256354               
8919           0.0990961847946               
4636           0.0350259571144               
10450          0.0452907534752               
1818           0.0294456938683               
10849          0.038763778308                
6264           0.0178190112166               
2881           0.0192407232148               
10692          0.0161427383939               
11985          0.0172966973548               
8136           0.0280530492396               
9069           0.0303911282934               
2632           0.0432692689298               
2418           0.0565203351679               
6431           0.0331902103332               
2626           0.016964664882                
9964           0.0565203351679               
668            0.0526727882111               
3642           0.0158427210075               
12218          0.0229093025454               
5350           0.0278479031237               
9539           0.0674266614403               
812            0.0243982021878               
2238           0.0338800777066               
3796           0.0371328632175               
6040           0.0162346458092               
10118          0.035880303449                
7918           0.0194533146465               
9003           0.0390774848164               
3997           0.0378805291913               
4768           0.0242745608913               
2146           0.0186972930844               
9989           0.0565203351679               
4425           0.0713891262652               
2310           0.0677601554132               
2889           0.0354429556441               
3426           0.031391427942                
12073          0.076918085871                
8218           0.0107513962231               
8539           0.0255951578129               
538            0.0286112451043               
8694           0.0214535403889               
12238          0.0222989273505               
1584           0.050307066509                
614            0.0308427316121               
8191           0.0221040533304               
4146           0.0436512130699               
3792           0.0363400889424               
880            0.076918085871                
4013           0.0627336038267               
11862          0.011487014307                
5684           0.0851041302837               
8795           0.0203579996318               
8881           0.037337099061                
3438           0.0284142294399               
8057           0.0145090008101               
8291           0.0306994714553               
2175           0.0292296869852               
5251           0.0657284323151               
12039          0.0286112451043               
7310           0.037337099061                
6394           0.015330361452                
10812          0.0243982021878               
1938           0.0125170404919               
3801           0.0199698934781               
103            0.0187634472731               
8503           0.0452907534752               
7669           0.0483068407667               
10501          0.0338800777066               
441            0.0510574696517               
7518           0.0123856996531               
8328           0.0296670347901               
7322           0.037337099061                
10586          0.0250340809838               
11194          0.0565203351679               
216            0.0384590429355               
6235           0.0137566248192               
3857           0.0237963754217               
1875           0.0144677876254               
5205           0.0118173778962               
6265           0.0189648906243               
10998          0.00715315799865              
12020          0.0168031496675               
5604           0.0375268945462               
6182           0.0328642161575               
12105          0.0627336038267               
8767           0.0331902103332               
4753           0.0449259330148               
7532           0.0298939798709               
7452           0.0192407232148               
4029           0.00982327291334              
8463           0.0280327313601               
1471           0.0316672605325               
2203           0.0726801778848               
9520           0.0237963754217               
9625           0.0157949136841               
1035           0.0276668090477               
2078           0.022498132257                
9549           0.0617279808303               
1735           0.039741777702                
8741           0.0460328366527               
8550           0.027144495186                
797            0.0354429556441               
8188           0.0204376788398               
2231           0.0627336038267               
1004           0.0483068407667               
11054          0.0430380081644               
8406           0.0350259571144               
1521           0.0278479031237               
2408           0.0276668090477               
6785           0.0301268202835               
9583           0.0523663242738               
7198           0.0148029239251               
8064           0.0132042621003               
5177           0.0523663242738               
9551           0.0222009607811               
7951           0.0613130365195               
2097           0.0420935721078               
6873           0.0335285090432               
159            0.0690492549791               
10867          0.0292296869852               
10595          0.042032385168                
7724           0.0322457742766               
2173           0.0408753576797               
1824           0.0368247395055               
8941           0.0230164183264               
57             0.0325496627644               
2206           0.0380661142537               
8433           0.0466725373367               
1899           0.0282214510018               
490            0.0498211234865               
2717           0.0384590429355               
11724          0.0222989273505               
1909           0.0158427210075               
5999           0.0155596284734               
6329           0.0129576966017               
9237           0.0153757481408               
3702           0.0158907846716               
1906           0.034246000019                
6853           0.0500867239557               
8482           0.0250433619779               
9588           0.038763778308                
3495           0.18820081148                 
