194
7784           0.0668909323362               
6587           0.182050788427                
7339           0.203790568838                
6933           0.0187739189296               
5787           0.0250715356789               
8036           0.0645513671297               
2551           0.054505366835                
9639           0.0661349131748               
3873           0.0435243383669               
5415           0.055889982973                
6766           0.112001502478                
4529           0.023407244064                
9164           0.107631497806                
8134           0.0330093867925               
5510           0.0438406965411               
9474           0.0455448227853               
2659           0.0247307316708               
8331           0.082389163527                
9410           0.0369728493016               
10972          0.0216382522915               
8686           0.0724514695314               
12156          0.0420454201032               
5503           0.0508156726507               
1882           0.0409692777498               
4011           0.0388231139637               
9596           0.262936916348                
1916           0.191694343003                
6241           0.0502883657694               
5485           0.053815748903                
6141           0.0847730892141               
2267           0.323337008291                
8294           0.0296146817298               
8926           0.0356914418608               
10849          0.0290702914891               
6145           0.0154116436512               
132            0.0302984529115               
6108           0.0313940943286               
3589           0.0285470892032               
6181           0.0325870085355               
9118           0.0402151771903               
9539           0.0505655740426               
11230          0.0386620509167               
10692          0.0121059951075               
7901           0.0606835961424               
7806           0.044164678533                
5382           0.0586111015931               
5049           0.0362257347657               
1194           0.0560007512392               
3534           0.0700026841621               
552            0.098584027147                
10830          0.0451862788153               
7171           0.0209793648919               
6701           0.0429131148382               
7799           0.0568158251552               
10425          0.0245009038167               
6429           0.135860379225                
3642           0.0475240069745               
12218          0.01718047445                 
3718           0.0302984529115               
8935           0.054505366835                
9829           0.102729016246                
2238           0.0508156726507               
10582          0.0606835961424               
9310           0.0164092407648               
3796           0.0835416363941               
5273           0.0840908402064               
8908           0.053815748903                
9012           0.0412303461871               
3736           0.0724539249422               
6068           0.037561758133                
1612           0.125613651722                
3544           0.11046455822                 
5230           0.0835364039835               
10620          0.027463054509                
1436           0.0724539249422               
7237           0.00784375136747              
480            0.0328671145435               
2687           0.0262853334592               
3535           0.0466816632195               
974            0.0847730892141               
10579          0.0700026841621               
1500           0.0474967371356               
106            0.054505366835                
614            0.115650129763                
3811           0.059607453789                
4146           0.0436473960376               
9517           0.0273687060371               
9443           0.0724539249422               
3191           0.176658714132                
5508           0.0399729255539               
9278           0.00780640132832              
8057           0.0217615981298               
8291           0.0276271082764               
10586          0.0187739189296               
10106          0.0292854097115               
7559           0.0426176171834               
1938           0.168965270367                
11882          0.0364086573435               
6208           0.157603024386                
7393           0.027181972451                
8842           0.105839764541                
8293           0.0215160277945               
8895           0.0847730892141               
7698           0.053815748903                
3784           0.0610686583468               
441            0.0255265024937               
2887           0.0312678530061               
6019           0.056686758428                
3624           0.0367821425286               
216            0.11536703978                 
11029          0.0167085135458               
9538           0.0343624989477               
1448           0.0671880536371               
6279           0.0397349617829               
12020          0.0252025205019               
11409          0.0847730892141               
2087           0.053815748903                
4147           0.0351775728637               
5455           0.072817314687                
8463           0.0420454201032               
10944          0.0261988726978               
8838           0.0316501897302               
6091           0.0606835961424               
755            0.0724514695314               
2279           0.0497809620776               
11689          0.0576835198902               
5454           0.0423284748121               
5103           0.0645513671297               
395            0.0451862788153               
9934           0.0459131910904               
9625           0.0473805975458               
5792           0.0302984529115               
4113           0.0373625751999               
1918           0.0847730892141               
4986           0.017724516808                
9061           0.0661349131748               
8394           0.0606835961424               
5650           0.0767787590174               
11591          0.0170532658216               
576            0.0451862788153               
4114           0.0724539249422               
10213          0.0365941030708               
4358           0.037166300151                
11462          0.0793217721817               
11179          0.0348455905134               
6133           0.0282426701133               
203            0.0693652472889               
1979           0.0925838746425               
6891           0.0724539249422               
1728           0.0847730892141               
6797           0.059607453789                
7811           0.044164678533                
9551           0.0665970583275               
5616           0.0606835961424               
4716           0.0568158251552               
8144           0.140005368324                
10914          0.0847730892141               
6395           0.0371538497976               
6738           0.0525343414621               
367            0.030439697286                
8962           0.0724539249422               
6639           0.0225264262415               
3871           0.0383893795087               
3073           0.0432152534425               
11967          0.0142289385042               
12022          0.054505366835                
5674           0.0631348369226               
1070           0.0700026841621               
664            0.0373625751999               
3259           0.0236902987729               
5670           0.044164678533                
7722           0.0483644318706               
12051          0.0273687060371               
1315           0.0513645081228               
6105           0.0356914418608               
2837           0.0325870085355               
11290          0.144907849884                
1471           0.0474967371356               
7870           0.0586111015931               
2793           0.0576835198902               
1048           0.0785426177374               
525            0.0724539249422               
10616          0.0462919373212               
9546           0.0163723809864               
4463           0.0840908402064               
8925           0.0799458511077               
6264           0.0267261795791               
10943          0.0313940943286               
7951           0.0306538375343               
5838           0.0793217721817               
11292          0.0127559182894               
7802           0.023407244064                
7450           0.119214907578                
2686           0.0296146817298               
