157
9766           0.0580008524947               
7784           0.285882670616                
3341           0.134045686872                
4185           0.134045686872                
7339           0.0967747712267               
6933           0.0534914364233               
8414           0.0408155518666               
5787           0.0178587174823               
4387           0.029639430251                
8923           0.0695503149281               
1798           0.052947889811                
2657           0.045274582387                
5683           0.021955750412                
326            0.048729516228                
2435           0.0494095922279               
3117           0.113003458403                
7453           0.0421895514461               
3628           0.0748415234158               
2385           0.0676648467569               
6381           0.0748415234158               
7454           0.0303365442877               
1706           0.0572913839137               
9625           0.0674993918641               
10105          0.0472307157664               
2254           0.0603020319783               
4011           0.055308221478                
9596           0.0468231799287               
2569           0.0786850619095               
5003           0.0942171828031               
6241           0.0716418593919               
7158           0.0786850619095               
2267           0.167502791187                
8911           0.01924057583                 
1739           0.0332469515374               
6145           0.0439115008239               
9757           0.0620056842511               
6181           0.0464241350417               
2739           0.0674993918641               
9539           0.0360183880526               
11230          0.0275393838435               
2835           0.056274146905                
10692          0.0172464542448               
9972           0.0318133553226               
6599           0.0460332344992               
3534           0.199454580759                
552            0.0702224351805               
6364           0.113003458403                
6701           0.0611349224073               
2181           0.0532275073576               
8083           0.136545888473                
7179           0.107598589892                
1951           0.0276131930361               
3009           0.0864511223563               
10495          0.0638757989451               
5273           0.0598987863101               
7021           0.0731749543332               
6052           0.0330494914198               
1436           0.103219379347                
7237           0.0111743725209               
726            0.0360183880526               
6042           0.0247347686054               
8218           0.0459459748413               
8404           0.0670754629691               
6772           0.0333464502639               
6766           0.0797798434038               
7901           0.0864511223563               
4971           0.0748415234158               
8842           0.037695386464                
8641           0.0576428334396               
3191           0.0629179262666               
8144           0.0997272903794               
9278           0.00370705429088              
2079           0.0501147072547               
8291           0.0655969287084               
1194           0.0797798434038               
4567           0.125835852533                
4139           0.0702224351805               
2259           0.133007350761                
1938           0.106982872847                
3801           0.042670561306                
3404           0.0624563747337               
11918          0.0628970328969               
9309           0.0234942201279               
6867           0.193549542453                
11916          0.0919612299326               
11471          0.0682729442363               
8293           0.0306521839464               
3784           0.0869996900395               
9189           0.107493350826                
6019           0.0403785718082               
1841           0.0549967762132               
11862          0.0245448153616               
10586          0.0267457182116               
216            0.0821771508772               
1445           0.0460332344992               
11029          0.0952131937304               
10279          0.0368385392316               
6197           0.0309139665422               
5205           0.0252507179646               
10172          0.120769518849                
1039           0.0638757989451               
12020          0.0359040386875               
5616           0.0864511223563               
10816          0.0887333308331               
4147           0.0501147072547               
6738           0.0748415234158               
6091           0.0864511223563               
4222           0.0518685359952               
525            0.103219379347                
414            0.166997206407                
4221           0.134045686872                
1257           0.107493350826                
2342           0.100229414509                
5795           0.0797798434038               
4113           0.106455014715                
4986           0.0757521538939               
12041          0.0406687813264               
2087           0.0766670433009               
11962          0.0942171828031               
10213          0.0521327258633               
11712          0.0942171828031               
8602           0.0414141462638               
12218          0.0489513276482               
5455           0.0518685359952               
203            0.0494095922279               
9290           0.0748415234158               
11062          0.0450895233457               
1612           0.0357903679576               
1990           0.0942171828031               
11890          0.0256470106209               
2361           0.0549967762132               
9663           0.134045686872                
9546           0.0466488738933               
12157          0.0458407357756               
367            0.0216825152252               
2159           0.0997272903794               
1037           0.0510971514078               
6587           0.0864511223563               
11967          0.0202708438825               
12022          0.077649487454                
5674           0.089943211324                
3589           0.0406687813264               
7944           0.0757325427568               
5816           0.120769518849                
7154           0.0228572561817               
8008           0.0689009828541               
210            0.0957169840233               
3098           0.0316300672084               
10616          0.0659484637014               
1909           0.0338518479703               
5999           0.0332469515374               
5456           0.0367192026352               
5498           0.0572913839137               
7450           0.16983605483                 
9164           0.0766670433009               
1290           0.134045686872                
6063           0.0567347275161               
