269
169            0.0307372538152               
1999           0.0496602834438               
7784           0.342303749629                
3117           0.0579880861847               
6933           0.0548986034464               
2521           0.0619732649472               
25             0.0347224325776               
1705           0.0409392818636               
3873           0.0318184152337               
1798           0.0271703790403               
2703           0.0579880861847               
5415           0.0408583048558               
11135          0.0511753780924               
3859           0.0484731857794               
6587           0.0887253399999               
1445           0.0236221015466               
3635           0.0371487363956               
6214           0.0235233202108               
12153          0.036763249334                
2342           0.025716522348                
8274           0.0687859730395               
4333           0.0252369804043               
2936           0.0483478487624               
6241           0.036763249334                
4428           0.0111543347942               
263            0.0529673547176               
8926           0.0260921856605               
132            0.0221496475731               
6108           0.0229506149138               
2880           0.0124349099334               
6181           0.047645386821                
2739           0.0346375288701               
9539           0.0184829510544               
610            0.0687859730395               
9602           0.027607280309                
3534           0.204701512369                
9633           0.0150838269477               
5741           0.0619732649472               
7799           0.04153514067                 
6429           0.0496602834438               
8083           0.070068959489                
2714           0.0461546466252               
1144           0.0529673547176               
1791           0.0511753780924               
3791           0.0483478487624               
9051           0.0579880861847               
3544           0.0403774912376               
8550           0.0297633230062               
4649           0.0551605568548               
7237           0.0114683300133               
726            0.0184829510544               
5420           0.0403774912376               
6766           0.0818785637272               
538            0.031371581008                
3811           0.0435759574264               
1466           0.0305345938481               
2972           0.0551605568548               
3191           0.0968596054268               
11179          0.0254738270499               
9278           0.00285343015271              
5327           0.04153514067                 
133            0.0330333748004               
2079           0.051433044696                
4567           0.0645730702846               
1716           0.0236221015466               
12238          0.0244502678306               
2123           0.04153514067                 
1308           0.0461546466252               
6278           0.0303360283032               
1522           0.038431722845                
6208           0.0384051671638               
1353           0.0220645504166               
8293           0.0157292662504               
6881           0.0409392818636               
7996           0.04436267                    
6492           0.0344199884014               
207            0.0375499619076               
11788          0.0192158614225               
4457           0.0687859730395               
9123           0.0551605568548               
2087           0.0786838770655               
8405           0.0567631815722               
3896           0.0347224325776               
6738           0.0384051671638               
8811           0.04436267                    
8840           0.04436267                    
7919           0.0321787577783               
2995           0.0347224325776               
11689          0.0421694678628               
4359           0.0221496475731               
12108          0.0459012298276               
12127          0.0243428497103               
4986           0.0777449202135               
6995           0.0327780705716               
5650           0.0280645097342               
889            0.0687859730395               
236            0.0180230467999               
234            0.0676833302437               
11962          0.0483478487624               
11617          0.0327780705716               
9640           0.0200768329799               
3439           0.0371487363956               
4358           0.0815111371209               
8352           0.0235233202108               
10776          0.0322865351423               
2089           0.026220666708                
6797           0.0871519148527               
11890          0.0131608455466               
697            0.0143227766868               
8720           0.041889262024                
6610           0.0273138656788               
6639           0.0329358336406               
4661           0.0330333748004               
7721           0.0311555578027               
8136           0.0153797659545               
12022          0.119538248678                
664            0.0273138656788               
10297          0.0529673547176               
8291           0.0403935285787               
4350           0.0687859730395               
2925           0.0233286869164               
11290          0.158902064153                
6019           0.0207203932971               
628            0.0436271845358               
6421           0.0162310701747               
1867           0.0347224325776               
10616          0.0338416651218               
10157          0.0264827798462               
7451           0.04153514067                 
8210           0.0619732649472               
7951           0.0224094510743               
3604           0.0325292304404               
5498           0.0293992569342               
3648           0.038862396589                
7802           0.0342236752608               
6072           0.0671295662903               
11604          0.0327780705716               
4809           0.012308494555                
3624           0.0537790821447               
7454           0.0155672947498               
7428           0.0567631815722               
4634           0.0551605568548               
4802           0.0187212332744               
11773          0.0344199884014               
2763           0.0354923296464               
10486          0.0344199884014               
7655           0.0579880861847               
4914           0.036763249334                
9986           0.0777247931781               
6192           0.018781717528                
3626           0.0687859730395               
8331           0.0803073319198               
6381           0.0384051671638               
7937           0.0687859730395               
8686           0.0264827798462               
8997           0.0151255622978               
4011           0.0567631815722               
9596           0.240274645708                
2569           0.0403774912376               
9301           0.0293992569342               
5003           0.0966956975247               
2548           0.00818817608312              
4237           0.029048196038                
1075           0.0311555578027               
8692           0.0338416651218               
6145           0.0112666635618               
1818           0.0322865351423               
6604           0.115976172369                
4341           0.0403774912376               
6541           0.0687859730395               
7413           0.0471901993299               
6599           0.0236221015466               
552            0.180174336295                
7476           0.0142843083004               
6701           0.031371581008                
2409           0.0529673547176               
668            0.028877258509                
12218          0.0376792955717               
7971           0.036763249334                
11148          0.0293992569342               
76             0.0461546466252               
6040           0.0178009207318               
5273           0.0614745076304               
9189           0.165481670564                
8672           0.0398460828928               
5984           0.0221496475731               
2267           0.214886482875                
7362           0.0461546466252               
4122           0.0384051671638               
6338           0.0379682658951               
5407           0.0403161181047               
8218           0.035365985961                
5321           0.0435759574264               
1343           0.0496602834438               
4971           0.0384051671638               
6043           0.0341265737712               
8380           0.0356899666014               
8191           0.0242365928897               
4146           0.0478625645939               
5164           0.0655561411431               
9139           0.0309441806198               
8641           0.0295796043828               
9443           0.317804128305                
5684           0.0466573738328               
10923          0.0184829510544               
526            0.0687859730395               
103            0.0205736941532               
1194           0.0409392818636               
7520           0.0370839644478               
1938           0.123521857754                
7524           0.0263508495408               
9073           0.0966956975247               
6663           0.0409392818636               
2887           0.0228583263467               
1841           0.0282217716521               
11862          0.0125952505233               
216            0.0421694678628               
6235           0.0150838269477               
2248           0.0687859730395               
5205           0.051829946809                
5110           0.0315924590714               
12020          0.0552728169356               
9445           0.0943803986599               
1874           0.0330333748004               
4147           0.077149567044                
6279           0.029048196038                
4753           0.0164200886958               
9519           0.0786838770655               
4222           0.0532330103536               
7332           0.0511753780924               
1257           0.0551605568548               
9625           0.0519562933051               
4878           0.0452178752562               
4113           0.0273138656788               
8422           0.0237218857557               
5483           0.0344199884014               
11591          0.0124667694757               
3868           0.0167598786886               
11550          0.0356899666014               
6806           0.0327780705716               
9839           0.0687859730395               
4114           0.0529673547176               
3763           0.0483478487624               
8620           0.0327780705716               
7821           0.0254738270499               
6785           0.0330333748004               
4863           0.0287092431325               
1990           0.0483478487624               
8343           0.0280645097342               
787            0.0511753780924               
11771          0.0350344797445               
9153           0.0861277293975               
1706           0.0587985138684               
5674           0.0461546466252               
8838           0.0231378331492               
3035           0.036763249334                
2173           0.0896378042971               
7412           0.0335647831452               
7722           0.0353567597704               
6474           0.0551605568548               
9310           0.0239919114645               
2206           0.0417386304795               
1739           0.0341215590812               
12245          0.0393419385328               
6236           0.0277573391044               
5508           0.0292221591667               
8786           0.0307372538152               
8925           0.0292221591667               
6613           0.0435759574264               
