34
1938           0.142579184364                
6381           0.19948694742                 
7784           0.254002763344                
2381           0.357293166528                
3086           0.16073254169                 
8913           0.140395799002                
6233           0.178786838426                
8083           0.181978674611                
2317           0.134871197866                
2436           0.239391380015                
3873           0.1652735555                  
9189           0.286519026412                
6040           0.0924628533165               
906            0.185383452713                
6639           0.0855388662375               
1706           0.152707785315                
8331           0.104284564313                
2267           0.334853758046                
2569           0.209731738365                
9596           0.124805225845                
1916           0.181978674611                
2206           0.108400934025                
7237           0.0297848221386               
12138          0.0766476087517               
6933           0.0712895921821               
1739           0.0886183574375               
4113           0.141875692489                
11862          0.0654231777761               
4986           0.134609463224                
5508           0.151787891049                
2079           0.133578654132                
8291           0.0699383469012               
4567           0.167705098401                
6599           0.122699659374                
