57
6601           0.134146792768                
9309           0.0842226115903               
1938           0.0479393277235               
1895           0.338324407269                
7171           0.0535709487589               
7454           0.0543755649821               
1664           0.0885623117599               
11918          0.0563686764555               
8606           0.202548676517                
7571           0.0881511585651               
5620           0.192672297397                
3718           0.0773673024308               
1186           0.098988398814                
9744           0.059592211843                
11458          0.0366969829084               
5443           0.0954055860056               
10866          0.172062959089                
7048           0.315886292879                
9047           0.106655383525                
5927           0.0857825724743               
3633           0.11113968952                 
2816           0.0881511585651               
8672           0.139179819258                
578            0.0792068968316               
660            0.175077132919                
10620          0.0701270936202               
5205           0.0452596723775               
10865          0.0808189714504               
2812           0.0643548048932               
6773           0.14729525437                 
11041          0.0471875265547               
1053           0.0869464426253               
10285          0.0214047835143               
5375           0.145079590053                
7079           0.100279550212                
10974          0.185011582594                
10525          0.154955969173                
5619           0.15794314644                 
8064           0.151714005059                
7440           0.0915871119142               
6049           0.216468651069                
8191           0.0846568689547               
6768           0.24026500474                 
10762          0.0959142009591               
132            0.0773673024308               
373            0.105281965126                
2343           0.134146792768                
1794           0.0588879639392               
9278           0.00332228301242              
8057           0.0555683865708               
9406           0.0857825724743               
7014           0.136034731086                
5522           0.268293585536                
12223          0.104219679365                
6169           0.0881511585651               
7421           0.109578926146                
9879           0.121283236381                
