187
5093           0.0705066916019               
5683           0.0664067090207               
12082          0.0386367307158               
7454           0.0688162564958               
6717           0.0587140819855               
5152           0.0854467239752               
6933           0.0202235757547               
6753           0.0299974771494               
5787           0.0270074726002               
2298           0.100572518291                
10877          0.139818887479                
8626           0.0587140819855               
9734           0.0631368473241               
2430           0.0305319565311               
7453           0.06380263061                 
6258           0.101357648413                
3552           0.0913189727785               
8331           0.0887509686284               
4656           0.0854467239752               
6214           0.0346621311596               
4408           0.0241953628539               
1882           0.0441327831069               
1428           0.0712416215088               
9596           0.177024994968                
9441           0.0355582570116               
10376          0.0642101343766               
5827           0.0431331358976               
478            0.0251394349447               
3942           0.0394197726325               
10605          0.0441327831069               
9118           0.173281814084                
11027          0.0854467239752               
8132           0.0631368473241               
2880           0.0183231140506               
7845           0.0433204535209               
2881           0.0310869189694               
6701           0.0462267165451               
11230          0.0208237001149               
4249           0.0559470772223               
4639           0.0621376409832               
10692          0.0521631120405               
7285           0.0247690120018               
10306          0.0536248750989               
6422           0.0365135096084               
11672          0.0455969326464               
9069           0.0245512222202               
10653          0.0482992099385               
1614           0.0553306970707               
3099           0.0498664399669               
5407           0.0198022297457               
12218          0.0462677275645               
3567           0.0413536740826               
9652           0.0621376409832               
557            0.0305319565311               
9310           0.0589210178454               
9303           0.0472259228859               
283            0.0780485654213               
7704           0.076894822117                
6979           0.0695357995371               
7804           0.0420602897135               
5435           0.165992091212                
10285          0.00902977328782              
1292           0.0695357995371               
1424           0.0507186120748               
2267           0.15831998602                 
8441           0.0274095290828               
77             0.058561739942                
2558           0.0981232716819               
1180           0.0854467239752               
6648           0.0703258595028               
5642           0.108342917484                
4826           0.0780485654213               
10107          0.0498664399669               
2638           0.0238480381134               
4711           0.0587140819855               
674            0.0780485654213               
5739           0.0666295365129               
9782           0.0384474110585               
1466           0.0449933975045               
2128           0.0680098897865               
10610          0.0418209000061               
9201           0.0328920840381               
5508           0.0430594960544               
9278           0.00840918453022              
3438           0.0459084015875               
4749           0.164218447288                
7624           0.0265573569749               
11991          0.0314303994373               
11238          0.0824927111174               
7697           0.0572645985208               
2763           0.0522987305507               
2206           0.0307513962982               
2579           0.0684680769774               
3614           0.0559470772223               
579            0.0261493652754               
4547           0.0378938628819               
7664           0.0603249347805               
3784           0.0986762521142               
6848           0.0284087354236               
3885           0.0653693727055               
4856           0.0490616358409               
1841           0.0415854029872               
2180           0.0553306970707               
556            0.0712416215088               
5293           0.0413536740826               
3079           0.0468851366321               
7239           0.0572645985208               
5624           0.0468851366321               
6436           0.0536248750989               
1503           0.0183231140506               
380            0.0565908608781               
5604           0.0303157921069               
10391          0.24277287995                 
452            0.0536248750989               
1554           0.0558919769393               
7061           0.132398349321                
7349           0.0382605343036               
9095           0.0559470772223               
3884           0.0392200074301               
5031           0.0339555155288               
10975          0.0382605343036               
4033           0.0666295365129               
11906          0.0334140413401               
6169           0.0371872472511               
5232           0.0380760382092               
1796           0.0455969326464               
10923          0.0272350360376               
7068           0.0572645985208               
4743           0.0449933975045               
9117           0.117428163971                
9625           0.15311748826                 
749            0.0553306970707               
5610           0.0323882855003               
6242           0.0231774207438               
4820           0.0498664399669               
12129          0.0177713235957               
6567           0.0502862591457               
9640           0.147918281047                
10185          0.0530981716892               
11550          0.052589952963                
6              0.0482992099385               
2647           0.0452920214358               
11952          0.194142789956                
3415           0.0447008067945               
9309           0.00888248983996              
5999           0.0251394349447               
9357           0.0392200074301               
9141           0.0612029458739               
3529           0.159294515068                
6133           0.0608469420469               
203            0.0373606954027               
4772           0.0373606954027               
206            0.196108118117                
5989           0.0502862591457               
10191          0.0423037029652               
3660           0.0642101343766               
10097          0.0447008067945               
11262          0.0259893332873               
10564          0.0245512222202               
5781           0.051624078622                
9546           0.0176365993911               
787            0.226224145021                
4316           0.0323882855003               
7364           0.0398277643321               
3734           0.0520989653483               
1393           0.0269771761537               
2627           0.0877138258155               
1275           0.0913189727785               
6080           0.0666295365129               
11112          0.0455969326464               
3259           0.0255195813767               
621            0.159294515068                
6913           0.0241252283461               
6019           0.0305319565311               
1739           0.0251394349447               
3098           0.0239168398939               
269            0.0587140819855               
697            0.0422098547008               
6329           0.0418710731182               
461            0.0541714587418               
10943          0.0338182372729               
8131           0.11889780819                 
4581           0.0695357995371               
3468           0.0404621466583               
7574           0.150816096681                
3528           0.148063407154                
6063           0.0214497709646               
