134
11772          0.0823008927093               
5683           0.0202011247296               
7756           0.0606780964423               
10081          0.0432677237376               
6933           0.0246082952957               
4802           0.0335671662152               
5365           0.0666076743447               
11728          0.0414861286003               
5523           0.100084256959                
3786           0.0406586157805               
5415           0.0366294647971               
85             0.0748373532002               
6714           0.037151659597                
8089           0.0489737538004               
589            0.189940905465                
7453           0.0194089560835               
8369           0.108087026254                
2659           0.0324163085031               
4924           0.0666076743447               
12234          0.111118047347                
7947           0.248265806877                
8997           0.135600645616                
6009           0.0646105072832               
5310           0.1039726229                  
3382           0.0989028635734               
4428           0.0399994385594               
6930           0.115779497616                
9240           0.0628168127392               
11222          0.0744724960265               
6108           0.0411504463546               
2880           0.0222957901591               
11630          0.0596988008999               
3434           0.055861906743                
11388          0.0949704527325               
7718           0.0587710717003               
12181          0.173669246424                
9633           0.0270452976518               
7476           0.0256117609327               
11431          0.0756098445122               
2181           0.0489737538004               
7889           0.0795422553531               
12218          0.0225196556015               
2317           0.0931117758537               
9310           0.0358479089912               
4849           0.0527128597592               
5273           0.0551118878062               
722            0.0514756651987               
3633           0.114100819876                
8444           0.0611889375738               
7237           0.0205627126228               
11683          0.1039726229                  
418            0.0890408748301               
5407           0.0240955962985               
1830           0.0781316799206               
1342           0.0547485185398               
2060           0.0734041213473               
5164           0.0587710717003               
11503          0.1039726229                  
7589           0.0533656301281               
4479           0.0427140828642               
11965          0.0642301139568               
9278           0.00511619949474              
8291           0.0362127929273               
2353           0.0344520616651               
10528          0.0587710717003               
7205           0.111118047347                
9864           0.055861906743                
1522           0.0344540343514               
7251           0.0517769167234               
4569           0.1039726229                  
10075          0.03956173295                 
4174           0.506016289657                
9424           0.0492348368727               
441            0.0334593812611               
8420           0.055861906743                
10586          0.0246082952957               
3857           0.0467832818567               
10279          0.0338945338652               
5205           0.0232327701648               
7958           0.253008144829                
5326           0.0659164961472               
534            0.0688604543735               
6133           0.0370196530992               
279            0.0494998461532               
6914           0.0397143121287               
11040          0.133215348689                
6995           0.117542143401                
8859           0.0211905512208               
5226           0.0768256910566               
5307           0.111118047347                
10213          0.0479664633593               
9309           0.0108083227019               
1878           0.0827552689591               
197            0.0574650828363               
7961           0.0543924905713               
4173           0.0477233866081               
7377           0.0601816471327               
11837          0.0562492362918               
5130           0.0639921004969               
11890          0.0235973925178               
7619           0.0696802666097               
7436           0.0492348368727               
9015           0.0723968309062               
5524           0.120363294265                
6395           0.0243500813714               
11807          0.0574650828363               
1794           0.0302284674149               
4203           0.0444300868266               
159            0.0452498990628               
8136           0.165455497267                
698            0.0652514064593               
2825           0.0414861286003               
2173           0.0401801397362               
10214          0.0714440158873               
3259           0.0310525399642               
8941           0.0452498990628               
4654           0.0333522515388               
9303           0.0574650828363               
1739           0.061179946236                
10248          0.035268433353                
663            0.0401801397362               
4196           0.1039726229                  
373            0.0540435131269               
697            0.0256807347391               
9237           0.0302284674149               
3702           0.0312410207454               
4526           0.1039726229                  
2750           0.0430812374995               
2661           0.0423544217063               
8205           0.0543924905713               
10998          0.0140629907238               
6150           0.0617150299266               
9572           0.0578897488081               
12180          0.0866876798                  
