244
7519           0.0563728617846               
4809           0.0167054944592               
5860           0.0419984617599               
7527           0.0705167935894               
7454           0.0211284454835               
1664           0.068824442616                
6933           0.0186275484706               
1326           0.0288436455807               
8414           0.056853486957                
5787           0.0124380329925               
4006           0.0216535500221               
2489           0.065619293733                
2805           0.0299467350034               
85             0.0283245224303               
6714           0.0562448013234               
2765           0.0463177106266               
10893          0.029832229738                
3269           0.0463177106266               
8089           0.0370712786783               
11272          0.0378799978879               
5580           0.0818177893427               
105            0.0333321117041               
3859           0.0328947026316               
2435           0.034412221308                
636            0.0674005733364               
1876           0.0361247980221               
3274           0.057267131879                
956            0.127706501778                
4203           0.0336318946912               
3258           0.0480235499198               
4408           0.0445717710647               
10425          0.024309883042                
6798           0.0247699210961               
7568           0.055564142575                
3734           0.0479873596077               
1037           0.0355875530067               
11818          0.0674005733364               
2548           0.022226524873                
7154           0.0318387148224               
11542          0.0787033416745               
8379           0.0315323174808               
4428           0.0302780615889               
8911           0.026800907423                
12138          0.0200275664859               
3945           0.0455552298741               
832            0.0368765338836               
11730          0.137190796606                
8938           0.0320606947291               
6145           0.0305829741996               
1228           0.0563728617846               
4802           0.0254090747929               
8583           0.0602104777778               
1352           0.0722495960441               
1112           0.0640480937709               
9278           0.0193638472166               
11204          0.0372689086858               
9130           0.0357642414377               
5190           0.0498962935969               
8136           0.0834957008882               
8279           0.0286335659395               
11672          0.0419984617599               
11821          0.0321961251463               
2135           0.065619293733                
2418           0.0841121576298               
9360           0.0812997232971               
2626           0.0252463925143               
9835           0.0281224006617               
8296           0.0359433015962               
12256          0.171178523318                
12218          0.0255697908704               
7179           0.112408532053                
4921           0.0164104477695               
7099           0.0349033116662               
2222           0.0315323174808               
5708           0.0787033416745               
3576           0.0378799978879               
11086          0.0357642414377               
481            0.0458993863958               
2160           0.029832229738                
4391           0.0451897335446               
7183           0.0240117749599               
10285          0.00831715131081              
657            0.0626426075114               
7237           0.0389129886351               
6042           0.0516809566445               
2129           0.0414425570947               
7079           0.0389651309456               
10720          0.0572337915561               
4699           0.0694569097261               
5738           0.0361247980221               
5648           0.0591427255453               
4297           0.0208157997204               
6772           0.0232247499842               
9891           0.0345739176092               
11563          0.0718890394598               
4121           0.0592122526665               
7410           0.0640480937709               
2060           0.055564142575                
10455          0.0324711819326               
41             0.0406498616485               
5101           0.0498962935969               
5684           0.063324925446                
6775           0.448359627799                
8795           0.0302962689264               
4041           0.023294409576                
11262          0.0239382773552               
9019           0.0959747192155               
8057           0.0215919342935               
10265          0.0285297538863               
11138          0.0493928458672               
2353           0.013039453584                
1897           0.0401464139188               
3494           0.0674005733364               
10924          0.0209909415997               
2070           0.0345739176092               
10175          0.0933585895782               
2763           0.0240856797557               
2579           0.0315323174808               
11788          0.0260804004168               
5643           0.186717179156                
11918          0.0219028989925               
9441           0.0327520298115               
6867           0.134801146673                
11471          0.0475499505353               
5233           0.0839969235198               
3740           0.0218401234343               
1852           0.0431850017899               
11835          0.023865182479                
6858           0.0471264298363               
6538           0.0376731754269               
11292          0.0126564670442               
8328           0.0441497436146               
2887           0.0310240738562               
11862          0.0341893782199               
11991          0.0578998784459               
10586          0.0558826454119               
9608           0.0363087979257               
8524           0.0217776419078               
11029          0.0994694758552               
4678           0.182220919496                
3348           0.033496363593                
6197           0.0215306018566               
1503           0.0168770695771               
1863           0.0540804169035               
4279           0.0563728617846               
6421           0.022029343366                
11569          0.0428783266396               
8405           0.0385204303827               
6133           0.0840674302122               
4029           0.0146187505306               
7919           0.0109185176418               
6974           0.0350711098726               
562            0.0278248467299               
2136           0.0563728617846               
6138           0.0666642234081               
9262           0.0521608008337               
6163           0.0258246779243               
414            0.116308282776                
12255          0.0715284828754               
2171           0.0968791978004               
1612           0.0249268615124               
5473           0.106792351126                
80             0.0289499392229               
4697           0.0572337915561               
4986           0.0175863279902               
5454           0.0419984617599               
899            0.0352410456933               
11209          0.0757599957758               
3868           0.0682411791269               
8859           0.0481213365544               
12148          0.0489077094397               
9606           0.205865286965                
7596           0.0422853498388               
7014           0.0264291727412               
6620           0.0247699210961               
9261           0.0285297538863               
9955           0.0576872911614               
412            0.0933585895782               
10858          0.0489077094397               
8683           0.0391931669518               
8576           0.0787033416745               
12145          0.0406498616485               
11062          0.0628068594003               
10105          0.0328947026316               
9237           0.0228818061225               
11890          0.0178623333158               
2721           0.0455552298741               
5162           0.0276301019352               
9432           0.0694569097261               
10375          0.0504194893414               
2436           0.0312757753143               
9309           0.0654519307725               
8656           0.0841121576298               
2362           0.0231554522621               
3349           0.0349033116662               
8131           0.0438057979851               
10543          0.065504059623                
7550           0.0563728617846               
12157          0.0319266254446               
3289           0.034412221308                
8218           0.0159999605659               
1686           0.0406498616485               
9153           0.0389651309456               
10717          0.0270623659773               
2738           0.034412221308                
8832           0.0385204303827               
5331           0.0363087979257               
11151          0.0591427255453               
6875           0.0841121576298               
3566           0.0406498616485               
11967          0.0141180028883               
3629           0.0498962935969               
940            0.0264291727412               
11891          0.0686454183676               
664            0.0370712786783               
7346           0.0368765338836               
8010           0.0385204303827               
5867           0.189193904885                
8291           0.0274117141152               
10728          0.0518187504686               
6904           0.0306552084696               
6334           0.122742381073                
6913           0.0222212859799               
3682           0.0527453254328               
3427           0.0183354247931               
8199           0.0591427255453               
12227          0.111806726057                
10248          0.0533937392957               
210            0.0222212859799               
5957           0.0403957628893               
4358           0.0368765338836               
697            0.0194393445529               
10157          0.0359433015962               
2683           0.054310653007                
8720           0.0284267434785               
426            0.0841121576298               
2661           0.0320606947291               
4300           0.0748657256814               
4616           0.0467159426327               
10998          0.0319354556911               
6063           0.0197569734043               
10156          0.0394251689998               
8017           0.0414425570947               
4952           0.0433071000441               
