437
1186           0.0365014327907               
3297           0.0157314366538               
303            0.0488293478955               
11789          0.0527311561894               
4028           0.0319286543189               
8345           0.017889013074                
3086           0.0159424559451               
1326           0.0109489378824               
1319           0.0232962699209               
6753           0.0209765626835               
2980           0.0354385646301               
8923           0.0183874870436               
9192           0.0284187440077               
1798           0.0279963833059               
7860           0.0249088336965               
85             0.0107518807139               
3312           0.0167590743343               
3654           0.0174352412798               
3772           0.0270177988539               
5575           0.0708771292602               
1448           0.0126527425084               
3727           0.0486248243635               
10882          0.0115907743221               
10975          0.013377366572                
10865          0.0119206221737               
9984           0.0345851831187               
10249          0.0255850006419               
7439           0.0115453593971               
4952           0.00821960502397              
10110          0.0205287200494               
12107          0.0292444169918               
10445          0.0220750903307               
2852           0.00958343433461              
4761           0.0354385646301               
3870           0.0166340376062               
7862           0.0255850006419               
6606           0.0237788949567               
2727           0.0354385646301               
7440           0.013508899427                
3118           0.0354385646301               
11659          0.0195612678771               
8319           0.011324200659                
9456           0.0304788512928               
4875           0.0597509768118               
6108           0.0118241672536               
4686           0.0121701174726               
8190           0.00777119451155              
6181           0.0122734624922               
1352           0.0274256711726               
6042           0.00653929802805              
11230          0.00728077312282              
9361           0.0568374880153               
9406           0.113874682576                
9972           0.0168214237251               
6504           0.0255850006419               
9099           0.0224503531074               
11740          0.0292444169918               
4074           0.0213989233852               
7849           0.0319286543189               
2923           0.0135759696817               
7828           0.0104154206574               
2201           0.0208025018706               
9534           0.00931450050826              
10425          0.0184558778196               
8956           0.00928548191767              
3718           0.011411508515                
8173           0.00937304139378              
9101           0.0354385646301               
6605           0.0319286543189               
178            0.0481540726977               
9310           0.018540965566                
10813          0.00943226698355              
5219           0.0354385646301               
8886           0.0354385646301               
15             0.0335181486686               
7183           0.00911477821853              
7021           0.0580372724169               
10285          0.00315715892451              
2474           0.0284187440077               
10620          0.0310307804784               
2045           0.0202689846455               
2680           0.0391225357543               
3649           0.0160513575659               
11912          0.027288805268                
7079           0.014791015134                
8215           0.0202689846455               
682            0.017889013074                
6648           0.0163924318567               
11927          0.011455733514                
6680           0.0131862597334               
6102           0.0113676664212               
8451           0.0109489378824               
2369           0.0284187440077               
2059           0.0143686364054               
8165           0.0158358471611               
1252           0.0210919366569               
8411           0.0125967891192               
12223          0.0538026145927               
8804           0.00993279562154              
7184           0.0142232833855               
3173           0.0511700012839               
9278           0.0112706786067               
3233           0.0465925398418               
3682           0.0200219244178               
10474          0.0170188097382               
7141           0.0183874870436               
11286          0.0354385646301               
6278           0.0312582711892               
8186           0.0191390459058               
8121           0.00889577196945              
11882          0.0411385067589               
11140          0.0161626528196               
188            0.0143005937452               
4266           0.0319286543189               
5320           0.0251935782384               
6730           0.0319286543189               
7747           0.0298754884059               
667            0.0237788949567               
12082          0.013508899427                
3740           0.0248712827395               
11285          0.0263655780947               
3784           0.0345010444968               
4561           0.0189404427962               
3543           0.0155288604327               
11458          0.00541272501142              
10132          0.032140119223                
4325           0.10631569389                 
2084           0.0115003481656               
6119           0.0183874870436               
11460          0.0143005937452               
11788          0.00990002055437              
10545          0.010829785792                
1296           0.0263655780947               
6197           0.0326917374767               
510            0.0651057971939               
1503           0.00640647125965              
5736           0.0298754884059               
10718          0.0108691924516               
1309           0.045711335567                
10816          0.0117295153352               
8676           0.0284187440077               
10688          0.0249088336965               
3275           0.0167590743343               
7919           0.00414462766481              
9890           0.0132491640231               
4454           0.0319286543189               
4913           0.0395727192194               
11898          0.0263655780947               
5830           0.0394698250432               
2677           0.027288805268                
2089           0.0270177988539               
4906           0.0103793797209               
3321           0.00900409118417              
12108          0.0118241672536               
8618           0.0354385646301               
2488           0.0354385646301               
9173           0.0297551534648               
4982           0.00678047361808              
4986           0.0133514060978               
6995           0.0168872768832               
5650           0.0144588481936               
4884           0.0182158187326               
236            0.00928548191767              
12049          0.0374986719152               
8859           0.0121777839138               
6048           0.014791015134                
8478           0.0202689846455               
9177           0.0237788949567               
1053           0.384732324584                
1539           0.0319286543189               
5852           0.0319286543189               
9689           0.0168872768832               
4607           0.0790967342841               
203            0.0130627479956               
2808           0.0237788949567               
4852           0.0168214237251               
1970           0.0284187440077               
11890          0.0203414208542               
1684           0.0185651800195               
509            0.083121022824                
4041           0.00884246905411              
7186           0.011411508515                
7354           0.0354385646301               
10866          0.0169192743452               
3427           0.00696005733897              
9546           0.00616643911102              
8131           0.00831425694241              
9551           0.0250828945094               
964            0.0541493397495               
11097          0.0321027151318               
6639           0.0084842782441               
402            0.0191390459058               
447            0.0310577208655               
205            0.0354385646301               
8343           0.0144588481936               
1954           0.017889013074                
8968           0.0298754884059               
10109          0.0141471356318               
8590           0.0185651800195               
4654           0.0191668686692               
8784           0.0172925915593               
3065           0.0708771292602               
665            0.0143791027628               
2353           0.0049497268614               
5653           0.0243124121818               
11116          0.0284187440077               
6421           0.00836225474443              
11755          0.316476474222                
663            0.0115453593971               
1678           0.0102377276815               
2962           0.0255850006419               
1394           0.0263655780947               
697            0.0073791010706               
5286           0.0284187440077               
7670           0.0183874870436               
2057           0.0202689846455               
9109           0.0438666254877               
6981           0.0143791027628               
9023           0.0170188097382               
12064          0.0255850006419               
6063           0.00749967177147              
10557          0.0195612678771               
3384           0.0225622096455               
4809           0.00634134199911              
5683           0.00580459019705              
1516           0.0298754884059               
7454           0.00401013867166              
12076          0.0319286543189               
10081          0.0124325456338               
11113          0.0137826812481               
8911           0.0152602833999               
5787           0.00472142989808              
9671           0.0367749740873               
222            0.0217257290438               
2021           0.0134556347406               
6386           0.0421838733138               
5443           0.0703605801724               
4529           0.026448079616                
3663           0.0249088336965               
6200           0.0127665389873               
9208           0.0255850006419               
7271           0.0354385646301               
6115           0.0187493359576               
7453           0.0055769684968               
7950           0.0232962699209               
7031           0.0354385646301               
2648           0.0130627479956               
6383           0.0111122981847               
5577           0.0200219244178               
8407           0.0182158187326               
8997           0.00779269658292              
4640           0.0197863596097               
6263           0.0145398696053               
704            0.0284187440077               
2548           0.00421855204632              
507            0.0292444169918               
5827           0.0150810170533               
2812           0.00949219348414              
4014           0.0117766201418               
12138          0.00760238787348              
471            0.013998191653                
3284           0.0185651800195               
7476           0.0220778464212               
2971           0.0135759696817               
7128           0.0131862597334               
8494           0.0284187440077               
6603           0.013998191653                
10849          0.0109489378824               
2538           0.0127093210881               
4341           0.0208025018706               
7035           0.0354385646301               
4915           0.0319286543189               
7095           0.0210919366569               
12115          0.0237788949567               
5233           0.0159424559451               
9132           0.0255850006419               
9130           0.0135759696817               
4080           0.0434514580876               
8511           0.0180497799165               
6975           0.0441501806614               
6599           0.0121701174726               
4707           0.0747265010894               
9069           0.00858405940762              
3330           0.0263655780947               
9336           0.0319286543189               
325            0.0298754884059               
9538           0.0129421772948               
4784           0.0143005937452               
1223           0.0159424559451               
5370           0.00817293436917              
2181           0.0140721160345               
12218          0.019412390235                
4921           0.0373760604042               
8419           0.0319286543189               
1331           0.0171538505463               
10137          0.0115907743221               
9813           0.0319286543189               
5273           0.0158358471611               
4391           0.0171538505463               
2792           0.0348704825596               
779            0.0708771292602               
6046           0.0224503531074               
7735           0.0193457574723               
3545           0.0289176963872               
5984           0.02282301703                 
11341          0.0243124121818               
2687           0.00990002055437              
8175           0.0298754884059               
8778           0.014791015134                
3679           0.0228556677835               
524            0.0354385646301               
9243           0.0295164042824               
959            0.0210919366569               
870            0.0228556677835               
2929           0.0174352412798               
6731           0.0545776105359               
3090           0.0213989233852               
6772           0.0176320530773               
6145           0.0174137705911               
10330          0.0105622057233               
614            0.00871161603136              
3166           0.0421838733138               
1574           0.013853503804                
3180           0.0210919366569               
8641           0.0152394256464               
6984           0.0232962699209               
10923          0.00952242479901              
367            0.00573235316317              
1603           0.0405379692911               
8057           0.0327848637134               
7624           0.0371419276707               
119            0.00946214158466              
10924          0.00796808139336              
4139           0.0185651800195               
7520           0.00955283768442              
3121           0.0160513575659               
921            0.0263655780947               
7429           0.0228556677835               
1881           0.0146222084959               
6537           0.0354385646301               
1241           0.0217257290438               
10075          0.0113676664212               
7571           0.156025245544                
7032           0.0511700012839               
11857          0.0638573086378               
10448          0.0193457574723               
7498           0.10631569389                 
778            0.0354385646301               
4547           0.0132491640231               
3274           0.0108691924516               
5569           0.027288805268                
11862          0.00648907880454              
10471          0.0243124121818               
6352           0.10631569389                 
11636          0.0284187440077               
8524           0.0165334196613               
660            0.0258234955894               
2226           0.0728632749303               
3857           0.0134427059328               
1875           0.00817293436917              
10393          0.0120189501215               
5205           0.00667570304889              
6265           0.0107133730743               
8335           0.0284187440077               
4813           0.0354385646301               
8721           0.0309241751946               
1874           0.0170188097382               
10391          0.0282942712636               
1048           0.014791015134                
4753           0.00845963717261              
7349           0.013377366572                
4060           0.0247579213745               
7452           0.0326075773549               
8424           0.0182158187326               
10438          0.0354385646301               
2282           0.0205287200494               
10612          0.0210919366569               
7911           0.0327857240324               
7800           0.013853503804                
6169           0.0130021037953               
2203           0.0410574400988               
3268           0.0187493359576               
466            0.0220750903307               
2844           0.0354385646301               
5387           0.0319286543189               
9300           0.027288805268                
8872           0.085595693541                
11591          0.00642288531033              
11891          0.0086858463564               
8372           0.0378808855923               
6554           0.0134427059328               
4515           0.0319286543189               
8176           0.10631569389                 
171            0.0354385646301               
9309           0.00310566291935              
9040           0.425262775561                
5770           0.0284187440077               
9284           0.0354385646301               
262            0.199401760698                
319            0.0137826812481               
3103           0.0708771292602               
12224          0.0433191431682               
4742           0.0136439402351               
1213           0.0153340775648               
9395           0.0183874870436               
6996           0.0343077010926               
3441           0.0152394256464               
10220          0.0195612678771               
5927           0.379582275253                
8218           0.0060735240234               
343            0.0284187440077               
9398           0.0220750903307               
9153           0.014791015134                
1393           0.0282968009507               
11217          0.0142232833855               
9313           0.00756105107086              
1919           0.0298754884059               
11112          0.0159424559451               
8675           0.0189843869683               
366            0.0217383849032               
7877           0.0122734624922               
10248          0.0101340299239               
210            0.0084351154288               
6052           0.0174750350422               
10303          0.0354385646301               
12041          0.0107518807139               
5999           0.00878972138756              
3179           0.0143005937452               
9237           0.0086858463564               
7547           0.0107133730743               
8043           0.0527311561894               
11292          0.00960869326239              
10998          0.00404085907044              
4140           0.0208025018706               
2652           0.0133128595825               
11337          0.0263655780947               
3120           0.0298754884059               
