300
3070           0.025228451893                
9790           0.0356714670279               
6933           0.023121565064                
9906           0.0814503729193               
640            0.0300629827756               
10242          0.0227674931359               
5415           0.0172082329025               
85             0.0175789983666               
6216           0.0257204210687               
10169          0.0446163676847               
8089           0.0230074822599               
1142           0.0262434820421               
12243          0.0210632347034               
10587          0.0335638336976               
279            0.023254636287                
7439           0.0188763119109               
1355           0.0340114586588               
12107          0.0239068667246               
6798           0.0307458248281               
3734           0.0297823103016               
686            0.0464637832009               
1168           0.0777555418867               
4428           0.0187914199269               
7440           0.0220866402149               
478            0.0287418549418               
808            0.0579409766836               
8319           0.0185147240921               
8857           0.0367056453756               
11877          0.0579409766836               
11230          0.0119038428941               
3524           0.0340114586588               
4225           0.104404759885                
9602           0.023254636287                
1749           0.0418306988761               
9633           0.0254113339351               
3722           0.0262434820421               
10600          0.0734112907512               
7828           0.0170288963946               
6914           0.0186574697845               
2317           0.0218715879925               
8935           0.0335638336976               
1953           0.0300629827756               
9310           0.0336821283307               
4849           0.0247640846712               
481            0.0284864551721               
8741           0.0212580447517               
7749           0.0316297258179               
9312           0.0699731794366               
10285          0.00516185893929              
10692          0.00745474492008              
7237           0.004830099892                
8441           0.0156686240294               
11041          0.0341384469888               
6003           0.0340114586588               
6058           0.0180336483983               
5738           0.0224200696407               
7709           0.0309670486343               
8336           0.0486487720685               
8629           0.0579409766836               
3112           0.0579409766836               
11954          0.0274005774607               
3565           0.0255531619445               
2059           0.0117461420296               
6069           0.0446163676847               
5336           0.0579409766836               
5528           0.0418306988761               
8804           0.0162398191213               
11620          0.0355209070429               
3298           0.0579409766836               
4041           0.0144571683034               
9278           0.00480710012931              
2353           0.0242779591945               
960            0.010942876158                
1308           0.0388777709434               
3348           0.0103943945099               
3859           0.0204153812392               
579            0.0149482529185               
4594           0.0522023799423               
1564           0.0464637832009               
2781           0.0262434820421               
11711          0.0246149086522               
6858           0.029247992977                
11238          0.0157189527258               
6150           0.0289932330283               
2789           0.0240437135603               
10864          0.0323500969287               
4697           0.0355209070429               
10146          0.0266115001874               
7961           0.102212647778                
9538           0.0211600667436               
6436           0.0613091895167               
7958           0.237722451396                
10718          0.0177707994943               
7023           0.0488455160418               
3957           0.0257204210687               
2995           0.058495985954                
1966           0.0306545947583               
11122          0.0264254464012               
80             0.0179671496869               
9366           0.0579409766836               
11392          0.0446163676847               
2444           0.0182364106565               
8859           0.00995515339253              
7014           0.0164026908341               
1996           0.0522023799423               
230            0.0160275242828               
2647           0.0258911290766               
1590           0.0464637832009               
9141           0.139946358873                
2174           0.0276101847339               
747            0.0579409766836               
3191           0.0271961462084               
10097          0.0255531619445               
8713           0.0344846757425               
2937           0.0316297258179               
4532           0.0344846757425               
3427           0.0113794823296               
11725          0.0579409766836               
9546           0.0201638812679               
7932           0.0303535053935               
247            0.0257204210687               
1469           0.0579409766836               
6639           0.0416146116286               
9532           0.0579409766836               
7721           0.0262434820421               
3581           0.0264254464012               
29             0.0612461437176               
11967          0.00876203121603              
3589           0.0175789983666               
801            0.0579409766836               
2925           0.0393012367189               
8066           0.0179671496869               
3376           0.0373683225592               
3951           0.0289932330283               
12000          0.0522023799423               
4748           0.0488455160418               
3978           0.0488455160418               
5251           0.0303535053935               
6421           0.0683601624708               
2324           0.0929275664019               
3185           0.025228451893                
697            0.0120646061019               
10157          0.0223074278342               
10282          0.0579409766836               
461            0.0309670486343               
10943          0.0193321542872               
1794           0.0142010949503               
6388           0.0258911290766               
3468           0.0231301370227               
10731          0.0407251864596               
9199           0.0349865897183               
10728          0.0160800898248               
6063           0.0613086776766               
4809           0.0103679015431               
5683           0.0189806573023               
7454           0.0131129098313               
8911           0.0415834996842               
1936           0.0407251864596               
11757          0.115881953367                
5523           0.0235093962357               
5623           0.0349865897183               
4529           0.0432418067817               
8121           0.0145443169509               
1567           0.104404759885                
5996           0.0159233839781               
113            0.0340114586588               
596            0.0522023799423               
1154           0.0236397775926               
8447           0.104404759885                
2648           0.0213571961771               
9240           0.0295108418809               
340            0.0407251864596               
6544           0.0227674931359               
2486           0.0431069193005               
8997           0.0382224666032               
6568           0.0552203694677               
11071          0.0309670486343               
2548           0.00689720445243              
6009           0.0303535053935               
5714           0.0579409766836               
12138          0.012429673242                
7374           0.0278252369563               
6930           0.543922924169                
2971           0.022196298044                
832            0.0228866181416               
8189           0.0671276673952               
7128           0.0431182682332               
9576           0.0360921021348               
5037           0.0312917586858               
5631           0.0560920491511               
6598           0.0431069193005               
10752          0.0579409766836               
9069           0.0140346763809               
7476           0.012032202753                
5348           0.0190254879298               
3729           0.0388777709434               
9833           0.0625835173716               
9424           0.0231301370227               
9043           0.104404759885                
1580           0.0522023799423               
7233           0.0239068667246               
3633           0.0268018314447               
9540           0.0446163676847               
3545           0.0236397775926               
3234           0.0488455160418               
11683          0.244227580209                
7360           0.0976910320837               
5407           0.0339597617923               
7842           0.0335638336976               
8218           0.00993002728808              
6772           0.0144139355939               
2153           0.0230074822599               
3678           0.0289932330283               
873            0.0145882377173               
10906          0.0300629827756               
5164           0.0276101847339               
293            0.0795001108002               
5447           0.127928315134                
2440           0.024915998017                
5456           0.0158718009759               
11262          0.0148567708268               
2978           0.0397500554001               
8057           0.0134005640735               
5451           0.0349865897183               
8291           0.0113416558354               
8791           0.0418306988761               
2166           0.0323500969287               
8357           0.0285060898772               
7520           0.0156185994358               
8628           0.0262434820421               
3748           0.0522023799423               
1847           0.0522023799423               
1241           0.0355209070429               
4174           0.0475444902792               
7698           0.033139174202                
3692           0.0579409766836               
11118          0.0323500969287               
6422           0.0208729034461               
5439           0.115881953367                
1841           0.0237722451396               
11862          0.0212188934646               
1890           0.0488455160418               
628            0.0183743979351               
1643           0.0262434820421               
8401           0.0579409766836               
6235           0.0127056669675               
8073           0.0300629827756               
1503           0.0209487718114               
11684          0.156607139827                
3293           0.0388777709434               
915            0.033139174202                
3675           0.0464637832009               
4753           0.0138312498061               
7827           0.1192501662                  
8839           0.0271961462084               
4976           0.0686598544249               
11064          0.0134388045344               
1335           0.0241828604502               
7800           0.0226500579037               
776            0.0522023799423               
11733          0.0297823103016               
12035          0.0224200696407               
8005           0.0312917586858               
4113           0.0230074822599               
11591          0.0210024447599               
6964           0.0407251864596               
6452           0.133849103054                
576            0.0278252369563               
9309           0.0253883226755               
5999           0.0287418549418               
7773           0.0488455160418               
12199          0.0976910320837               
12218          0.00528977806013              
6785           0.0278252369563               
7377           0.0282728619174               
12007          0.0319820787834               
10387          0.0464637832009               
1951           0.0119357467681               
7929           0.144368408539                
4535           0.115881953367                
1644           0.0175160395457               
3441           0.049831996034                
9572           0.0271961462084               
11807          0.0809899244792               
6711           0.0285060898772               
159            0.0212580447517               
10813          0.0154214700023               
10595          0.0194106292355               
2173           0.0188763119109               
1307           0.0274005774607               
57             0.0300629827756               
366            0.0177707994943               
10248          0.0165688310929               
210            0.0137911574999               
909            0.0579409766836               
4368           0.033139174202                
2857           0.0579409766836               
2790           0.0407251864596               
3702           0.0146767844979               
10998          0.00660668183449              
