39
9641           0.240891763681                
1186           0.0821807187543               
2009           0.169480043806                
7004           0.117657005818                
9313           0.0851161946305               
12224          0.121912965095                
9744           0.0989475708284               
2021           0.151472647747                
7918           0.12370849549                 
8173           0.105514115442                
6714           0.12017226871                 
9303           0.185878893459                
9546           0.138833563385                
2075           0.139955538457                
5979           0.240891763681                
12157          0.136428431487                
10545          0.121912965095                
660            0.0726750043093               
8733           0.187252535278                
2812           0.106855433258                
3274           0.122356573381                
2687           0.111446420406                
2140           0.179467268557                
12051          0.116039780271                
237            0.21106485244                 
2638           0.0938646968613               
8912           0.208991773906                
7440           0.152072258485                
10989          0.336314073534                
7755           0.240891763681                
490            0.158412495304                
6603           0.157580314435                
8804           0.111815375591                
3994           0.183227095466                
9539           0.107195752938                
2065           0.122803660983                
10930          0.262250555666                
119            0.106517133292                
8970           0.114856276644                
