155
3709           0.0915462553581               
9790           0.0312781642633               
7454           0.0114979220606               
3719           0.0613552730739               
8571           0.0395178839816               
478            0.0504040083015               
4006           0.0235673590547               
8923           0.0527208433991               
5415           0.0301777291629               
11958          0.0596452055045               
2638           0.0239073931791               
9418           0.304829748359                
578            0.0669944102084               
1154           0.0414565986934               
279            0.040781184194                
2648           0.0374536819418               
4952           0.0235673590547               
4275           0.0340400269608               
6798           0.107836659326                
4333           0.0372798020973               
1652           0.0856593911927               
6009           0.0532303270242               
7154           0.0173263604189               
3338           0.0554684089084               
8911           0.0145848280672               
11480          0.0782428194602               
6930           0.4292399721                  
3945           0.049581544743                
4294           0.115629306929                
832            0.0401357982337               
11177          0.0323453313288               
6145           0.0166429969494               
6697           0.0632939877856               
9836           0.0504114159488               
2310           0.0548757228008               
4249           0.168258969482                
2880           0.018368718206                
9602           0.040781184194                
8306           0.0426571826377               
5348           0.0333646124614               
2923           0.038925197874                
5370           0.0234335443428               
11431          0.0622922945333               
11731          0.0480518371759               
3596           0.0457104182471               
7889           0.0655320696699               
6914           0.0327192265011               
2317           0.0383557604398               
2075           0.106940272457                
557            0.0306079471126               
11729          0.0632939877856               
9310           0.023627066234                
11570          0.0782428194602               
5273           0.045404748147                
2085           0.0782428194602               
6052           0.0250523245418               
2687           0.0567709368939               
3942           0.118553651945                
11041          0.0199559674547               
11261          0.0613552730739               
5407           0.0397030305052               
8218           0.0174140875346               
5623           0.0613552730739               
4297           0.0226555657397               
6772           0.0252774266241               
10326          0.0622922945333               
8842           0.0285740268566               
6402           0.10160991612                 
5621           0.0856593911927               
7589           0.0439660677964               
2704           0.0915462553581               
10871          0.0588602146851               
5684           0.103382673066                
6759           0.0196962325588               
2610           0.0424089920902               
5112           0.0681791586988               
247            0.0451053809745               
8057           0.0470005950676               
6799           0.0499905518877               
2175           0.0946869257176               
1123           0.0374536819418               
5665           0.0814825945967               
4174           0.16675561738                 
9424           0.0405628523582               
11238          0.0275660087105               
6150           0.0508448449554               
6663           0.0604750767103               
4146           0.0235673590547               
11948          0.0714189338353               
10586          0.0202739099441               
1794           0.049808344605                
7958           0.250133426069                
11867          0.10160991612                 
3293           0.0681791586988               
10962          0.0554684089084               
4753           0.0485111647429               
3957           0.0451053809745               
10288          0.0341789638438               
4029           0.0159108018009               
11064          0.0235673590547               
1335           0.0424089920902               
11758          0.0856593911927               
80             0.0315086261414               
4986           0.0382813262285               
9627           0.0244685758266               
2073           0.0487965539237               
7183           0.026134011349                
5523           0.041227951551                
10998          0.0115860039898               
9328           0.406439664478                
9858           0.0457104182471               
8987           0.142587029943                
2258           0.0260540177941               
10213          0.0395178839816               
9309           0.0178091947021               
7961           0.0448120620394               
4173           0.0393176215862               
319            0.0395178839816               
2675           0.0714189338353               
11890          0.0194410626609               
2174           0.0968388424025               
201            0.0324688962744               
2436           0.0340400269608               
3702           0.025738379418                
1213           0.0439660677964               
2883           0.0782428194602               
697            0.021157455124                
8131           0.0238387462735               
9203           0.041227951551                
11807          0.0473434628588               
9278           0.00562007602535              
2817           0.103505130213                
10216          0.0560863231605               
159            0.0372798020973               
9229           0.0856593911927               
11967          0.0153657965029               
1757           0.0814825945967               
2173           0.0331030055013               
5447           0.0560863231605               
2963           0.0491837446954               
8291           0.00994481594936              
8066           0.0315086261414               
2206           0.0308279330405               
2353           0.04257576483                 
628            0.0322228091378               
1739           0.0504040083015               
6421           0.0239763661994               
11422          0.0814825945967               
5999           0.0252020041508               
9237           0.0249041723025               
5686           0.0655320696699               
2750           0.0354931180257               
2065           0.0312781642633               
1307           0.0480518371759               
7547           0.0307175234325               
