140
4809           0.0248461473185               
5683           0.0227430886363               
1664           0.0511814314902               
3995           0.0633272346878               
8958           0.0493557480797               
8414           0.0422792068786               
4006           0.0322054097309               
2657           0.0468981392519               
2638           0.0326700752146               
11272          0.0563390691753               
1010           0.0440333076163               
4437           0.10330353379                 
12062          0.0642292222502               
8232           0.0766434208214               
2648           0.0511814314902               
6214           0.0474845950304               
956            0.142453785091                
4203           0.250104243289                
4408           0.0331458848112               
2254           0.0624644766177               
6798           0.0736808012626               
917            0.0521613990322               
1037           0.0529295069276               
11817          0.0683133906721               
7154           0.0236769226089               
8803           0.0563390691753               
8379           0.0468981392519               
6880           0.0734621730528               
1075           0.0628911663808               
2590           0.0851240422766               
6263           0.0569689731692               
11730          0.0408088817908               
2876           0.0931685954247               
8168           0.100245136626                
11985          0.0382839687235               
11821          0.0478854229919               
10653          0.0661663996842               
3456           0.0734621730528               
2923           0.0531922963228               
1223           0.0624644766177               
9534           0.0364953430769               
10425          0.0361561842321               
12256          0.127297243984                
8956           0.0363816447183               
10605          0.0604586983917               
3576           0.0563390691753               
9310           0.00807175028644              
10813          0.0369567664152               
6052           0.0342346537305               
7237           0.0231501761433               
726            0.0373100156746               
6042           0.0256217630569               
2129           0.0616376774325               
9278           0.0172799554699               
1438           0.0624644766177               
1342           0.0616376774325               
2059           0.0281490303585               
4763           0.0597099186121               
6680           0.051665365464                
8691           0.125100341378                
6775           0.500135272461                
4041           0.0692917331404               
11262          0.0356034936391               
137            0.0656640865435               
2683           0.0403882234335               
2353           0.0775745214824               
1161           0.151598049817                
3432           0.0895512793491               
7697           0.078448329037                
7524           0.0531922963228               
1602           0.0709895586872               
9441           0.0487122221771               
5320           0.0493557480797               
10075          0.0445398962251               
3740           0.0324829010974               
2460           0.0463285218716               
8524           0.0323899720784               
11029          0.024656890151                
4531           0.0572915869324               
11741          0.10330353379                 
6197           0.032022548443                
10292          0.0874052562803               
10998          0.0158325760969               
423            0.0734621730528               
11569          0.0637731030984               
10391          0.0554301938124               
8528           0.0529295069276               
4029           0.021742524903                
7919           0.0811957701969               
10944          0.038661890803                
12122          0.195191664994                
11064          0.0322054097309               
4222           0.0537285535425               
9262           0.0775789633122               
2171           0.0720444051063               
8850           0.0952589806415               
12127          0.0491389119402               
10762          0.0554301938124               
2972           0.111348086938                
937            0.111348086938                
10816          0.0459576641715               
10534          0.0794163409841               
6620           0.0368404006313               
9261           0.0848648293229               
9955           0.17159706803                 
3868           0.0338317909698               
69             0.0432167187286               
11062          0.233532219756                
10105          0.048924420021                
420            0.125782332762                
9309           0.0243367282277               
8              0.0616376774325               
9414           0.125100341378                
2811           0.0563390691753               
9019           0.0713717878359               
2692           0.10330353379                 
10148          0.0569689731692               
1393           0.0369567664152               
5331           0.0540022173196               
7207           0.0566515214482               
11151          0.087963207273                
5031           0.0465165830833               
9875           0.0604586983917               
8136           0.0310458707132               
8291           0.0543593996431               
5867           0.0937962785037               
2548           0.0495863962051               
2925           0.0470917047802               
5351           0.0720444051063               
8064           0.0292259005806               
628            0.0440333076163               
12227          0.0554301938124               
10248          0.0397063587571               
8720           0.0422792068786               
11733          0.0713717878359               
6236           0.112062922639                
12041          0.0421271731134               
5277           0.0375490584371               
7802           0.10362678476                 
10156          0.0586372082201               
