30
11967          0.0433131269839               
940            0.0810830061501               
9069           0.0693772602809               
11560          0.192183500401                
5005           0.516101405154                
11100          0.125505863945                
432            0.258050702577                
8059           0.0868978173817               
9918           0.120242121391                
12173          0.241456802281                
12218          0.0261488259042               
3121           0.129728740079                
10841          0.136484726879                
7518           0.169645411049                
1715           0.206780634259                
12108          0.0955641486394               
8451           0.0884904538979               
4692           0.241456802281                
12086          0.172948322808                
5293           0.116857913821                
9208           0.206780634259                
8036           0.196495442063                
5510           0.133451814117                
9278           0.00792093877136              
11292          0.0388292287931               
4451           0.11495405456                 
692            0.334179186879                
9602           0.11495405456                 
10200          0.206780634259                
6544           0.11254597216                 
