47
351            0.261800727197                
4406           0.125691461749                
9640           0.0952878247369               
5037           0.176313778493                
582            0.219057252845                
9357           0.126326143318                
10878          0.242886438483                
7454           0.0369424215271               
4173           0.126326143318                
5787           0.04349501795                 
4006           0.0757211005514               
3784           0.105944144188                
1213           0.141261438447                
85             0.0990490708835               
6040           0.084485985242                
10877          0.450351286894                
9782           0.123837639965                
7453           0.0513764580034               
5205           0.0614982812851               
6265           0.098694328674                
2267           0.101988523484                
380            0.18227699764                 
3456           0.172723670928                
11967          0.0493697668604               
6472           0.235695559649                
9243           0.135956326981                
7919           0.0381813684769               
6648           0.0755056342296               
10193          0.163362708925                
7154           0.0556689901665               
960            0.184973289201                
4423           0.0979928361202               
6019           0.0983422637897               
4657           0.210552248357                
726            0.0877230090249               
832            0.128954916277                
6421           0.0770352262052               
210            0.0777064374364               
9517           0.0949604663707               
1682           0.119226642331                
8132           0.203361369523                
2881           0.10012977657                 
3438           0.147869204991                
10692          0.0420038470115               
10998          0.0372254256858               
3528           0.119226642331                
10106          0.101610801778                
