141
5093           0.0400879099571               
1341           0.0409688086277               
9790           0.0354792771069               
8004           0.0629186237969               
3228           0.103842250287                
6753           0.034111263359                
5787           0.0153556081723               
4241           0.137195519955                
4387           0.0254851154813               
9782           0.0437200021041               
9866           0.0810115364473               
10877          0.0794966668297               
4506           0.230515214414                
10242          0.0452896539055               
85             0.0699371465517               
83             0.0717952918509               
4529           0.0286725530372               
8121           0.0289319108197               
11241          0.0832106487708               
5092           0.0636195329293               
10639          0.103842250287                
7453           0.0906904739397               
396            0.0887519692615               
8331           0.0672813839017               
10333          0.0832106487708               
6214           0.0394156174762               
12156          0.051503266877                
6472           0.332842595083                
5788           0.0651177361205               
3876           0.0887519692615               
8911           0.0165437828191               
832            0.182106481116                
11230          0.0236794152786               
11275          0.0537023792006               
4408           0.0550269204484               
10692          0.0148291608289               
10784          0.0365508015412               
9972           0.0273543393843               
10306          0.0609788692558               
11672          0.0518499929218               
9899           0.0757669605402               
9633           0.0252744233264               
4910           0.0790717819062               
11353          0.0971646945565               
9833           0.248985325264                
11030          0.260470944482                
8692           0.0567050108254               
3567           0.0470248234701               
557            0.0347190400351               
8638           0.0717952918509               
9310           0.0737014443518               
481            0.028332976495                
6040           0.0596543579735               
2160           0.0368299417631               
7474           0.0730157670638               
5435           0.188755871391                
10183          0.0587469243393               
10285          0.020536191971                
10620          0.0336406919508               
2267           0.036006326207                
8441           0.0311684099444               
11041          0.0226363444255               
5407           0.0450357255439               
9243           0.0239992093814               
959            0.0685977599773               
10109          0.04601103399                 
10623          0.0730157670638               
8694           0.0394156174762               
7350           0.0773366123416               
960            0.0435356735121               
8842           0.0324119346765               
4146           0.0534655969923               
5684           0.039089490407                
2610           0.0481051371662               
9278           0.00159373351475              
873            0.029019279082                
4749           0.062246331316                
10267          0.115257607207                
690            0.0676564249863               
4015           0.0971646945565               
57             0.0598020202375               
2763           0.0594708602419               
2048           0.0629186237969               
2579           0.0389288171441               
9640           0.0336406919508               
9917           0.154673224683                
12082          0.0878705692628               
9357           0.222992752979                
1427           0.0832106487708               
1841           0.0472883311528               
11862          0.0211045707916               
1690           0.0489645780112               
1875           0.0265810105201               
1517           0.123200820288                
5205           0.021711532842                
6274           0.0857493376367               
10391          0.0920220679799               
4753           0.0275134602242               
5989           0.0571824030574               
1959           0.0529362467005               
673            0.0667659984712               
1796           0.0518499929218               
9117           0.0667659984712               
1612           0.0307739269207               
8451           0.0356094665502               
8190           0.0252744233264               
5292           0.031778438159                
11591          0.0208892882644               
2647           0.051503266877                
9309           0.0101006144185               
11664          0.0342310375511               
4173           0.133795651787                
4852           0.0273543393843               
10105          0.0406107754223               
2436           0.038612098175                
9621           0.0887519692615               
1566           0.0395811352395               
10191          0.0962102743323               
9546           0.0401104855313               
8131           0.216325095757                
6639           0.0551872018238               
159            0.0422870222807               
10867          0.0537023792006               
4264           0.0685977599773               
7757           0.0695961795274               
11561          0.0676564249863               
5746           0.0667659984712               
10193          0.0576740478899               
289            0.0472883311528               
8784           0.0562410680664               
11105          0.0371138949839               
1144           0.0887519692615               
1129           0.114364806115                
697            0.0239992093814               
461            0.0616004101439               
8720           0.0350947721985               
1794           0.0282491652259               
8205           0.0508309743961               
10998          0.0525686920314               
3528           0.168368488127                
10071          0.115257607207                
