308
5860           0.0306832076706               
1759           0.0448365227037               
7527           0.0515181111712               
6933           0.0136089017113               
6913           0.0162344120203               
4006           0.0158196358698               
3291           0.0439885299647               
5415           0.0202568597366               
10183          0.0173822982216               
2657           0.0230368590909               
12255          0.104514460885                
2435           0.0251408572732               
2659           0.017926896234                
2086           0.0275232429188               
5393           0.0424862131216               
2254           0.0306832076706               
6798           0.0723855685307               
3746           0.0350850124867               
4428           0.0221205256732               
170            0.0353889692682               
7851           0.114998067823                
8319           0.0217948101423               
840            0.0293301398166               
6108           0.0227570570447               
11230          0.0140127389719               
2446           0.0424862131216               
2081           0.0325016312031               
822            0.0744665559827               
9602           0.0273744496695               
11740          0.028142229869                
9973           0.0368354362821               
4099           0.0998451267119               
9482           0.0682058549724               
9534           0.017926896234                
10425          0.0177602978435               
12256          0.250118978629                
3566           0.356375379805                
9508           0.0405940135477               
1951           0.0140502949665               
10495          0.0325016312031               
9310           0.0317194288612               
481            0.0335331425418               
8786           0.0304780260179               
26             0.0228494346892               
1314           0.0278278229735               
2506           0.0296979483171               
10285          0.0121526775126               
7237           0.0170574148863               
4297           0.0152075928233               
10174          0.0574990339116               
5452           0.0338387615743               
11043          0.0439885299647               
2059           0.041481299019                
6250           0.0448365227037               
11955          0.0418138245665               
7589           0.0295123090181               
4479           0.0236217807208               
220            0.0295123090181               
5413           0.0364532002905               
8804           0.019116880853                
5985           0.0341297016429               
1364           0.0411848470787               
4041           0.0680736557135               
9278           0.0094312175661               
2353           0.0666844860083               
1722           0.0197712049571               
4567           0.064028482441                
10108          0.0457653936538               
3348           0.0367076258486               
11060          0.0338387615743               
12058          0.0191803714262               
11140          0.0311070035057               
9955           0.0210725710001               
5233           0.0306832076706               
3740           0.0159559425465               
9360           0.0890938449512               
5325           0.0424862131216               
11458          0.0208349035006               
10132          0.0206191976961               
1184           0.0439885299647               
11455          0.311336526816                
6119           0.0353889692682               
8708           0.0380812707303               
10701          0.0546953510255               
11029          0.0121117236864               
2077           0.0418138245665               
6197           0.0157298124826               
1503           0.0123300380301               
5361           0.0266627636073               
5127           0.0212285066231               
8528           0.0259995303074               
7793           0.0859011518844               
3957           0.0302770752178               
9460           0.0507437819382               
7919           0.0239305296113               
10944          0.0189911272563               
8838           0.0229426963436               
8822           0.0448365227037               
6138           0.0974070061291               
11872          0.0344295951053               
2677           0.0525206456272               
2089           0.0259995303074               
4906           0.0399527732196               
3321           0.0173294754987               
5622           0.0614506029989               
10376          0.0432084522639               
5610           0.0217948101423               
12129          0.011958725748                
2696           0.0492414650951               
8859           0.0117188177933               
6620           0.0361927842654               
4324           0.0525206456272               
3833           0.0682058549724               
9640           0.0199075116339               
11947          0.0467922128508               
3439           0.0368354362821               
8683           0.0286337172948               
1709           0.0250241400874               
9689           0.0325016312031               
5232           0.0256222276333               
10534          0.0390101416804               
11890          0.0130498513432               
2937           0.0372332779913               
7186           0.0219628447967               
2837           0.0236217807208               
11977          0.0302770752178               
9546           0.0118680667824               
7670           0.0353889692682               
10543          0.0717838670914               
6395           0.0134661040134               
3289           0.0502817145463               
1029           0.0574990339116               
6639           0.0163290318754               
6249           0.0614506029989               
2738           0.0502817145463               
3871           0.0278278229735               
3142           0.0220479612201               
2162           0.0308928021684               
2888           0.0250241400874               
11967          0.0103143209623               
7465           0.0304780260179               
8730           0.0306832076706               
664            0.0270835096009               
5931           0.0574990339116               
3319           0.0259995303074               
5867           0.138221154545                
4654           0.0184444922978               
5493           0.0492414650951               
3671           0.0424862131216               
628            0.0216296236704               
8721           0.0198391199952               
6139           0.0308928021684               
8128           0.0546953510255               
2413           0.0411848470787               
1933           0.0682058549724               
8849           0.0276743431319               
3492           0.0614506029989               
6885           0.0439885299647               
9023           0.0327547822808               
6072           0.033281708904                
9193           0.0546953510255               
3624           0.0266627636073               
7454           0.0154360053526               
7004           0.0201156142422               
500            0.0368354362821               
10081          0.0239279556971               
8958           0.0242440623866               
4802           0.0185633446064               
9684           0.03608539179                 
478            0.0169168945883               
12036          0.0492414650951               
9866           0.0479400990521               
10149          0.0291513133586               
9341           0.0479400990521               
3047           0.0364532002905               
3565           0.330882027396                
2199           0.0467922128508               
8134           0.0478559113943               
5996           0.0187443857602               
1122           0.0492414650951               
9444           0.0254996377336               
2648           0.0251408572732               
8686           0.0525188657407               
4408           0.0162816071175               
8997           0.0149979983254               
4480           0.035058572593                
4661           0.0327547822808               
1717           0.0525206456272               
10082          0.0525206456272               
7154           0.034891059979                
8379           0.0230368590909               
4633           0.0213074201597               
12138          0.0146317259222               
11730          0.0200457518031               
6264           0.0193733632479               
4477           0.0682058549724               
1710           0.0411848470787               
8918           0.0273744496695               
8293           0.0155966108393               
11526          0.0467922128508               
1834           0.0338387615743               
2122           0.0574990339116               
7285           0.0166676286087               
8136           0.0457501743385               
11821          0.0235218232443               
9607           0.0247948173065               
1531           0.0327547822808               
2243           0.101487563876                
3642           0.0172246812791               
5167           0.0405940135477               
12218          0.0186807604492               
4677           0.0197037599231               
2075           0.0239279556971               
3580           0.0249088042026               
441            0.0185037372737               
2278           0.0265264569305               
3796           0.0201859811076               
2160           0.0217948101423               
3545           0.0278278229735               
2112           0.0347390105699               
6042           0.0629283970129               
5346           0.101487563876                
2889           0.0385346440343               
804            0.0736708725643               
8218           0.0116892403244               
6731           0.0525206456272               
9608           0.0265264569305               
9891           0.0252589892471               
10266          0.0395100342543               
9972           0.0161874443702               
4146           0.0790981793488               
5164           0.0325016312031               
8792           0.0492414650951               
1682           0.0249088042026               
1810           0.202975127753                
10466          0.0265264569305               
11262          0.0174888104132               
10948          0.0228494346892               
8291           0.0467283401257               
6775           0.184253778218                
8324           0.0395100342543               
9601           0.0306832076706               
6394           0.0166676286087               
3902           0.0614506029989               
2924           0.032254889707                
1228           0.0411848470787               
3284           0.0357309611482               
8969           0.0424862131216               
8102           0.0507437819382               
11835          0.0174354088082               
5162           0.0201859811076               
214            0.0258721328264               
10586          0.0272178034227               
8524           0.0159102948354               
1875           0.0157298124826               
10288          0.0458853926873               
11991          0.021150226937                
2281           0.0467922128508               
6929           0.0376480541418               
11064          0.0158196358698               
7911           0.0315500692799               
11950          0.0682058549724               
11992          0.0858687617399               
2171           0.0707779385364               
3381           0.0347390105699               
2209           0.0424862131216               
8422           0.0235218232443               
10465          0.0395100342543               
11891          0.033433948755                
6554           0.0258721328264               
12257          0.0418138245665               
1091           0.125441473699                
9309           0.00597722839176              
3452           0.109390702051                
110            0.0216296236704               
7812           0.0525206456272               
8913           0.0536020075531               
1331           0.0330146848438               
7198           0.0321883654315               
8506           0.0492414650951               
1213           0.0295123090181               
8343           0.055655645947                
7452           0.0418381823169               
3409           0.0467922128508               
10558          0.0344295951053               
9153           0.0284671189043               
4203           0.0982830671337               
5031           0.0228494346892               
8688           0.0400369608774               
940            0.0386172141453               
4327           0.055655645947                
4051           0.0546953510255               
627            0.0259995303074               
11784          0.0479400990521               
2206           0.0206933103614               
10655          0.0525206456272               
1739           0.0169168945883               
10813          0.0181535522292               
1048           0.0284671189043               
3134           0.0395100342543               
1909           0.0172246812791               
5999           0.0169168945883               
9237           0.0167169743775               
3702           0.0172769375357               
11900          0.0424862131216               
6532           0.0320142412205               
10728          0.0189288537631               
10998          0.0077771278436               
