33
3384           0.229380580531                
2763           0.0929513638091               
7171           0.0803322551996               
7454           0.0407694082703               
7936           0.166659394843                
8890           0.25323772908                 
1645           0.422980730216                
1951           0.0742189703518               
4006           0.083565297981                
2021           0.0683989147495               
11458          0.0550289189261               
10866          0.17201120956                 
9546           0.0626916159951               
10285          0.0641950374819               
1503           0.0651319227942               
1186           0.0742189703518               
2627           0.155895174675                
3258           0.092666150702                
10140          0.228243381735                
11906          0.118774611935                
8694           0.123211111623                
6913           0.0857563024326               
2812           0.0965031743839               
7440           0.137339349363                
4146           0.083565297981                
11598          0.0807818723296               
8190           0.0790064952186               
12143          0.40231934063                 
5456           0.296082536507                
367            0.0582784451096               
9162           0.324605319174                
10948          0.241398706546                
12223          0.078141250748                
