125
3384           0.326984211118                
2763           0.0757160331459               
1136           0.146741593649                
4776           0.0678784460331               
2227           0.0984620279517               
11918          0.0344271086167               
5320           0.0521599260442               
7571           0.0538382254372               
8294           0.0461856205289               
9313           0.031308285067                
8494           0.117674398744                
5787           0.0195501752055               
8245           0.109172789234                
110            0.0930701755362               
2021           0.0278580877359               
11651          0.105940627306                
6663           0.087336054112                
11458          0.0224126429062               
5443           0.116537718413                
10183          0.11219151831                 
2657           0.0991253732408               
5075           0.117674398744                
3565           0.0647160597066               
4574           0.0514798378115               
1875           0.0338419297351               
660            0.0267320427333               
11319          0.146741593649                
10545          0.04484323907                 
11259          0.087336054112                
5348           0.0481840413914               
7453           0.0230927311389               
10624          0.0716039848181               
6279           0.061968718198                
5361           0.0573636445789               
1876           0.0567811752081               
2812           0.0393046279845               
6381           0.0819300096365               
7454           0.066419635849                
9595           0.0429782283011               
11162          0.0699256854251               
1053           0.0531024464706               
10105          0.0517040918098               
7919           0.017161791821                
12132          0.0429782283011               
2548           0.0349357857256               
11426          0.117674398744                
11906          0.0967510543755               
5619           0.0964636070892               
4428           0.0237956198259               
5216           0.0683718228898               
478            0.0363958793932               
628            0.0930701755362               
6242           0.0335553528508               
3413           0.0899604184413               
6603           0.0579627581649               
10139          0.0627176388441               
7555           0.0463596260833               
8190           0.0321784327071               
2880           0.0265274796574               
7439           0.0478062374949               
8859           0.0252124689202               
10998          0.083660569481                
12223          0.0318260286307               
5460           0.112995625404                
3415           0.0647160597066               
11672          0.0660134352642               
1874           0.0704703277083               
2414           0.0683718228898               
7163           0.0651396609616               
262            0.048568777855                
8913           0.0576610616078               
7949           0.0585794952434               
1645           0.0861375822707               
1951           0.120914116564                
4921           0.0257940406884               
2133           0.0491594520974               
9310           0.0511821112275               
5458           0.146741593649                
9546           0.076600712676                
7518           0.057943341198                
11155          0.172090933737                
9278           0.0121744846943               
8364           0.0747392987728               
10285          0.0392188456409               
9162           0.39662398859                 
5459           0.0964636070892               
377            0.132207996197                
7237           0.0122327340029               
10242          0.0576610616078               
8441           0.039682431881                
11041          0.0864591935204               
11891          0.0359657607422               
3667           0.0704703277083               
4297           0.0327183994302               
8244           0.0728024566594               
3319           0.0559367302557               
11968          0.0592149241431               
9203           0.0595400089335               
3668           0.0728024566594               
8694           0.100364924508                
10866          0.0700581783355               
6913           0.0349275512019               
4146           0.0680703608048               
2059           0.0297483352769               
41             0.0638936974829               
8721           0.0853658116558               
6217           0.085003925161                
8411           0.0521599260442               
9772           0.0508211171785               
5755           0.0598702133795               
10539          0.0886072038388               
5740           0.132207996197                
5927           0.0523916140256               
5685           0.112995625404                
5456           0.0401969987841               
5277           0.0793648637621               
367            0.0474722747552               
6388           0.0655719968758               
11292          0.0994675558202               
10948          0.294956712584                
103            0.0438900045152               
2353           0.0204954917151               
10924          0.0329936884915               
1515           0.0321784327071               
6063           0.0310541298464               
