69
2070           0.0701659992612               
4991           0.122194088244                
2763           0.0488806564257               
2076           0.170701326266                
2663           0.0846637658435               
7454           0.0214395502839               
7428           0.0781752452912               
1326           0.0585367049631               
4547           0.14166897534                 
7664           0.112764588351                
10448          0.103428927044                
4387           0.0418937667537               
8015           0.159724410644                
3187           0.105784534282                
10877          0.130680781898                
10486          0.0948076186595               
532            0.0959859141244               
11272          0.0768755202654               
9586           0.0744495036119               
2430           0.0570729752514               
10202          0.0819811367948               
8331           0.110600660457                
380            0.105784534282                
5326           0.101261978444                
3504           0.0679483057449               
1882           0.164993634487                
4011           0.0781752452912               
6642           0.291790264942                
10612          0.112764588351                
1959           0.0870193730814               
6389           0.10975344291                 
4906           0.0554916554417               
80             0.058752422479                
5610           0.0605429859994               
8190           0.0415474199616               
12129          0.0332196959186               
4578           0.0835586162747               
11985          0.0522390599724               
3415           0.0835586162747               
9640           0.0553003302284               
10583          0.281918498888                
6217           0.10975344291                 
2246           0.042244601966                
8997           0.0416623772681               
5370           0.0436952563792               
3529           0.0992556974076               
10292          0.0596329034969               
2436           0.0634725879898               
669            0.116153055648                
9309           0.0498117559833               
1955           0.189466487467                
2816           0.0695136205853               
6206           0.0835586162747               
5299           0.444655802307                
4423           0.113740369505                
726            0.0509100861637               
11041          0.0744216155675               
5738           0.0733134318182               
6648           0.0438197274261               
9642           0.0965001950847               
5775           0.170701326266                
665            0.0768755202654               
9517           0.0551103476592               
6306           0.244388176488                
5684           0.0642573503282               
565            0.159724410644                
11217          0.0760424574593               
3528           0.13838646671                 
2652           0.0711750255563               
