168
1186           0.024940397757                
1704           0.0812372355139               
7454           0.082200433697                
4802           0.0659028439315               
7765           0.0660920475417               
5787           0.0161300982779               
1337           0.0830599217463               
7162           0.23876524577                 
2021           0.11492318823                 
10242          0.0475739261039               
2657           0.0408922681103               
5683           0.0198305624276               
4574           0.0424740358848               
2430           0.0729403253322               
5510           0.0564109636391               
7453           0.0952646252174               
129            0.111212379498                
7439           0.0394430894346               
3064           0.0426590592411               
3741           0.0720576220534               
2548           0.028824174272                
5611           0.0616645232976               
6606           0.0812372355139               
2146           0.0360842837923               
8294           0.0381059806538               
478            0.0300288414479               
2971           0.0463803826193               
11700          0.0660920475417               
4686           0.0415774871435               
4600           0.0611152860909               
5204           0.0970886243519               
9539           0.0650640382968               
3303           0.0731063988446               
2880           0.0656604121613               
9641           0.0731063988446               
9633           0.0265491882574               
5200           0.0544651486385               
7171           0.188962858354                
9405           0.0908995731921               
3099           0.0595650388576               
7949           0.0483316904026               
2795           0.0581423593224               
2181           0.048075396546                
8956           0.0317225372658               
4831           0.074222884211                
2075           0.0849480717696               
10137          0.0395982431105               
9310           0.0492664586418               
6040           0.0626631420926               
8064           0.0509663445659               
7918           0.0375433450841               
9121           0.0430351505509               
7237           0.0302782762201               
2687           0.101466065117                
8790           0.0379635969784               
11041          0.0237780526919               
5407           0.0709607855536               
6058           0.0753645955804               
8443           0.0640544576898               
4297           0.0269946940505               
8244           0.0600665092997               
8694           0.0414036211684               
12238          0.0430351505509               
8842           0.0340466939404               
8191           0.127977177723                
115            0.0473285387427               
8411           0.0430351505509               
7166           0.0400722321824               
6759           0.0234685718283               
11262          0.0310440377972               
9278           0.0133929326319               
133            0.0581423593224               
29             0.0426590592411               
7624           0.0317225372658               
6176           0.213206426978                
104            0.126872911453                
119            0.0323260700624               
9242           0.0874075404493               
9879           0.0611152860909               
7520           0.0326359204752               
1895           0.113655679376                
2952           0.0766984599609               
2953           0.0900742730491               
8631           0.113655679376                
624            0.108201869576                
614            0.0297620055319               
9313           0.025831262878                
6100           0.0754164276956               
441            0.0328456141808               
3543           0.0530521579969               
5979           0.0731063988446               
8524           0.0564840926929               
10545          0.0369984332978               
6235           0.0265491882574               
1562           0.126850629884                
660            0.06616674356                 
8190           0.0265491882574               
11598          0.0271457825122               
5205           0.0228065964289               
8733           0.0568278396882               
10718          0.0371330605835               
3868           0.0294992229768               
4060           0.0422909704844               
8463           0.108201869576                
562            0.0360842837923               
4294           0.0459251058466               
3603           0.0537442310393               
6869           0.0932283482676               
2141           0.0616645232976               
80             0.18771672542                 
9410           0.0951478522077               
11918          0.0284044843371               
4820           0.0595650388576               
8279           0.0371330605835               
12129          0.0212276950436               
2444           0.0381059806538               
1190           0.0511280080196               
6554           0.0459251058466               
9729           0.0900742730491               
6048           0.0505314137647               
8911           0.0868910041744               
446            0.0493966123363               
12223          0.0262584331963               
8987           0.0849480717696               
3642           0.0305751874506               
9309           0.0106100586451               
2408           0.0533947339221               
2009           0.360039415318                
5483           0.0605829512                  
2065           0.111806231341                
4852           0.0287340089461               
960            0.0228657401409               
11890          0.0694935908346               
3661           0.0275293795792               
9744           0.0900865243437               
10564          0.0293262263461               
10866          0.0289011553566               
5309           0.186695314372                
9546           0.0632003043777               
9572           0.0568278396882               
2816           0.0444198508854               
5801           0.0720576220534               
1706           0.0517459136648               
8832           0.0499547097321               
447            0.0530521579969               
2812           0.0324287381317               
8299           0.0595650388576               
11967          0.018308744977                
2140           0.0544651486385               
103            0.036211956098                
8675           0.0324287381317               
3319           0.0461512465688               
12051          0.0352160253581               
1974           0.0595650388576               
628            0.0383943126434               
6281           0.0647073472072               
499            0.0710688089926               
1909           0.0305751874506               
8545           0.0552174201545               
5456           0.0331649989859               
7328           0.0830599217463               
1794           0.0593479341556               
9781           0.0544651486385               
2825           0.0407251216998               
10998          0.0138050241855               
9588           0.0748109991652               
9012           0.265260789984                
12059          0.0660920475417               
