38
9955           0.121840407577                
3348           0.141494270587                
4809           0.0705668168053               
7527           0.198583193375                
11821          0.136001844817                
10425          0.102689032484                
12256          0.120514476294                
441            0.106987557006                
630            0.189386289086                
9309           0.0345599947644               
11729          0.24565286899                 
10426          0.23149143175                 
9836           0.195653795738                
11272          0.160011478742                
7802           0.098105248036                
10285          0.0351330452579               
10148          0.323601002738                
7237           0.032875001061                
6042           0.0727696828282               
956            0.134863432774                
2129           0.175060327701                
8833           0.33245614534                 
8218           0.0675865230391               
7919           0.0461216539322               
5867           0.133197809651                
8064           0.0830059785852               
3321           0.100198042178                
2171           0.204617008497                
10033          0.19088903093                 
9237           0.096656595515                
9278           0.00545307638161              
8293           0.090178717228                
9595           0.115502331749                
2683           0.114708663987                
6              0.187922583946                
6775           0.355114957032                
1123           0.145363007532                
4222           0.152597219458                
