44
8628           0.135213282091                
7171           0.0665614121739               
7454           0.0337805702233               
500            0.161223323472                
2953           0.222098120596                
69             0.0929140723054               
11471          0.152047574387                
5787           0.0397723388853               
7162           0.196242909893                
9744           0.148085552589                
2021           0.113347455405                
7918           0.0925714535549               
1158           0.09539270008                 
7930           0.1859559482                  
1562           0.156389197159                
6395           0.0589391700599               
10545          0.0912278525518               
2430           0.0899252840104               
5801           0.177674067088                
660            0.0543829327109               
11598          0.0669339543244               
2659           0.0784634059508               
8733           0.28024331399                 
1975           0.132518335176                
2065           0.275683089201                
10816          0.0988069862184               
10105          0.105185382719                
2140           0.134295917592                
2151           0.13081187542                 
104            0.312833334474                
3808           0.119813967184                
9012           0.13081187542                 
7440           0.113796145993                
9313           0.0636927142859               
8463           0.133397867473                
3702           0.0756186316782               
1190           0.126067456407                
9278           0.0165116246078               
7453           0.04697921727                 
133            0.430088691101                
6176           0.175235928928                
9972           0.0708500792523               
12223          0.064745997556                
9121           0.106112719352                
