24
5407           0.13027904733                 
1186           0.274732972681                
7171           0.148681119992                
2009           0.283288811236                
11119          0.297976615769                
12051          0.193962490633                
9313           0.142273184809                
5787           0.088841202388                
3642           0.168401727599                
3603           0.296011966243                
7237           0.0555888009129               
7440           0.254191398355                
2021           0.126594569341                
80             0.206780880157                
5309           0.342759560899                
7166           0.220709460545                
1503           0.120547931889                
9012           0.292200172901                
9539           0.179179546674                
9278           0.00922068342378              
11598          0.149513283589                
2812           0.17861069647                 
12223          0.144625949439                
2687           0.186284610531                
