44
9309           0.0639343221288               
1186           0.150286391203                
7171           0.0813326072424               
8345           0.184134910025                
11918          0.0855801797269               
9641           0.220263064031                
8631           0.171217216137                
7440           0.139049592631                
9313           0.0778272928117               
5787           0.0485985484987               
9744           0.0904742229291               
2021           0.0692506646964               
8173           0.0964784433082               
2805           0.117009486493                
10866          0.0870766052422               
9546           0.126944589529                
7670           0.189265794505                
7106           0.235257602723                
5979           0.220263064031                
12157          0.124745420437                
7453           0.0574047650431               
11598          0.0817878233117               
10882          0.119305977255                
8733           0.171217216137                
10718          0.111878602013                
133            0.350355493274                
5407           0.0712661741384               
10930          0.239792801763                
3589           0.110671090666                
8463           0.163001294711                
8832           0.150509088154                
7251           0.153137640499                
8191           0.128527943458                
2141           0.185789712777                
6281           0.194957470022                
8244           0.180975039026                
650            0.223626934932                
2065           0.112287403392                
29             0.128527943458                
2825           0.12270116201                 
3946           0.141867679397                
119            0.0973955680015               
12223          0.0791143189088               
9121           0.129661073055                
