497
9766           0.0209406626872               
7803           0.0318140643427               
12123          0.0967918709031               
7527           0.0609250526424               
1664           0.0178388689106               
1326           0.0149521882884               
8414           0.014736071407                
9632           0.0230617568889               
5190           0.0258656200259               
4006           0.0112249318879               
10242          0.0190168373277               
3472           0.0349396216387               
2212           0.030658855718                
2657           0.0326919249387               
4906           0.0141743830836               
7393           0.0279618778704               
11272          0.0196365212989               
9790           0.02979504514                 
105            0.0172789534823               
9586           0.0190168373277               
2435           0.0178388689106               
1690           0.0205599145624               
1448           0.0172789534823               
10882          0.0158286988139               
9590           0.0205599145624               
9109           0.0199685135646               
3861           0.0228866797563               
3258           0.0124474064603               
6798           0.0385212600552               
4333           0.0177560514254               
3746           0.0124474064603               
5473           0.0830397463452               
3664           0.0184481462924               
10524          0.0276799154484               
6850           0.0620535471713               
2888           0.0177560514254               
4428           0.0392394294107               
8911           0.00694662907584              
8740           0.0698792432774               
8926           0.0367155010597               
11177          0.0154058051313               
9004           0.0240105269786               
9441           0.0169782462206               
2880           0.0262465909207               
4986           0.0182330688176               
2739           0.0487400421139               
3566           0.0210723843338               
9539           0.0260082009938               
11230          0.0397713428597               
4060           0.0338101381154               
11204          0.057959220697                
10784          0.0306948977157               
5860           0.195943337214                
6179           0.0288037626707               
9602           0.0194237298215               
10306          0.0256046389642               
804            0.0261368382137               
9633           0.0212251388784               
8913           0.0190168373277               
11754          0.0388094640673               
10830          0.0232413819845               
2923           0.0185397393846               
9520           0.0183577505299               
7828           0.0284472032712               
8683           0.020317251862                
10425          0.0126019419943               
12256          0.0887368243522               
8970           0.0139334117559               
6027           0.018822030717                
9508           0.0288037626707               
3718           0.0311677764188               
7099           0.0361868881284               
1186           0.00996948383021              
5213           0.0407988366224               
3576           0.0196365212989               
10295          0.0284085021012               
9310           0.0112533699075               
481            0.0118968364417               
7804           0.0200828166193               
9390           0.0388094640673               
10285          0.0474265894308               
12109          0.0510400402931               
1503           0.00874886364024              
7237           0.0242064130752               
726            0.0130041004969               
480            0.0169050690577               
8334           0.0372663868326               
11041          0.00950485690467              
6395           0.0286649013145               
77             0.0279618778704               
8215           0.0276799154484               
4699           0.0360056009303               
2264           0.0301463859466               
4297           0.0323719575518               
280            0.0435429638254               
1230           0.0324731511405               
1164           0.0121850105285               
6680           0.0360150802702               
5591           0.0163459624693               
5388           0.0360056009303               
9528           0.0388094640673               
10455          0.0168326581619               
2059           0.00981111406825              
1397           0.0349396216387               
115            0.0189187480609               
4479           0.0167609976516               
3292           0.0483959354515               
6284           0.0288037626707               
6759           0.018762294783                
6775           0.392215622586                
11809          0.0483959354515               
4041           0.0483021325544               
11179          0.0179226902686               
9278           0.0100379783395               
2683           0.0140769846092               
104            0.0169050690577               
2353           0.0270379643405               
1722           0.0280575900498               
4835           0.0388094640673               
3348           0.0868204981262               
1522           0.0405592687559               
2579           0.0163459624693               
9628           0.0264191295461               
11140          0.0220721891744               
188            0.0195293070991               
9955           0.0598087531536               
5320           0.0172025419052               
614            0.0118968364417               
667            0.0324731511405               
8293           0.0110666829372               
3740           0.0113216492318               
2781           0.0219202011362               
630            0.0232413819845               
11458          0.0443506490182               
4856           0.023425797643                
8539           0.039490847961                
2645           0.0301463859466               
11455          0.0200828166193               
11991          0.0150072895948               
9608           0.037644061434                
4203           0.0174343572664               
11029          0.0515637431396               
8352           0.0496511004884               
6962           0.0142731730117               
562            0.0576962223775               
10441          0.0175933338624               
8026           0.0264191295461               
5127           0.0150628334867               
10816          0.01601816758                 
12101          0.0372663868326               
3849           0.0214833078259               
1554           0.0400306915742               
7793           0.10158625931                 
3275           0.0228866797563               
7919           0.0622602660501               
5031           0.0162129741907               
8411           0.0172025419052               
3411           0.0372663868326               
11906          0.0159544327753               
4182           0.018822030717                
6138           0.0172789534823               
11384          0.0206845157238               
12145          0.0210723843338               
7218           0.064946302281                
3108           0.0332017377933               
12255          0.0556192181538               
4361           0.0318140643427               
12108          0.0161474269951               
80             0.0150072895948               
5610           0.0154646580598               
4982           0.0277788364436               
2758           0.0613177114361               
9627           0.0116541737413               
12129          0.00848539644605              
4885           0.0169050690577               
12049          0.0256046389642               
8859           0.00831516809987              
3507           0.0418813253743               
8443           0.0256046389642               
7014           0.0274011110022               
6620           0.0256808400368               
6250           0.0318140643427               
8804           0.0271290296755               
5925           0.0483959354515               
2338           0.0223865695545               
8258           0.0206845157238               
69             0.0301256669733               
1646           0.0280346176766               
4772           0.0356777378212               
2444           0.0304643864676               
11890          0.0555576728872               
10097          0.0213436025216               
8688           0.0568170042024               
2361           0.0198560691788               
3427           0.0475242845234               
7039           0.0332017377933               
3349           0.0180934440642               
8131           0.011354191303                
10543          0.0169782462206               
464            0.0318140643427               
7568           0.0288037626707               
3289           0.0178388689106               
3290           0.018726647448                
2738           0.0178388689106               
8832           0.0199685135646               
7207           0.0197454239805               
8343           0.039490847961                
8136           0.0324623521702               
11967          0.0292743906939               
493            0.0292229926831               
8730           0.0217714819127               
485            0.0324731511405               
3259           0.0121850105285               
5867           0.294227324448                
6346           0.0225492871175               
12179          0.0213436025216               
6265           0.0292609882587               
921            0.0360056009303               
6019           0.072891519319                
12227          0.0386394804647               
2745           0.0174343572664               
6421           0.0685184309915               
10235          0.0223865695545               
10769          0.0223865695545               
6886           0.0251104875541               
1678           0.0419428168056               
10616          0.0476201460396               
6264           0.0137465036925               
327            0.0324731511405               
10943          0.0322948539901               
1794           0.0118616446234               
10813          0.0128809783597               
11311          0.0349396216387               
8803           0.0196365212989               
7802           0.0240788449396               
10340          0.0967918709031               
7547           0.0438914823881               
964            0.0246493048709               
5683           0.00792691734079              
7454           0.00547636210245              
3730           0.0192172912865               
10081          0.0169782462206               
4802           0.0263434987422               
6233           0.0726508965407               
615            0.0318140643427               
131            0.0332017377933               
11090          0.0468515952861               
6914           0.0623355528375               
3565           0.0213436025216               
10894          0.0436026997594               
5124           0.0436026997594               
8134           0.0509347386618               
8121           0.0242966503028               
3771           0.0242169655136               
326            0.0175933338624               
10944          0.0269505710095               
12062          0.0223865695545               
7159           0.0870859276508               
3433           0.0284085021012               
4848           0.0372663868326               
6383           0.030350555745                
6208           0.0270208286506               
956            0.198604401954                
1393           0.0257619567193               
8686           0.0372651239019               
4408           0.0346581803317               
8997           0.0106419332938               
8745           0.0332017377933               
12263          0.0483959354515               
3871           0.0197454239805               
2415           0.0276799154484               
2548           0.017282932421                
10082          0.0372663868326               
7154           0.0165047950528               
6655           0.023425797643                
8689           0.024429756991                
8379           0.0163459624693               
5827           0.0514876897156               
4633           0.0151188271316               
10474          0.046482763969                
9853           0.0324731511405               
832            0.0191163379992               
10528          0.0230617568889               
7622           0.0273425228096               
11730          0.0426708049067               
10139          0.0206845157238               
9551           0.0171269654441               
2881           0.0148432856068               
8945           0.0714302190594               
11376          0.0301463859466               
6431           0.0256046389642               
10692          0.0560400319686               
11228          0.0276799154484               
7285           0.0118266309924               
8166           0.0169782462206               
4080           0.0296692880035               
2028           0.0527800015871               
2440           0.0208114032721               
6599           0.0830993334223               
2261           0.0340162283752               
11821          0.0667602885352               
9069           0.0117226414032               
7476           0.0100500499147               
2632           0.0333801442676               
11664          0.0143733947278               
8971           0.0251104875541               
11569          0.0222275929585               
1852           0.0223865695545               
9607           0.123153337037                
2246           0.0107906525173               
2626           0.0130874168946               
1226           0.0436026997594               
11835          0.0123714147355               
5370           0.0223223941663               
3642           0.0244437831237               
941            0.0246493048709               
12218          0.0220917709887               
3558           0.0340162283752               
4921           0.0170139453599               
10527          0.0324731511405               
2075           0.0339564924412               
76             0.0324731511405               
3796           0.0286462046142               
6040           0.0125242425548               
2644           0.0217714819127               
2289           0.0483959354515               
2685           0.0815976732449               
6068           0.0193197402323               
8932           0.0273425228096               
5984           0.0311677764188               
2146           0.0144240555944               
6042           0.0446512787083               
7423           0.0436026997594               
2889           0.0820275684288               
2222           0.0817298123467               
627            0.0184481462924               
9243           0.0201542304453               
8218           0.0414709060127               
4247           0.0288037626707               
6441           0.0512092779284               
6145           0.0237807520224               
1342           0.0214833078259               
8694           0.0165503668295               
9006           0.030658855718                
2034           0.0476201460396               
960            0.0182803521276               
2987           0.0324731511405               
160            0.0324731511405               
8483           0.024429756991                
6938           0.0483959354515               
8191           0.0170522060418               
6915           0.030658855718                
6074           0.0312123652382               
11191          0.0483959354515               
109            0.0388474596429               
11209          0.0196365212989               
12138          0.0415281687216               
6888           0.0349396216387               
8795           0.0157052102223               
10923          0.0650205024844               
367            0.0156565366891               
193            0.0196365212989               
8057           0.0111929910581               
5451           0.0292229926831               
10948          0.0324259483814               
8291           0.0331564164601               
8978           0.0288037626707               
10924          0.0979329950662               
10106          0.0150628334867               
3800           0.0301463859466               
6394           0.0118266309924               
6927           0.0483959354515               
3410           0.0349396216387               
6913           0.0115192391701               
3425           0.0296692880035               
3801           0.0462174153939               
11918          0.0454167652118               
1228           0.116891970732                
7526           0.045098574235                
5162           0.10026171615                 
467            0.0664034755866               
441            0.0131294545765               
7518           0.00955496710484              
1276           0.0388094640673               
2887           0.0321649905503               
8966           0.0204375188475               
5334           0.0185397393846               
2460           0.0161474269951               
11862          0.0354466996327               
10279          0.0133002083721               
10586          0.00965629019759              
8524           0.011289259583                
11385          0.0483959354515               
6235           0.0106125694392               
3857           0.0550732515896               
1875           0.0223223941663               
10393          0.0164134281495               
10292          0.0152321932338               
5205           0.0182330688176               
10394          0.0438404022724               
90             0.0206845157238               
4078           0.021625893854                
12020          0.0259256314666               
10248          0.0138393262588               
8834           0.0436026997594               
3868           0.0471671750125               
4147           0.0180934440642               
9360           0.0421447686677               
4753           0.0115527267772               
2409           0.0372663868326               
7532           0.0230617568889               
1037           0.0184481462924               
3532           0.0186325619509               
8424           0.0248760523114               
881            0.0671597086634               
11064          0.0112249318879               
577            0.0483959354515               
7800           0.0189187480609               
4771           0.0176742140518               
11992          0.0304643864676               
9262           0.0270395125039               
8260           0.0483959354515               
10265          0.0147894707254               
5795           0.0576075253414               
5792           0.0623355528375               
1223           0.0217714819127               
8422           0.0166900721338               
990            0.145187806355                
11591          0.0175425582913               
11891          0.0355849338703               
8372           0.0258656200259               
6554           0.0183577505299               
9606           0.213436025216                
8188           0.0473000366109               
8347           0.0166198666845               
9261           0.0295789414507               
6863           0.0407988366224               
11245          0.0372663868326               
9309           0.0381706531777               
7156           0.059338576007                
2408           0.0213436025216               
5101           0.0258656200259               
8736           0.0280346176766               
6887           0.0264191295461               
6133           0.0145265045402               
3809           0.0230617568889               
10459          0.059338576007                
3634           0.0273425228096               
4742           0.0372651239019               
2493           0.0312123652382               
7198           0.0570986924929               
9554           0.0145783038638               
11262          0.0248186124262               
9416           0.0164815585268               
8570           0.0483959354515               
8901           0.0253531502545               
5120           0.0253531502545               
1969           0.0436026997594               
11187          0.0483959354515               
2811           0.0196365212989               
4029           0.0151563580868               
10717          0.0140287950249               
5160           0.0436026997594               
11292          0.0131219112217               
5119           0.0760594507635               
4616           0.0242169655136               
1953           0.0251104875541               
940            0.0411016665032               
10595          0.0162129741907               
5350           0.0214833078259               
7346           0.0764653519968               
2842           0.0296692880035               
1824           0.0284085021012               
8677           0.0332017377933               
11621          0.0372663868326               
6105           0.0183577505299               
4061           0.0225492871175               
1471           0.024429756991                
5655           0.0264191295461               
7877           0.0167609976516               
1739           0.0120034993897               
353            0.0324731511405               
8767           0.0256046389642               
7921           0.0324731511405               
3098           0.0570986924929               
1909           0.0366656746855               
8418           0.0296692880035               
6329           0.00999623503326              
9237           0.0474465784937               
3077           0.0511566181253               
6904           0.0158912800316               
2750           0.0169050690577               
6532           0.0227159259607               
9711           0.0483959354515               
10998          0.0110366295465               
9588           0.0149521882884               
7369           0.0388094640673               
