175
9782           0.0402990266542               
4809           0.0760412112038               
9790           0.0327031167655               
7454           0.0120217377383               
4006           0.07392308147                 
10877          0.146552522475                
6395           0.020975112033                
7906           0.0615417342747               
2638           0.0749896570764               
4529           0.0528580019891               
11279          0.0661774986437               
8134           0.0372707318292               
11074          0.106239001862                
2435           0.0783199502074               
1690           0.0451332282575               
1154           0.0866905088392               
8331           0.186050376443                
12153          0.0567803396804               
10972          0.024431641323                
4408           0.0507212083057               
3664           0.0404974638886               
1287           0.104241718673                
7237           0.0088563400341               
8911           0.0152492752219               
726            0.0285466670704               
8926           0.0402990266542               
1477           0.212478003723                
9118           0.045406753356                
3303           0.0641504610893               
12231          0.0712852253455               
11230          0.0218265631643               
10692          0.0136688179036               
7285           0.0259618800689               
11041          0.0208651098686               
9201           0.034476156778                
1194           0.126460330499                
12184          0.131504945403                
9633           0.0232967660174               
1565           0.0446005338723               
2246           0.0236876948896               
8350           0.108220557021                
8970           0.0305866958385               
9833           0.0573757192155               
3529           0.166966090352                
3718           0.0342098300826               
10191          0.0443410364036               
557            0.0320023662499               
8638           0.0661774986437               
9310           0.0370551816615               
2104           0.0851947314754               
481            0.0261159954257               
10447          0.327229442154                
722            0.0443410364036               
5435           0.115990813148                
10183          0.0270750658264               
10285          0.0094646444166               
919            0.089561812153                
9640           0.0930251882214               
2267           0.0331889256565               
7231           0.0395302430274               
1195           0.106239001862                
5668           0.212478003723                
3473           0.0851947314754               
2558           0.0514244292664               
9243           0.0221213342177               
4121           0.0336907972244               
1093           0.0451332282575               
960            0.0601936819363               
10246          0.0471602658119               
8862           0.0506252851649               
5684           0.108092521043                
2180           0.115990813148                
5999           0.0263501424678               
11272          0.0431061907031               
9278           0.00440708414681              
4749           0.0573757192155               
2053           0.104535985027                
7520           0.0286378399106               
3121           0.0481193362126               
2763           0.0822261322059               
2437           0.106239001862                
9444           0.0397188197662               
7393           0.0306910277424               
8631           0.049866115365                
10690          0.0673024748735               
4547           0.0794376395325               
7664           0.0632301652493               
11458          0.032452922886                
1427           0.0766996338367               
1841           0.0435881433175               
532            0.026910953609                
5979           0.128300922179                
11460          0.0428708335504               
7453           0.0334376729249               
10393          0.0360308403476               
6436           0.0562074327359               
1503           0.0192055496374               
380            0.059316259486                
5436           0.0685175417669               
10391          0.0424107913063               
7061           0.0462582044873               
7349           0.0401031499718               
7452           0.06516811102                 
7919           0.0372747410168               
11064          0.0246410271567               
9405           0.0531759155172               
1335           0.0443410364036               
8717           0.07903967696                 
673            0.0615417342747               
1796           0.0477928670222               
2089           0.0404974638886               
8400           0.0766996338367               
9117           0.0615417342747               
4068           0.0673024748735               
6914           0.0342098300826               
6242           0.0485872765222               
8190           0.0465935320348               
8279           0.03258405551                 
12129          0.0186271851224               
11209          0.0431061907031               
9088           0.0673024748735               
7430           0.0481193362126               
4952           0.0492820543133               
6620           0.0563747097152               
8347           0.036484015262                
2647           0.0474732713807               
11952          0.040698529507                
351            0.0851947314754               
9309           0.00931026784279              
3792           0.0615417342747               
9357           0.0411088310316               
11030          0.120044888256                
4173           0.0822176620632               
4852           0.0252139341011               
6618           0.07903967696                 
11890          0.0406534946803               
7510           0.106239001862                
5989           0.0527080300562               
9551           0.0375972010195               
2436           0.142363211221                
3142           0.0343424093731               
3567           0.0433452544196               
8288           0.0438349818011               
9546           0.0369719452824               
8131           0.0996991123091               
11155          0.0415305312669               
11011          0.0443410364036               
7436           0.0424107913063               
5299           0.049866115365                
1706           0.045406753356                
4998           0.133801601617                
9621           0.0818073605386               
627            0.0404974638886               
8432           0.0957168666685               
6331           0.0851947314754               
6028           0.0766996338367               
6913           0.0252870919886               
9065           0.0607630901524               
2362           0.0263501424678               
11045          0.0397188197662               
366            0.03258405551                 
1739           0.0263501424678               
3098           0.0250686676121               
4849           0.0908135067121               
9783           0.0623624872514               
8362           0.0531612049705               
697            0.110606671088                
9021           0.0818073605386               
461            0.0567803396804               
1644           0.0321169345843               
10780          0.0661774986437               
2825           0.0357360692942               
3528           0.232791143557                
9023           0.153058797245                
466            0.0661774986437               
