46
2308           0.278667415232                
9309           0.0488421056186               
5683           0.0456437827992               
3719           0.168268177077                
9640           0.0813357564827               
6933           0.055601641026                
8842           0.0783648930241               
4547           0.104183403895                
2436           0.0933555177473               
10877          0.192205366759                
1762           0.131783213434                
10242          0.109500371355                
8638           0.173585144536                
330            0.0839429637693               
5979           0.168268177077                
26             0.0933555177473               
5092           0.153817966808                
7453           0.0438539035668               
5299           0.39240000093                 
1706           0.119102988263                
8331           0.244007269448                
7721           0.126218157269                
10972          0.0640847731818               
1154           0.113695627783                
8158           0.147433425794                
8186           0.150497868868                
9243           0.0580247829884               
7624           0.0730154077116               
1837           0.223467796154                
5788           0.157440290929                
12132          0.0816171577129               
2978           0.19117808894                 
57             0.144588065023                
1796           0.125361820859                
8911           0.0399992096666               
9773           0.168268177077                
1739           0.0691170470714               
5782           0.207322942547                
8190           0.0611079684068               
5684           0.0945097466313               
2267           0.0870553371639               
9278           0.00385329532589              
11124          0.11768076178                 
9117           0.161425424926                
5186           0.201184954075                
3528           0.203538892269                
