31
8306           0.20359912738                 
9539           0.130314056818                
7440           0.184868825391                
5348           0.159246475329                
2009           0.206030849661                
8677           0.332714526951                
8842           0.136381415133                
11124          0.204804322525                
454            0.177113252447                
7237           0.0404287336085               
8911           0.208836455001                
5177           0.202414534874                
2021           0.0920699499924               
7918           0.15038800949                 
12051          0.141065425681                
10866          0.347309533791                
2075           0.170138960644                
3321           0.123220679074                
11029          0.0861200223582               
4267           0.173152347322                
8399           0.256584019601                
660            0.0883484128913               
3391           0.158619349111                
1503           0.0876723394885               
11204          0.193603065967                
10948          0.162470171649                
8733           0.227636234203                
11598          0.108738318041                
12223          0.105183847946                
2687           0.135481441781                
8528           0.184868825391                
