45
9309           0.0340402530199               
9633           0.0851777653626               
1186           0.160032565034                
9790           0.119569317235                
5348           0.127545334766                
11140          0.177154058808                
10081          0.136269456811                
8911           0.111508969599                
7198           0.183312403638                
2021           0.221224851025                
2075           0.408808370432                
4359           0.125078170837                
9310           0.0451604536967               
722            0.162119943682                
8524           0.090608962268                
9278           0.0107421370305               
2430           0.117007229306                
1562           0.2034874491                  
7171           0.0866070816773               
660            0.0707609250062               
11598          0.0870918188157               
11292          0.0526590229423               
11846          0.191102524659                
4753           0.0927235818214               
5407           0.0758878335971               
3532           0.149547194867                
4029           0.0608233811928               
4297           0.0866070816773               
4182           0.15106789409                 
10866          0.0927235818214               
8064           0.0817576661242               
665            0.157605093971                
117            0.157605093971                
8842           0.109232014166                
7755           0.23454727229                 
8411           0.138069681093                
4686           0.133393059326                
4267           0.138682969648                
5456           0.106403272088                
2880           0.140438874602                
247            0.17242762591                 
133            0.186538141656                
11204          0.155062570832                
367            0.0628306281592               
8987           0.272538913622                
