107
3348           0.123511353086                
11772          0.0574285623805               
9790           0.0529832588491               
8293           0.0393588211669               
7527           0.0433361697474               
7454           0.019476762627                
4924           0.092956050784                
6717           0.0997055314476               
8414           0.0524090554056               
5365           0.092956050784                
5067           0.12426327993                 
2042           0.115491241207                
11835          0.0439991190603               
5523           0.0698375777574               
3291           0.111007237542                
6428           0.118082470389                
11731          0.0813968142707               
2522           0.0554243283736               
3851           0.145101664478                
4556           0.101035256921                
8805           0.2629968495                  
6046           0.109038672765                
578            0.0567421755899               
1503           0.0311154626353               
1154           0.0702248917515               
279            0.0690807817279               
8602           0.0531776782832               
5778           0.107216066461                
4640           0.096099975817                
7756           0.084680876038                
10944          0.0479250517398               
9257           0.0731216395247               
268            0.132538454676                
7154           0.0293497735756               
1533           0.149680849548                
4428           0.0279111219438               
478            0.042690622704                
6930           0.0807895258769               
3468           0.0687109412197               
3942           0.133881659968                
2147           0.145101664478                
3463           0.118082470389                
10849          0.0531776782832               
2976           0.111007237542                
132            0.0554243283736               
11630          0.0833141949902               
8168           0.12426327993                 
4249           0.19001346453                 
4174           0.282473612127                
4952           0.0399216358952               
503            0.138026431631                
9602           0.0690807817279               
10213          0.0669408299842               
9640           0.0502375931766               
10830          0.0826583179793               
7961           0.0759088373157               
8905           0.158105524697                
11807          0.0801968723722               
4173           0.0666015979806               
69             0.0535711895636               
285            0.107216066461                
8296           0.0662669815219               
2629           0.109038672765                
3596           0.077430596684                
12218          0.0314278838036               
2317           0.194916795624                
698            0.0910632763                  
5664           0.07142483365                 
7958           0.0706184030319               
2362           0.042690622704                
11262          0.0441338806596               
3543           0.0754218128796               
3633           0.159236329917                
1794           0.0421861141345               
6068           0.0687109412197               
402            0.092956050784                
8554           0.0583745994113               
10148          0.0706184030319               
11042          0.105519260587                
7237           0.0286968217645               
4906           0.050411402595                
9424           0.0687109412197               
6042           0.0317605863207               
8136           0.07696855634                 
7802           0.171273534673                
6457           0.098444027739                
9243           0.035839408988                
8218           0.0589967556727               
1307           0.0813968142707               
6913           0.0409683440871               
8842           0.0484026187906               
1739           0.042690622704                
9772           0.0596107354742               
7540           0.155073645099                
373            0.150843625759                
5999           0.042690622704                
9237           0.0421861141345               
3702           0.0435992089428               
502            0.206132823659                
9278           0.00714004361708              
11124          0.0726863373586               
11292          0.0233341354439               
1906           0.0939600240732               
8291           0.067383591085                
104            0.0601231275561               
2175           0.0801968723722               
6063           0.0364250064231               
