106
2351           0.0734953259279               
5093           0.0519579128049               
1556           0.0782583925595               
7454           0.0338081296336               
5923           0.0676617969869               
6933           0.0298063846648               
9840           0.070117986654                
5787           0.0199023932985               
4786           0.075408124574                
2763           0.0770801414737               
11533          0.111139658136                
10877          0.0515177878796               
11458          0.0228164315302               
10242          0.0586998895952               
4370           0.119794433572                
8539           0.0609488416866               
1841           0.0612903738148               
2180           0.0815487854702               
11455          0.0619902825059               
5092           0.0824572333196               
7453           0.0470175446137               
6962           0.0440574668398               
5205           0.028140302936                
8331           0.21800838968                 
6436           0.07903467093                 
5604           0.0446807316331               
10391          0.0596348698316               
4408           0.0356601770664               
3710           0.0824572333196               
5352           0.0915811551713               
2548           0.0177825963296               
6073           0.0865353651664               
12024          0.149385306237                
11872          0.075408124574                
320            0.0824572333196               
3719           0.0902035609066               
2971           0.0572272158743               
1622           0.119794433572                
9118           0.127695133359                
8925           0.0634629562268               
7057           0.0889095100074               
4547           0.223398486439                
10692          0.0192200652552               
4109           0.104998997239                
11104          0.0843990534557               
9177           0.100235930608                
3415           0.0658819913108               
9640           0.043601677936                
1565           0.0627139213859               
90             0.0638475666796               
5241           0.0734953259279               
2781           0.0676617969869               
2129           0.0663132242123               
3718           0.0481032940226               
2444           0.0940354114315               
10191          0.0623490355327               
8956           0.0391413866309               
8392           0.0963442218029               
9583           0.0623490355327               
2436           0.100090228318                
3567           0.0609488416866               
6858           0.075408124574                
557            0.0449993241539               
3142           0.0482897170646               
9310           0.0347361424912               
3796           0.0442115852178               
9546           0.0259935864956               
8131           0.0350473511679               
367            0.0241637702226               
10183          0.0380709243216               
1306           0.0915811551713               
10285          0.03992541665                 
1292           0.102484882699                
5299           0.210353959962                
159            0.0548081807904               
7237           0.0124531202755               
498            0.0663132242123               
11041          0.0293389505998               
11967          0.0225905532041               
77             0.0431554184216               
2558           0.0723091706381               
959            0.0889095100074               
5746           0.0865353651664               
1093           0.0634629562268               
3528           0.218222282842                
7487           0.503740377873                
960            0.0282132784007               
665            0.0606126882413               
117            0.0606126882413               
9773           0.0902035609066               
2925           0.0506638619057               
6146           0.125935094468                
8347           0.0513010824384               
8721           0.0434518857239               
10241          0.251870188936                
9772           0.103473431959                
3098           0.0352496778261               
5684           0.101327723811                
5109           0.0760858101474               
6028           0.107849265225                
9278           0.0103281846175               
8057           0.0345497691349               
10998          0.0170335614887               
2078           0.0535740045521               
11618          0.0982015059765               
10924          0.0335881063891               
