53
11692          0.0881594705191               
6394           0.0441506569627               
6913           0.0430031153757               
9353           0.0928661808165               
11100          0.237503345086                
11751          0.180669570725                
8631           0.084802092441                
9534           0.0949726280343               
9918           0.151694936278                
4565           0.180669570725                
4006           0.0419044204163               
441            0.0490143004789               
7518           0.071340363153                
10998          0.0618021876367               
1714           0.308874085528                
7970           0.0867637016831               
199            0.0812763355953               
4591           0.107528935817                
11018          0.0796789951329               
2686           0.1137283033                  
367            0.0292241459563               
4084           0.152592887085                
4451           0.145023622169                
2198           0.0955861083594               
692            0.210796723614                
10972          0.0415483398054               
413            0.0807328326788               
6918           0.0912000908195               
940            0.0511463092505               
3878           0.0754061679058               
7348           0.104657597664                
6370           0.112541157786                
1035           0.0796789951329               
1283           0.180669570725                
3262           0.0997254236192               
536            0.180669570725                
12051          0.0525515777867               
6460           0.0955861083594               
6202           0.130435053768                
12108          0.060280861942                
12229          0.0955861083594               
5889           0.218187973601                
9304           0.09374136412                 
4873           0.0854395429762               
6161           0.084802092441                
9569           0.0928661808165               
9278           0.00249822252029              
9550           0.521819016008                
6518           0.0854395429762               
5689           0.09374136412                 
4839           0.130435053768                
2608           0.0829790692252               
10106          0.0562319053149               
