126
10924          0.026371639682                
5683           0.0192112195673               
8121           0.0883259400187               
3801           0.11200986169                 
12058          0.0659667132708               
9353           0.482305322361                
9309           0.0205573762213               
11113          0.0456159878124               
3802           0.0481220237752               
9633           0.0771600331774               
1900           0.0846776513547               
6235           0.0257200110591               
4039           0.0719047747992               
7277           0.0824397687113               
7518           0.115784335271                
3826           0.151288975532                
966            0.0824397687113               
5689           0.060856329025                
2805           0.0376231100168               
2657           0.0396151316505               
6714           0.0353311362294               
9875           0.0510698150164               
6858           0.0592065497032               
12066          0.0426381889984               
11029          0.0208278188645               
1010           0.0371951916655               
10279          0.0644672354567               
10882          0.0383615212959               
692            0.136847963437                
6544           0.276528659255                
3868           0.0285779110775               
10972          0.0269729319748               
413            0.0524112687578               
9625           0.147654442849                
8580           0.372323555251                
4408           0.0279985221464               
4887           0.0746732411264               
1714           0.100259598058                
4333           0.0430325418971               
4661           0.0563264725942               
1287           0.0767230425918               
4237           0.0990623832976               
4222           0.0453848224243               
3730           0.0465739185262               
4014           0.0389766077579               
10613          0.0798875088658               
9550           0.0483945375019               
10120          0.0670834462406               
12229          0.0620539258751               
6263           0.0481220237752               
5792           0.0377682124377               
11730          0.0689430007434               
6264           0.133260933281                
7845           0.050129799029                
12129          0.0205647173085               
6395           0.0463137341082               
6262           0.0846776513547               
8741           0.0430325418971               
8296           0.0451568022413               
10692          0.0301811974574               
6261           0.0881220757454               
6620           0.0311193011993               
2979           0.117289597224                
6422           0.0422529024916               
61             0.0620539258751               
3419           0.0592065497032               
110            0.0371951916655               
11905          0.0940563782154               
11100          0.0513952470849               
8997           0.0257911756031               
9534           0.0924834872142               
691            0.0647411444126               
3836           0.0698071375343               
11890          0.0224410618193               
12218          0.0321242050232               
1951           0.0241614658765               
1585           0.060856329025                
2133           0.0392928289304               
7970           0.0563264725942               
9310           0.0340912726335               
8343           0.0957077409114               
2045           0.0670834462406               
2686           0.0369158647841               
3869           0.0903166652487               
12109          0.0309244242951               
1393           0.0624351921109               
4451           0.0470742310503               
2198           0.0620539258751               
4423           0.0352055983771               
4906           0.0343522171285               
10984          0.0787000557446               
10361          0.0730610418506               
7659           0.105672987719                
12057          0.0647411444126               
12035          0.0453848224243               
4099           0.0572325973165               
805            0.0602881652952               
9893           0.0581905280303               
10998          0.0133738693357               
9642           0.0597386332793               
199            0.211056430312                
9203           0.0475899401991               
3531           0.0988777067741               
8059           0.0355850687377               
6913           0.0279173635136               
9918           0.0492397195209               
3427           0.0230354228638               
2156           0.0483945375019               
4146           0.0544081947258               
11968          0.0473301020497               
12227          0.0468222078811               
3098           0.0553524388526               
8987           0.0411474980739               
3776           0.060856329025                
6329           0.0484525970978               
9578           0.12057633059                 
11965          0.0305413396178               
1644           0.0354576215462               
10923          0.0630319755287               
9278           0.00810915507256              
1262           0.117289597224                
11292          0.0159007535203               
8849           0.0475899401991               
11018          0.0517271237698               
5645           0.0698071375343               
4952           0.0272040973629               
