75
2579           0.0694347823801               
7454           0.0465252519124               
9309           0.0360316092555               
4926           0.164855798296                
6933           0.0410182275731               
4547           0.0768577777821               
5787           0.0273887929297               
7526           0.0957854177609               
6900           0.205577447792                
6538           0.0829570721825               
10877          0.283585999586                
11458          0.031398963391                
2887           0.068315619937                
1841           0.0843451002006               
10169          0.158301076775                
2180           0.112223829838                
556            0.144494973548                
4251           0.144494973548                
10493          0.148417386219                
11029          0.0365056232318               
7453           0.0647034642604               
5205           0.0387254396259               
8331           0.120005399397                
4076           0.173629992878                
5984           0.06619762455                 
10391          0.082066868879                
4408           0.049073957632                
7186           0.06619762455                 
11065          0.116146242509                
4479           0.0711977790597               
1796           0.0924814376355               
8911           0.0295080622546               
5782           0.152945479335                
80             0.191245004217                
12127          0.218257038215                
9118           0.0878641958594               
2165           0.0979622994908               
9917           0.137940252027                
11591          0.111776567421                
4885           0.0718097691306               
7183           0.0528744000475               
4952           0.0476815424194               
8188           0.066974087226                
9640           0.0600026996987               
2632           0.0708964998966               
4173           0.159095029455                
7061           0.089511793704                
8956           0.161593932549                
3437           0.106664948121                
3567           0.0838750987995               
3142           0.0664541716907               
8638           0.12805656147                 
10191          0.0858019836085               
8131           0.0482306137495               
10285          0.0183145305334               
5299           0.192986540695                
2267           0.0642221266378               
5746           0.119086140148                
2925           0.0697213647595               
6102           0.0659432986246               
960            0.0388258652311               
8842           0.0578110457981               
3383           0.137940252027                
2652           0.0772272727281               
1093           0.174669823948                
9517           0.0597965622851               
5608           0.12805656147                 
3776           0.213329896242                
11952          0.0787535620473               
4938           0.1302334432                  
10859          0.205577447792                
9278           0.0085279143745               
6981           0.0834124993036               
3528           0.225230886598                
1722           0.0595918613808               
