167
9766           0.0476056848911               
10557          0.0607292842162               
5093           0.038266707807                
3624           0.0430091431286               
2816           0.0403659139968               
8911           0.047376585896                
4241           0.0654813493662               
5021           0.0456554911363               
11090          0.0532552936636               
6914           0.0354278029572               
10877          0.189712791491                
10242          0.0864642708754               
10183          0.0280390196278               
2638           0.0258865048273               
4529           0.0273699529441               
11279          0.0685336166968               
8014           0.0738231938363               
1690           0.0467401069711               
8331           0.417461047455                
10972          0.0506029625182               
2106           0.0621594237225               
4408           0.0262635179605               
1882           0.0479051357393               
2548           0.013096781242                
7154           0.0375213566167               
1533           0.0318925148327               
8379           0.0371602728233               
2267           0.0687411025238               
5216           0.0512626688596               
2105           0.0520296841106               
6145           0.0180207443633               
9118           0.0470233703861               
4578           0.0485217125772               
10692          0.0424664068347               
11965          0.0286487628667               
12184          0.045395639035                
4910           0.0754795342839               
6567           0.0545845945034               
3642           0.0277847710532               
11030          0.124318847445                
4677           0.031783720667                
3567           0.0448884758853               
3580           0.0401798681071               
9310           0.0511659434837               
4849           0.0470233703861               
3796           0.0325615815163               
6040           0.0284721239948               
1739           0.0272882868166               
8892           0.0520296841106               
5435           0.0600602175326               
8672           0.0637328051692               
10285          0.0588096853987               
1292           0.226438602852                
7237           0.0183433047689               
7231           0.0409376386097               
1208           0.0685336166968               
2310           0.05941846744                 
2558           0.0532552936636               
6772           0.0273699529441               
1093           0.0467401069711               
3668           0.0545845945034               
10330          0.0327910847777               
7487           0.278251446363                
8842           0.0309394536919               
9773           0.0664344105069               
2059           0.022304203632                
115            0.0430091431286               
3036           0.0528360503063               
10107          0.0541288903005               
5684           0.0746272933325               
3776           0.057085201926                
2084           0.0357036116842               
9946           0.0582085864468               
11288          0.0927504821211               
9278           0.00152132986719              
2353           0.0153667630977               
2351           0.0541288903005               
2763           0.0851536298976               
8121           0.0276175280482               
1602           0.0281246911979               
9640           0.0321123882658               
4547           0.287930504735                
7664           0.0654813493662               
11086          0.0421475196029               
7518           0.021721889127                
3885           0.0709569723954               
11458          0.0336083445785               
1841           0.0451400123588               
10539          0.0664344105069               
2180           0.120120435065                
7453           0.0519422320222               
10279          0.030236174385                
9538           0.0401798681071               
11193          0.0576368618339               
6962           0.0324480742058               
5205           0.0414503467103               
10718          0.0337441459184               
1503           0.0198893249862               
6216           0.048839313161                
10391          0.0878414861475               
3938           0.067449000862                
5989           0.0545845945034               
6022           0.051641499099                
12132          0.0322234890406               
10780          0.0685336166968               
1959           0.0505313419196               
11124          0.046461857332                
1341           0.0391075870664               
4743           0.048839313161                
9499           0.0794303715596               
9764           0.0621594237225               
5654           0.0927504821211               
8190           0.0241262009782               
4750           0.220042859916                
12129          0.0385807379089               
7057           0.0654813493662               
1380           0.0754795342839               
7183           0.0282974478177               
11550          0.057085201926                
3523           0.0494944368777               
8188           0.0358433521083               
2647           0.0491634626698               
4334           0.0794303715596               
3415           0.0970434251544               
9309           0.00964174138883              
10583          0.0818537272582               
9357           0.0425724290962               
12218          0.0100445139114               
3079           0.0508927531054               
8913           0.0432321354377               
4772           0.040554188034                
11890          0.0421008814009               
7198           0.0259611876006               
2436           0.0737158849268               
10375          0.05941846744                 
7436           0.0439207430738               
10191          0.0459197107038               
9546           0.0574323866522               
8131           0.0516243503309               
11715          0.051641499099                
9019           0.0565522459992               
7364           0.0432321354377               
1306           0.067449000862                
5987           0.040554188034                
7721           0.249162646767                
8900           0.0582085864468               
4998           0.0461884470632               
6436           0.0582085864468               
5746           0.0637328051692               
2925           0.0373136466662               
8594           0.0782151741327               
6105           0.0417337932466               
3528           0.160719472428                
717            0.0685336166968               
9772           0.0381037976009               
3098           0.0259611876006               
2092           0.0560367672216               
441            0.0298479893734               
4182           0.0427892696955               
461            0.0588018906021               
6389           0.0637328051692               
11217          0.0441571489453               
2338           0.0508927531054               
367            0.0177964795871               
6063           0.0465664803937               
6072           0.0536860245583               
8399           0.0582085864468               
