199
9766           0.0788692190106               
673            0.0527936587883               
5683           0.0149276503129               
7454           0.0206257274897               
6933           0.0181843353718               
5787           0.0121420896399               
11728          0.0306562346835               
4387           0.0201517617007               
4006           0.0211383379951               
10877          0.251440553546                
3872           0.0712540432226               
10242          0.0716234787071               
2780           0.115471035581                
3624           0.0356270216113               
3909           0.0482176211021               
10244          0.0911372693733               
9986           0.102980667421                
3210           0.0678042922472               
7453           0.0573691045881               
12109          0.0240291351826               
10758          0.05212569789                 
10882          0.0298079657759               
8331           0.345807720816                
6052           0.0224702522883               
6243           0.0768307199496               
4408           0.0217556280805               
4887           0.0290115894871               
1882           0.0396826623858               
10385          0.023805249167                
8017           0.0404564968957               
4407           0.140357106589                
1287           0.0298079657759               
6306           0.11755572909                 
6389           0.0527936587883               
2518           0.0514903337107               
2267           0.0284711641183               
8911           0.0261632221555               
3945           0.0444713151211               
2590           0.055872003871                
6145           0.0149276503129               
9785           0.0550315585638               
9004           0.0452156538483               
3038           0.0625241705258               
291            0.0611521255923               
2538           0.0326845297389               
9118           0.0779044877956               
2880           0.0659020254367               
2882           0.0448381670559               
2881           0.0838568263703               
6701           0.0415654544473               
4547           0.340728424853                
9598           0.0387176000274               
320            0.0503056644198               
10692          0.0469032546414               
2233           0.0412792367174               
6422           0.0328316768693               
10603          0.0701785532947               
120            0.0657968831345               
3688           0.0373921468519               
3718           0.0586938966824               
4677           0.0526566781255               
3567           0.037183784287                
3580           0.0665667309442               
5193           0.0730844139685               
9310           0.0105959456621               
1739           0.0226045048431               
7237           0.0227922693137               
26             0.0305316176322               
10285          0.00811925783001              
5230           0.0404564968957               
5984           0.0293469483412               
4423           0.0273557261572               
5820           0.0678042922472               
7360           0.0768307199496               
5738           0.0352652655023               
6648           0.0210781883155               
2153           0.0361892261459               
4121           0.0289016953118               
1093           0.0387176000274               
5591           0.0307820557829               
6043           0.0452156538483               
1500           0.0460051308615               
10959          0.0542420815506               
10241          0.0768307199496               
8488           0.0640579862662               
5684           0.0618182088492               
3776           0.0945741102826               
532            0.0230855974282               
9278           0.00882145369091              
4749           0.0984396744322               
8010           0.0376038975741               
2353           0.0127292003782               
690            0.106995485647                
626            0.0497514368425               
3405           0.0678042922472               
3415           0.0803868190275               
2763           0.0235125990426               
5530           0.0701785532947               
2579           0.0307820557829               
3801           0.0290115894871               
1241           0.055872003871                
5320           0.0323951315517               
10075          0.0292341997366               
667            0.0611521255923               
6951           0.043767231086                
11029          0.0323675855873               
3740           0.0213204721876               
7525           0.0468455761686               
441            0.0247248581373               
7518           0.0179935278193               
2398           0.0911372693733               
1841           0.0373921468519               
11862          0.0667517919156               
2180           0.0497514368425               
11455          0.0378191484663               
10690          0.0577355177905               
3765           0.0497514368425               
3857           0.0345705737376               
9724           0.146168827937                
6197           0.0210183151871               
11120          0.111744007742                
6279           0.0384871093646               
7488           0.0911372693733               
11938          0.0911372693733               
10718          0.0559045509135               
10816          0.0301647656974               
4753           0.0435112561611               
7061           0.0793653247716               
7452           0.0279522754568               
12132          0.0266926252636               
7366           0.0527936587883               
1341           0.0323951315517               
1796           0.0409991746873               
6163           0.025210220496                
3256           0.0657968831345               
3276           0.055872003871                
12108          0.0304081818029               
1612           0.0243337662078               
8451           0.0281573565847               
6242           0.0416806599359               
4982           0.0174373273032               
9142           0.0821108416709               
6567           0.0452156538483               
6620           0.0241805599409               
8347           0.031297861129                
6247           0.0497514368425               
313            0.033437478306                
3658           0.0421574828711               
9640           0.106402375636                
4972           0.140536728506                
4151           0.0514903337107               
3586           0.0611521255923               
11062          0.0919687040504               
7179           0.109733948551                
11837          0.0415654544473               
11895          0.0768307199496               
10956          0.0701785532947               
8997           0.0200404586087               
2436           0.0915948528966               
9309           0.0479209540822               
9546           0.0475746488212               
8131           0.0641452623018               
938            0.0253761129621               
4333           0.033437478306                
2816           0.100312434918                
7198           0.0215051899298               
5299           0.21388856771                 
10717          0.0264184597164               
9438           0.0768307199496               
5987           0.0335934368465               
7721           0.0412792367174               
11151          0.0577355177905               
9431           0.0821108416709               
5818           0.0391911933998               
2548           0.0108488399071               
2925           0.0309091044246               
6028           0.0657968831345               
717            0.0567704554321               
210            0.0216925655724               
9772           0.0315636332614               
1986           0.0768307199496               
1404           0.0611521255923               
1824           0.0534977428235               
269            0.0527936587883               
3968           0.043767231086                
6329           0.0564735172351               
9237           0.0223373696813               
8031           0.0911372693733               
8043           0.0678042922472               
1794           0.0223373696813               
2661           0.062595722258                
8784           0.0444713151211               
8057           0.0210781883155               
10998          0.0207837346374               
7450           0.115471035581                
3528           0.16641682736                 
2652           0.0342366481983               
466            0.0567704554321               
3706           0.0299258161955               
