164
9766           0.0451008400345               
320            0.0575339214027               
5683           0.0682902229589               
8004           0.056900058671                
7454           0.023589371057                
6933           0.0207971832618               
4802           0.0851057538484               
5787           0.0138867469313               
4241           0.186107848449                
4387           0.0691419080049               
2763           0.0268910477755               
8923           0.0540815779941               
10877          0.0718923068209               
9235           0.0508612534665               
7453           0.0328061421351               
8331           0.152113732805                
8232           0.0575339214027               
2495           0.0802622809177               
2258           0.0267264767509               
3064           0.036726097374                
4408           0.0497632467631               
8435           0.104232486609                
9596           0.0364092018831               
2548           0.0248153487178               
6389           0.0603794075741               
5827           0.0221782671571               
8911           0.0299225302855               
3146           0.0732622695588               
2277           0.104232486609                
7128           0.0387836430575               
6145           0.0170725557397               
9118           0.0445491648848               
2882           0.153842451481                
2881           0.0319686468255               
4578           0.0459686695433               
6042           0.0384669808867               
771            0.0496691353039               
10692          0.0536426304511               
6261           0.0391560006066               
4853           0.0482149542008               
6422           0.0375491535259               
1697           0.104232486609                
9917           0.0699388752344               
285            0.0649276171679               
5407           0.0203638864862               
3688           0.0855298051569               
3529           0.109208422969                
3548           0.0878702757209               
6506           0.104232486609                
1953           0.0540815779941               
9625           0.0262434011222               
9310           0.0181776638458               
9047           0.0462695590938               
4132           0.160524561835                
4393           0.052157159688                
4391           0.050453186127                
10285          0.00928588752833              
3875           0.0660313461917               
7237           0.0173781441435               
6687           0.0639000700299               
8352           0.03564526386                 
2558           0.050453186127                
9243           0.0217035329042               
5317           0.0324414968951               
1920           0.155093740075                
6648           0.0241068445043               
2153           0.0413891381163               
1230           0.0699388752344               
1093           0.0442808058013               
5591           0.0704100581297               
6102           0.0334347666275               
8842           0.0293115277074               
2059           0.0211306343434               
4479           0.0360989088643               
5684           0.0353503329119               
8250           0.0603794075741               
137            0.0492920638677               
4749           0.0562920752267               
7624           0.0273106114692               
10924          0.0234358514742               
4587           0.0732622695588               
9095           0.402737449819                
8121           0.0261643901879               
11882          0.0403324165788               
9640           0.0608454931218               
11878          0.0411717105149               
4547           0.233811949106                
10125          0.059615469551                
7525           0.0535766643466               
6848           0.029214501135                
9768           0.0939090809254               
11299          0.0530883082618               
1690           0.0442808058013               
1841           0.0427649025785               
6197           0.0240383684012               
1740           0.0939090809254               
11029          0.0370183784799               
10279          0.0286452525011               
9538           0.038065743792                
1503           0.0188428181771               
1509           0.0500560018908               
10394          0.0472105157194               
10718          0.0639372936509               
10391          0.0832195739688               
210            0.0248094996271               
4753           0.0248816233815               
1922           0.0835856752421               
10862          0.104232486609                
7366           0.0603794075741               
11872          0.0526154581921               
673            0.0603794075741               
1631           0.0629388638754               
3599           0.050453186127                
9764           0.117777623927                
8451           0.0322031953923               
80             0.0323218695356               
5091           0.0530883082618               
6242           0.143008854396                
4430           0.0393457296206               
4885           0.0364092018831               
6247           0.056900058671                
3415           0.0919373390867               
4190           0.0672234643543               
3567           0.0425266010757               
1951           0.0214717223695               
12156          0.0465766529876               
4972           0.214306657386                
11833          0.160524561835                
7821           0.0386008981122               
6738           0.116391929785                
4772           0.0768407366235               
11890          0.0199428400381               
2174           0.0496691353039               
7198           0.0245952005891               
2436           0.104755818817                
9309           0.0365377065387               
2184           0.208464973217                
10191          0.08700715184                 
2362           0.0258524724798               
8              0.0925391181876               
6441           0.0551458539453               
9546           0.0181368316909               
8131           0.0244540286678               
6395           0.0205789591938               
9278           0.0057651312138               
4316           0.16653462208                 
6639           0.0499081962091               
4792           0.104232486609                
5299           0.0489243037956               
8865           0.044822448262                
2888           0.0382420005968               
7346           0.0411717105149               
5818           0.044822448262                
12179          0.0459686695433               
3808           0.0418337540047               
490            0.0413891381163               
3098           0.0245952005891               
269            0.0603794075741               
7626           0.0878702757209               
6133           0.0312863813011               
7951           0.033957400118                
6981           0.0422920525088               
3528           0.152262975168                
6063           0.022058157424                
