219
422            0.0924029888662               
1186           0.0761394604543               
4809           0.016534500205                
7454           0.0313682681196               
8345           0.0466440526913               
11969          0.0620014097319               
4802           0.0754469770527               
7765           0.151327162738                
7806           0.0433718128195               
5093           0.0321388131092               
2021           0.192964214001                
5415           0.0274433094558               
2108           0.0310819901849               
9546           0.0803922803403               
4574           0.0324167862828               
10114          0.0649476271613               
5818           0.0397354828851               
8790           0.0289743553712               
5996           0.0253942607919               
578            0.0304620059586               
10624          0.0450889352322               
1154           0.0377001947624               
2504           0.0633925097021               
3018           0.0633925097021               
7439           0.0301035249865               
10972          0.0212497918994               
4275           0.030955642445                
3381           0.0470632383132               
10105          0.0976739961934               
4887           0.0294145040641               
6798           0.0490327618188               
10385          0.0241358577985               
5290           0.0325579987311               
7393           0.0266939885078               
507            0.0381261426062               
10867          0.0430536471094               
7253           0.0924029888662               
4633           0.0288665732375               
8294           0.0290830246107               
1102           0.121848023835                
10537          0.108481444934                
8319           0.0295268727258               
6145           0.0151349663551               
6108           0.0308304923321               
4686           0.0951975827231               
1963           0.0924029888662               
9598           0.0392553122215               
2880           0.0334086382254               
9972           0.0438604058998               
5787           0.0123107196598               
11985          0.025477039985                
9602           0.148343919686                
6531           0.249753604894                
3419           0.0466440526913               
7171           0.0206027331657               
2781           0.0418525250651               
2246           0.0206027331657               
9835           0.0278345451337               
7828           0.0271573075571               
5370           0.0213102187236               
9352           0.0633925097021               
2181           0.0733836482843               
8956           0.0242110901277               
1951           0.0190348651136               
4677           0.0266939885078               
4645           0.0595941748142               
2064           0.0924029888662               
1953           0.0479437804072               
11230          0.0189839855205               
9310           0.0429724109916               
2278           0.0359371479972               
481            0.0227147845167               
3651           0.0294145040641               
2160           0.0295268727258               
9012           0.0404901590301               
70             0.0433718128195               
10285          0.0164640370735               
10620          0.107880097778                
11458          0.0423396354384               
7237           0.00770293654145              
7547           0.0279341926864               
8441           0.024987975257                
1238           0.0620014097319               
77             0.0533879770156               
5407           0.0722110365963               
207            0.0504423875792               
2118           0.0474961701498               
8244           0.0458436113772               
215            0.0410183589867               
960            0.0174514570114               
5522           0.0515912195035               
614            0.0454295690333               
5422           0.0493855646549               
115            0.0361218116795               
29             0.0976739961934               
12223          0.100204042224                
2265           0.0542407224671               
6759           0.0358230934015               
6547           0.0861072942188               
8093           0.0499034050675               
2070           0.0342200255846               
8250           0.0535268600735               
11179          0.136880102338                
9278           0.0191656425707               
7495           0.0633925097021               
7624           0.0242110901277               
119            0.172702004395                
10586          0.0184368804382               
9109           0.0381261426062               
6206           0.0407516178325               
6394           0.0225807403394               
10812          0.0718742959943               
6978           0.0924029888662               
7251           0.116375979517                
579            0.0238391433328               
9313           0.07885914401                 
9633           0.0202627168291               
1852           0.0427429683504               
6100           0.0575588866915               
11292          0.125269178621                
1158           0.0295268727258               
1746           0.0832512016312               
1529           0.104410868689                
5510           0.0430536471094               
11862          0.0169197111335               
14             0.0557958399263               
5979           0.0557958399263               
5293           0.0377001947624               
8524           0.0862189204798               
11102          0.0542407224671               
10146          0.0424394322685               
660            0.0673325288523               
11598          0.0207180460215               
1503           0.0334086382254               
5127           0.0287596638432               
7890           0.184805977732                
6806           0.0440321123078               
1554           0.025477039985                
11560          0.0620014097319               
6933           0.0368737608765               
2140           0.0415685735178               
4976           0.036499072718                
262            0.152918478251                
1612           0.0246717149135               
6242           0.0211297616358               
8422           0.0318665717517               
8279           0.0566809564425               
11041          0.0362954937659               
7099           0.0345460480269               
1190           0.0390216204915               
6554           0.0350506917987               
7183           0.0237659950124               
9595           0.0270633339358               
8095           0.0832512016312               
8911           0.0663164461193               
6620           0.0245163809094               
3398           0.0667106739264               
3642           0.0466708329688               
1731           0.0924029888662               
9309           0.04048873581                 
8381           0.0418525250651               
335            0.0440321123078               
9890           0.0345460480269               
4852           0.0219302029499               
4685           0.0832512016312               
12224          0.367090473989                
11890          0.0176794978798               
3661           0.0840432509627               
10097          0.0407516178325               
201            0.0295268727258               
9744           0.0687553124109               
6892           0.0504423875792               
9551           0.0327007378301               
5437           0.0607430067385               
5712           0.0595941748142               
8970           0.0532064884928               
10866          0.0220577714598               
5309           0.0949923402997               
8545           0.0842854356056               
8720           0.0281357727555               
8480           0.0450889352322               
9203           0.0749845309125               
2816           0.135607439498                
107            0.0740994143962               
2817           0.0470632383132               
4029           0.0144691157892               
1393           0.0245938194778               
7919           0.0324202733347               
5366           0.0515912195035               
2812           0.0495001452788               
6431           0.0488872701201               
945            0.0633925097021               
11967          0.0139734937042               
3165           0.0412906003442               
5632           0.0535268600735               
803            0.0740994143962               
3259           0.0232649990478               
8675           0.0247500726394               
2828           0.0474961701498               
5913           0.0649476271613               
8594           0.0328450369501               
8064           0.019449118326                
8912           0.0484070994565               
2603           0.0466440526913               
628            0.0293030836724               
6421           0.02180385521                 
663            0.0602070499729               
697            0.0384807342615               
8925           0.0392553122215               
8506           0.0667106739264               
5456           0.0253119973603               
9405           0.0231252809392               
28             0.0924029888662               
330            0.111338180535                
3445           0.0542407224671               
9357           0.0357550314814               
367            0.0597864581754               
2154           0.0620014097319               
8645           0.0924029888662               
