247
1186           0.0203406061204               
4809           0.0176687228441               
5683           0.0323463694056               
10747          0.0987415875899               
7527           0.0248609159665               
7454           0.0223466984642               
1664           0.0363964085126               
632            0.048579377352                
5190           0.0527732827463               
10202          0.0427249573673               
7802           0.147383247445                
4387           0.0218331858826               
10242          0.038799801908                
1139           0.0533266456309               
2805           0.0316734450545               
3565           0.0870941403738               
7318           0.0734617517942               
12255          0.0378263852792               
6494           0.0649098150821               
3772           0.0376395091035               
6192           0.026960970739                
2435           0.0727928170251               
1010           0.031313197101                
8369           0.0432676760076               
7159           0.0444200668545               
2659           0.0259527601468               
2086           0.0796907744217               
9410           0.038799801908                
956            0.0675349894858               
4275           0.0330791170003               
6798           0.0261981392881               
3871           0.0402863276281               
3427           0.0387852678877               
10385          0.0257915133061               
2548           0.011754046213                
8934           0.0636821763502               
1287           0.032295085027                
8803           0.0400641349259               
828            0.0712868483315               
8379           0.033350451228                
5827           0.021009930592                
7237           0.00823133745498              
8294           0.0310780425742               
12138          0.0423646869413               
1075           0.044723496721                
1102           0.0325516183668               
4294           0.0374550758237               
11659          0.054503072165                
11730          0.0580404529281               
7622           0.0557865879798               
6145           0.0161731847028               
9576           0.0615072728875               
7704           0.0374550758237               
977            0.0587679363593               
5233           0.0444200668545               
10692          0.012704192967                
7285           0.0482594378693               
822            0.107805201812                
6495           0.0662545411664               
10403          0.0533266456309               
11821          0.0681050672584               
9633           0.0216526851905               
7476           0.0410099680758               
2632           0.0681050672584               
4605           0.0889620121459               
9607           0.0717908931963               
9405           0.024711613568                
4956           0.0636821763502               
5370           0.0455440858457               
10425          0.0514231514536               
12256          0.0905242850713               
3642           0.0249361638515               
6027           0.0384023405545               
12218          0.0360588387391               
2075           0.0346404914105               
10920          0.0734617517942               
1003           0.0336271060722               
3576           0.0400641349259               
7190           0.0605338562587               
3796           0.0292232363693               
8786           0.0441230254622               
4393           0.0494095547303               
2506           0.0429937073023               
10285          0.00879671306481              
12109          0.0520681598792               
5162           0.0292232363693               
6042           0.0364405655676               
3679           0.1273643527                  
1727           0.0712868483315               
800            0.0649098150821               
959            0.0587679363593               
5317           0.0307325001201               
5250           0.0987415875899               
5610           0.0315523374869               
8575           0.0889620121459               
6441           0.0522408065347               
5452           0.0489883609153               
1164           0.0248609159665               
8166           0.0346404914105               
5591           0.033350451228                
8941           0.108682311275                
117            0.0400641349259               
4146           0.091608320811                
7555           0.0311951299267               
8678           0.0587679363593               
8862           0.0470525978386               
6680           0.0734810923661               
6775           0.385297058351                
8530           0.0615072728875               
5107           0.0987415875899               
1245           0.0649098150821               
9019           0.0507542808147               
8057           0.0228369117497               
8291           0.00966408548131              
2353           0.0275826006799               
9601           0.0444200668545               
10621          0.0533266456309               
3348           0.0531416145199               
2206           0.0599153934336               
1522           0.0275841800286               
1602           0.0252412340069               
8202           0.0889620121459               
1113           0.0460070125358               
2222           0.0667009024559               
1353           0.0316734450545               
11471          0.0502916510081               
1277           0.0734617517942               
3740           0.0692982339644               
9360           0.128981121907                
8950           0.0419481219995               
441            0.0267878526776               
11458          0.030162681045                
10132          0.0298504038424               
10181          0.0376395091035               
6235           0.0216526851905               
4678           0.0481819159985               
10279          0.0271362393904               
7866           0.0677410668864               
3151           0.0987415875899               
1503           0.0178501908762               
5205           0.0186003446868               
562            0.0294292100273               
4203           0.0711421775001               
5127           0.0307325001201               
1515           0.0216526851905               
11891          0.0968046271338               
8528           0.112918527311                
3896           0.0498437103699               
7232           0.0605338562587               
3957           0.0438321090732               
9310           0.0401801783573               
3532           0.0380157699347               
7919           0.011548072555                
5663           0.19748317518                 
2246           0.0220160257415               
8001           0.0810241511281               
9772           0.0341972420259               
11992          0.0310780425742               
12127          0.034943921277                
12017          0.152068233221                
8526           0.0481819159985               
4854           0.0463470035656               
11220          0.0963638319969               
2171           0.0512325959425               
3381           0.0502916510081               
5473           0.112949931445                
11066          0.0987415875899               
5987           0.0363964085126               
1566           0.0339092943786               
10033          0.143386036136                
12041          0.0299576967168               
1794           0.0242011567834               
11591          0.0178959249357               
3868           0.0481172819515               
234            0.048579377352                
8859           0.0169653275962               
10972          0.0227074709795               
1163           0.19748317518                 
8188           0.0321685465555               
230            0.0273137127367               
2573           0.0649098150821               
9261           0.0301747616904               
313            0.0362274370918               
3658           0.0456750220422               
4406           0.0380157699347               
9955           0.0305067521841               
11664          0.0293258473306               
5101           0.0527732827463               
10427          0.0522408065347               
6329           0.0407903724929               
5102           0.0498437103699               
2676           0.0424612310907               
3685           0.0987415875899               
1979           0.048579377352                
4742           0.0380157699347               
4041           0.0246375506946               
9416           0.0336271060722               
9309           0.00865323103168              
186            0.0517276974435               
2362           0.0244905811886               
697            0.0205602050281               
8720           0.0300658117669               
7738           0.0889620121459               
938            0.0274934469506               
9278           0.00955749879583              
8218           0.0507675249206               
10148          0.0405120755641               
10717          0.0286227651105               
6816           0.0677410668864               
3678           0.0494095547303               
7748           0.0694028612579               
8136           0.0220775027233               
10813          0.105123559743                
3878           0.0412118360785               
5350           0.0438321090732               
5819           0.0987415875899               
7346           0.0390028118133               
5867           0.16675225614                 
12179          0.0435470701869               
11784          0.0694028612579               
6733           0.0987415875899               
10473          0.0424612310907               
5871           0.0987415875899               
7465           0.0441230254622               
1739           0.0489811623772               
481            0.0242729581852               
210            0.0235025514616               
5957           0.0427249573673               
4460           0.0625528581903               
3434           0.044723496721                
12077          0.0474190845475               
6269           0.0625528581903               
9018           0.0605338562587               
10157          0.0380157699347               
9237           0.0484023135669               
3702           0.0750354456371               
5277           0.0267020837509               
2750           0.034491189012                
6138           0.035254020463                
9781           0.0444200668545               
4616           0.0494095547303               
10998          0.0225178894239               
4191           0.0734617517942               
9588           0.0305067521841               
10156          0.0416983996398               
10728          0.0274032936407               
6063           0.0208961481608               
