167
10557          0.0457273589949               
9782           0.06284862964                 
5585           0.054458479103                
7004           0.0244324423884               
4387           0.0183177551136               
2298           0.0411005889606               
3855           0.0400996646538               
5689           0.429834725612                
8304           0.0385992769754               
12066          0.0301158064614               
6192           0.022619899005                
1010           0.0525427190885               
3801           0.0527425045584               
2659           0.0217740236101               
3737           0.0664330204762               
8514           0.0442760884776               
6544           0.195315133658                
8580           0.0876586959122               
4408           0.0593269620949               
4887           0.0263712522792               
10142          0.0664330204762               
71             0.0418182158764               
917            0.155603898786                
704            0.0664330204762               
10385          0.0216387396365               
10841          0.0789530185196               
1287           0.0812854517079               
4237           0.139937630236                
5784           0.132866040952                
3730           0.032895654094                
1102           0.0273103786594               
9784           0.0828428902095               
9897           0.0746379553429               
12229          0.0438293479561               
11730          0.0730427622291               
9576           0.0516037910599               
7845           0.0354072103195               
3160           0.0414539650186               
8520           0.069838376125                
9304           0.0429834725612               
10692          0.0106586504112               
6261           0.0311207797572               
8511           0.126582096499                
9633           0.0544989522378               
7476           0.0172034112765               
2536           0.0516037910599               
4690           0.0299789584767               
9405           0.0414654359867               
9835           0.0249547573605               
9534           0.0435480472201               
2323           0.038884524967                
12218          0.0453793354704               
1585           0.0429834725612               
7970           0.119351960331                
9310           0.0288948342161               
6848           0.0232193799534               
2686           0.0260740679965               
12109          0.0218422498441               
2198           0.0438293479561               
6370           0.0516037910599               
9893           0.0822011779213               
6648           0.0191598678833               
4134           0.0325525222763               
6145           0.0135690887434               
9402           0.0507871073415               
1342           0.0367745616435               
2059           0.016794407175                
5889           0.050023150743                
2454           0.063791621426                
2336           0.0356244130895               
3531           0.13967675225                 
1324           0.069838376125                
3776           0.0429834725612               
9578           0.0425821724749               
9278           0.00801861548661              
8057           0.0191598678833               
4527           0.0534285063918               
5821           0.0828428902095               
10421          0.050023150743                
5293           0.0337996977576               
11093          0.0414539650186               
7524           0.0317358385579               
8121           0.0623855510193               
1602           0.0211770625592               
12058          0.0465929913167               
9353           0.212910862374                
9069           0.0200665094222               
4039           0.0507871073415               
7277           0.116456171219                
2045           0.142145255078                
3826           0.160285519175                
199            0.484482056117                
11862          0.045507546531                
3121           0.0375224241283               
6235           0.0181663174126               
10279          0.0227669470928               
6265           0.0250440952853               
10441          0.0301158064614               
692            0.0644381148813               
5550           0.0664330204762               
3868           0.100924412985                
763            0.0516037910599               
413            0.0370186366585               
8059           0.10053645037                 
4060           0.02893765286                 
4029           0.0129721276926               
11064          0.0192145433562               
11122          0.037782593257                
5232           0.0311207797572               
1341           0.0588937181225               
9262           0.0231427633827               
6163           0.0229158448906               
9625           0.0625739422119               
2874           0.0429834725612               
5792           0.0266760902113               
4982           0.015850360684                
9627           0.0398986165563               
1550           0.0479889216435               
899            0.0625431487863               
3006           0.0429834725612               
3523           0.0372678504706               
6809           0.0267794726924               
6247           0.0452235715251               
2258           0.0212419241946               
3792           0.0479889216435               
110            0.0262713595443               
1900           0.0598087259265               
9247           0.0516037910599               
9508           0.0493055238273               
2676           0.0356244130895               
8078           0.0356244130895               
9550           0.0341815766437               
3661           0.0188370146296               
7198           0.0390960163837               
8997           0.018216581687                
12129          0.0145250785961               
11642          0.0568338620406               
8343           0.0337996977576               
8683           0.0347785376945               
4591           0.0493055238273               
7518           0.114491590751                
11018          0.0730708355515               
6395           0.0163559415359               
7922           0.0286910352139               
4661           0.0397839867769               
4084           0.0349844075591               
12057          0.0457273589949               
2156           0.0341815766437               
2238           0.0447403526424               
3165           0.0370186366585               
3878           0.0345761871459               
4327           0.0337996977576               
7348           0.0479889216435               
3259           0.0208579807373               
8675           0.0221894072421               
805            0.0425821724749               
1551           0.0447403526424               
6460           0.0438293479561               
6913           0.0197183308259               
2362           0.020547274741                
210            0.0197183308259               
8863           0.063791621426                
2358           0.0391768168261               
6329           0.0684451695079               
11292          0.0112308713587               
5645           0.0493055238273               
1515           0.0181663174126               
