34
3337           0.271732136284                
9309           0.030926125632                
6694           0.350162892595                
8571           0.137247648214                
3267           0.115420685428                
7268           0.297499481352                
2561           0.09825992064                 
9310           0.0205145047513               
9278           0.0048797034377               
1875           0.081385907501                
10292          0.111071049129                
1393           0.187852630053                
10455          0.122741418322                
3350           0.164426287063                
726            0.0948241046448               
1260           0.28299325146                 
3746           0.0907647686226               
3812           0.131308495392                
7154           0.0601753429082               
4551           0.194790691585                
2522           0.113635560314                
8500           0.126559150454                
1682           0.128877927632                
366            0.108235188431                
9672           0.231983762901                
5824           0.184871669777                
8938           0.12118977226                 
9342           0.317509277886                
8190           0.0773853904999               
9627           0.0849806252003               
9562           0.297499481352                
236            0.0924646324463               
194            0.163239773068                
6369           0.147288615712                
