36
1938           0.137070903978                
4809           0.0614637301988               
7784           0.36628476176                 
5674           0.230477962591                
8911           0.0986073023432               
12218          0.0313592379469               
2255           0.264497919316                
1951           0.0707583416013               
441            0.0931862118222               
207            0.187509586762                
6766           0.408869007296                
9546           0.0597684764298               
8720           0.104589163515                
8331           0.100255725021                
7237           0.0286341411867               
1874           0.164955545719                
4147           0.128418092415                
1612           0.091712214472                
77             0.0992296160895               
7186           0.110606537327                
3871           0.140143008291                
8291           0.0336182047725               
7993           0.275449899173                
2548           0.0408884972362               
12238          0.122094920587                
8294           0.108110384703                
9625           0.0864830268119               
5795           0.204434503648                
4113           0.136394590197                
6701           0.156657207945                
8741           0.126023450526                
8881           0.204434503648                
10998          0.0783324008425               
7014           0.0972395966314               
6211           0.247983719663                
1194           0.204434503648                
