257
790            0.0500605031805               
7527           0.0378123339878               
9632           0.0238549610275               
5652           0.100121006361                
1705           0.0297944618558               
8973           0.0385481561448               
7906           0.0289988622861               
85             0.0151881026868               
11836          0.0202010133915               
5252           0.0385481561448               
12243          0.0181984527741               
2435           0.0369048658944               
1445           0.0171915034032               
1086           0.042032118688                
9046           0.0248363638591               
2427           0.0451024051838               
7439           0.0163089703788               
2254           0.0225203073226               
2852           0.0135375557672               
7323           0.155916321844                
3719           0.0302281111938               
480            0.0174865152504               
840            0.0215272069849               
2880           0.036199115649                
2031           0.0552644794167               
2739           0.0378123339878               
6042           0.00923740995575              
8554           0.0169779644595               
822            0.0273278097908               
9602           0.0200918048062               
11740          0.0206553262683               
11420          0.0401443071872               
3722           0.0226741417117               
9520           0.0189891613875               
9534           0.0131576599443               
7821           0.0185391373226               
530            0.0401443071872               
1830           0.0317133604272               
9310           0.0203707474788               
7626           0.0422021037809               
10285          0.0133794045581               
7237           0.00417316456928              
5681           0.100121006361                
11041          0.00983177440145              
5415           0.0148677645296               
6058           0.0155809163855               
682            0.0252700131971               
6628           0.0199842385176               
4297           0.011161794676                
10525          0.0322859077875               
3012           0.0250499028029               
2015           0.0372440057842               
9734           0.124733057475                
4075           0.0306897567452               
5985           0.0250499028029               
5508           0.0212670683755               
9278           0.0179976028833               
2079           0.0374315283162               
2683           0.0291223188983               
2259           0.0248363638591               
2351           0.0246290153298               
3348           0.0269420011125               
1522           0.0419542960294               
2663           0.0223697117942               
5320           0.0177942196121               
12082          0.0190826662927               
3578           0.0500605031805               
11238          0.013581039326                
9006           0.0317133604272               
2084           0.01624538753                 
6119           0.0259741573407               
5340           0.0422021037809               
3122           0.0217971644338               
11564          0.0500605031805               
6806           0.0954198441101               
3275           0.0236738621548               
3919           0.0233248649692               
3321           0.0127191758489               
1612           0.0400986530215               
12127          0.017716043715                
4986           0.0188601912747               
7100           0.0500605031805               
12129          0.00877724982092              
5650           0.122547381397                
4430           0.0377937260617               
605            0.595477914513                
8859           0.00860116650761              
7432           0.0289988622861               
230            0.0138476424848               
2647           0.0223697117942               
7611           0.0422021037809               
3021           0.0385481561448               
1709           0.0183667669725               
4852           0.0118809684404               
9679           0.0372440057842               
2444           0.0157561012245               
33             0.216848174193                
5749           0.0500605031805               
10097          0.0441554222249               
2399           0.0182821148201               
2436           0.0503118477905               
2362           0.0496654286166               
4716           0.0302281111938               
11262          0.0385083648464               
8131           0.0352341487687               
6395           0.00988360813111              
8180           0.0335900581481               
6084           0.0343437043812               
3438           0.0453482834233               
5383           0.0158154627551               
3581           0.0228313573455               
3036           0.0240407642894               
6019           0.0603188858842               
628            0.0476259631224               
5656           0.0322859077875               
11213          0.150181509542                
5608           0.0311832643688               
2343           0.0279502042058               
10232          0.0408491271324               
5456           0.0137130988933               
7951           0.0163089703788               
1794           0.0245392466478               
330            0.0301594429421               
5538           0.0212670683755               
7547           0.0151337068095               
6072           0.0244275083879               
4809           0.0179155546862               
7083           0.0343437043812               
7420           0.0385481561448               
5787           0.0133389802266               
10538          0.0174116137975               
6639           0.0239697765672               
2638           0.0235570735216               
4529           0.0249070316016               
10968          0.0372440057842               
7955           0.0264853049816               
326            0.0363969055482               
970            0.120432921561                
7453           0.00787802361878              
1592           0.140642633643                
8884           0.0500605031805               
9584           0.12283053763                 
8713           0.0297944618558               
8865           0.0215272069849               
4661           0.0240407642894               
9596           0.0349730305008               
6655           0.0242315228846               
8379           0.0169081783119               
11726          0.0422021037809               
2971           0.0191774097095               
6603           0.0395476806174               
7128           0.018626905582                
9010           0.0546556195817               
11570          0.0385481561448               
6853           0.179858146659                
8511           0.0254971123788               
10040          0.0322859077875               
10286          0.0401443071872               
2315           0.0422021037809               
9069           0.012125839118                
10242          0.0196709173331               
2626           0.0135375557672               
11835          0.102375414949                
668            0.021016059344                
1221           0.0500605031805               
12218          0.00457032253442              
3796           0.0592629692481               
10591          0.0225203073226               
2160           0.0639862465116               
9121           0.0177942196121               
3997           0.0302281111938               
8536           0.0422021037809               
4425           0.037978322775                
10869          0.0270358091091               
8753           0.0184524329472               
8778           0.0208937824623               
8892           0.0236738621548               
6441           0.0264853049816               
960            0.00945455044197              
9503           0.0451024051838               
2263           0.0351862091905               
5684           0.0169779644595               
9946           0.0264853049816               
6273           0.0404020267829               
2708           0.0254971123788               
8066           0.0155234620734               
8291           0.00979909263731              
12039          0.0228313573455               
10924          0.0112557088048               
8955           0.0220777111124               
6394           0.0122334054065               
1938           0.00998841620971              
1881           0.0206553262683               
7526           0.0233248649692               
7518           0.00988360813111              
4359           0.0161198926726               
11862          0.00916647029935              
3129           0.0500605031805               
10586          0.0199768324194               
6234           0.0351862091905               
8557           0.0500605031805               
10279          0.0137576661614               
660            0.00911956505985              
12020          0.335216724395                
5604           0.0149729579459               
6182           0.0262251663721               
394            0.0343437043812               
210            0.0119154409091               
7061           0.0217971644338               
8839           0.0234972353193               
7452           0.0153538172038               
2140           0.0225203073226               
6073           0.0579977245721               
6580           0.100121006361                
4771           0.0914105741006               
8350           0.0254971123788               
2203           0.0289988622861               
47             0.0401443071872               
5292           0.01380251285                 
8741           0.0183667669725               
10393          0.0169779644595               
2240           0.0401443071872               
7977           0.0302281111938               
8341           0.0456627146911               
9920           0.0422021037809               
3809           0.0238549610275               
3718           0.0161198926726               
7322           0.208561232991                
1866           0.0351862091905               
622            0.0289988622861               
3968           0.0240407642894               
2097           0.0335900581481               
2816           0.0183667669725               
5617           0.0623665287376               
940            0.0141717831433               
10273          0.0238549610275               
1897           0.0215272069849               
7412           0.0244275083879               
9169           0.100121006361                
2206           0.0151881026868               
7986           0.0343437043812               
5655           0.0546556195817               
1739           0.0124163571542               
490            0.0795130634498               
3858           0.0306897567452               
12041          0.0151881026868               
11573          0.0236738621548               
4781           0.0259741573407               
8594           0.0177942196121               
3702           0.0126806149825               
3391           0.0327462469699               
11292          0.0135732365191               
2825           0.0168390664371               
10998          0.00570811601596              
11972          0.0317133604272               
2686           0.0157561012245               
1515           0.0109775864689               
