82
355            0.184295863231                
3384           0.130410330672                
4809           0.0733063401146               
5683           0.10065217976                 
2160           0.0654542607191               
3235           0.108371792503                
6753           0.0606226189475               
5787           0.0272900236247               
3740           0.0479189502749               
1852           0.094751293857                
11090          0.0991498331582               
6538           0.0826579128737               
2561           0.114068458194                
50             0.094751293857                
10181          0.0780818930839               
2084           0.0664723992321               
9182           0.102498456055                
5293           0.0835726289084               
1875           0.0472398355652               
1503           0.111088858122                
7588           0.204836095602                
10279          0.0562932140521               
1393           0.0545188204362               
10092          0.088631484114                
1554           0.0564767164142               
4408           0.0488969874128               
3746           0.052683724695                
1876           0.0792606509447               
8911           0.117606601812                
11105          0.131917806127                
6603           0.0809100186085               
5610           0.0654542607191               
9342           0.276443794847                
9627           0.0493263623145               
2891           0.090928233014                
3267           0.0669950654585               
11230          0.0420831135518               
2835           0.0859928939474               
9943           0.345362655804                
6732           0.134653223755                
6809           0.0662145250451               
9052           0.147882164308                
8279           0.0628242979752               
9763           0.0927773866473               
3337           0.0788624334973               
9069           0.0992323042326               
9357           0.237781952834                
6694           0.101624703681                
6148           0.369097391882                
2626           0.0553925728101               
8690           0.0686215133632               
4921           0.0720116287824               
9419           0.111819128919                
3568           0.111819128919                
6395           0.0404414572649               
367            0.0993995823033               
10717          0.0593769615585               
7237           0.0170756321324               
726            0.0550399356421               
10242          0.080488881402                
435            0.115727396608                
2028           0.148927788392                
3259           0.0515731322937               
627            0.0780818930839               
1430           0.0748062200971               
3725           0.123686496958                
9310           0.0119074894034               
9381           0.115727396608                
614            0.0503534336921               
2059           0.041525600869                
10893          0.0654542607191               
210            0.0487552509087               
5957           0.177262968228                
532            0.0518861676935               
8925           0.087019965325                
4969           0.0737910247719               
1644           0.0619236567332               
11262          0.0525224651638               
9278           0.00566477403968              
11292          0.0277692851312               
10265          0.0625965261573               
2353           0.0286095877518               
