204
4520           0.0872812532852               
1945           0.0872812532852               
4809           0.0156180218632               
5683           0.0142960617196               
5787           0.0116283580643               
11728          0.0587183399849               
9671           0.0452863407614               
4387           0.077196564226                
2298           0.0433025804166               
4524           0.0293591699925               
6714           0.0262917251239               
7599           0.0573761284293               
8304           0.0406672589741               
6205           0.0527031743953               
10631          0.103894200278                
9168           0.0786367335627               
1690           0.0370794591261               
4866           0.051234254369                
8686           0.0336035112002               
2254           0.0392645004066               
4661           0.0419154403931               
2702           0.117129560705                
11377          0.0630130182935               
12152          0.036219021033                
5827           0.0185714359903               
2944           0.133083682683                
3730           0.0346580606942               
478            0.0216481086845               
10849          0.0269660193773               
291            0.0585647803523               
6145           0.114368493757                
2880           0.0315568560135               
2881           0.0535392304557               
3267           0.171280747955                
11230          0.0179317365045               
8422           0.0301002635793               
10692          0.0449187788532               
9972           0.02071465027                 
12090          0.0613476941178               
3337           0.134414044801                
5021           0.036219021033                
7163           0.0387447833018               
5089           0.0409677893171               
8690           0.0292398254862               
7828           0.0513040512762               
5370           0.0201290306818               
4103           0.0422480309227               
848            0.0395327130177               
5963           0.122001776922                
3504           0.0313016479237               
3809           0.041591489563                
4921           0.0460265452198               
4677           0.0756431626529               
10846          0.0699922138402               
1528           0.054368498571                
729            0.051234254369                
9310           0.010147631408                
2278           0.033945214924                
481            0.0214557438568               
10285          0.0155514643794               
9474           0.0422480309227               
5984           0.0562105590596               
7237           0.0145519525626               
726            0.046905351808                
3649           0.0395327130177               
8753           0.0321720991894               
10844          0.041591489563                
2929           0.0858821301661               
1430           0.0318751469287               
9891           0.0646465391892               
1164           0.0219754609617               
2522           0.0281052795298               
3669           0.0923550689892               
614            0.0214557438568               
3565           0.0384928271419               
3972           0.0786367335627               
2059           0.0530825362096               
8165           0.117005804395                
8939           0.117129560705                
8411           0.0310244941682               
1682           0.0318751469287               
8804           0.0244633737151               
5985           0.0436748888325               
11812          0.109925463117                
9278           0.0144826596985               
873            0.0219754609617               
8057           0.0201863705793               
7624           0.0228691118726               
8291           0.00854243397592              
2353           0.0243812563173               
9958           0.0786367335627               
3924           0.147160027377                
869            0.051234254369                
3497           0.044454605571                
6394           0.0426582590262               
2579           0.0589593352072               
3801           0.111136438809                
11918          0.020477092502                
9441           0.0306199806842               
9069           0.0422831720862               
5189           0.0598787740915               
4925           0.0481772327402               
3321           0.0221760777123               
11086          0.0334361072675               
11458          0.0133309412392               
2561           0.0486049002361               
8539           0.0712210781995               
4557           0.102468508738                
2789           0.036219021033                
11862          0.0319637624514               
532            0.154761923762                
11991          0.0270653936539               
8805           0.044454605571                
1899           0.0392645004066               
1875           0.140903214773                
1503           0.0157784280067               
6265           0.0263858493875               
562            0.0260135409717               
10718          0.0267696152279               
527            0.0630130182935               
1574           0.0341196430224               
11028          0.0786367335627               
8383           0.0699922138402               
10092          0.037766131947                
1554           0.0240648923501               
4986           0.0328830320725               
4060           0.0304880069052               
3532           0.0672070224004               
7919           0.0918698233647               
5031           0.0292398254862               
12132          0.0511265216195               
3138           0.0452863407614               
2279           0.0461775344946               
7800           0.0341196430224               
4771           0.0318751469287               
10351          0.051234254369                
8500           0.0939049437711               
109            0.07006073822                 
8665           0.0672093000748               
2402           0.0598787740915               
1612           0.0466084100692               
8451           0.0269660193773               
4982           0.0333991086507               
8190           0.0382791799595               
8306           0.0366418210389               
5292           0.0240648923501               
12129          0.0459098080979               
11167          0.0552927291599               
10465          0.101119920231                
5024           0.0872812532852               
4492           0.199681042519                
7430           0.0395327130177               
230            0.0241435765589               
8347           0.0899209477068               
9309           0.0229467097252               
9342           0.23558700244                 
419            0.0552927291599               
6694           0.2598154825                  
6329           0.0180280412745               
1709           0.0320227392517               
6785           0.125746321179                
11150          0.0337731928073               
4852           0.02071465027                 
4772           0.0321720991894               
4110           0.0499202606298               
7198           0.0205953057637               
9416           0.0297242128061               
6249           0.0786367335627               
9087           0.0368587205187               
6996           0.126744092768                
2361           0.0358100858486               
3441           0.0375330147721               
11977          0.0387447833018               
697            0.0363478146637               
8131           0.020477092502                
2453           0.0392645004066               
3746           0.0448973751976               
2661           0.0299736492356               
1393           0.209075644856                
12038          0.051234254369                
11274          0.0872812532852               
2028           0.0317292808713               
10595          0.0292398254862               
9727           0.0487316087069               
10618          0.157273467125                
627            0.0332709206706               
1551           0.0471373468643               
366            0.0267696152279               
11285          0.0649354939659               
1396           0.135859022284                
3098           0.0411906115274               
8930           0.0564284015925               
2759           0.209976641521                
3968           0.0838308807862               
10456          0.0519471001391               
2313           0.0466482094374               
4969           0.0628851385238               
7951           0.0284349394036               
194            0.161495202375                
3391           0.0285467913258               
10728          0.0726682810603               
10998          0.0398087504613               
9357           0.0675463856146               
3706           0.0573193109929               
