239
9766           0.0394888414724               
10924          0.0205196759734               
4809           0.0326608819952               
5683           0.0149481793824               
26             0.030573605868                
7454           0.0206540927706               
2453           0.0821111166072               
10530          0.0702750654965               
6753           0.0810293434616               
5787           0.036476363703                
11728          0.0920951828921               
11090          0.0441751831501               
3265           0.0473520860888               
12150          0.0559488411648               
2638           0.0429456308733               
5504           0.0702750654965               
5912           0.182668509855                
9789           0.0588586980882               
9235           0.0445324737564               
10631          0.0543166773136               
5982           0.0702750654965               
2762           0.0515611451659               
1602           0.0233293875451               
12062          0.0422154594367               
1448           0.0325837756457               
8966           0.0385400382937               
2385           0.0921367977163               
6356           0.0678975392754               
6214           0.0312098438241               
4952           0.0211674082373               
10110          0.0528662626255               
11105          0.029387307375                
12107          0.0376556118769               
4887           0.0581029746453               
4640           0.0509545106081               
2852           0.0246795881657               
9700           0.0456671274636               
7154           0.0311239068749               
4551           0.201499386692                
5827           0.0388371513802               
1671           0.0612362243093               
3033           0.0578149178592               
8911           0.0785976084256               
5824           0.0956193742464               
1981           0.0609000005703               
9342           0.246333349822                
2040           0.0626101561309               
2891           0.0405121342009               
1352           0.0353137636297               
3267           0.0596979176366               
11230          0.0187496961867               
10692          0.0587096972149               
9130           0.0349613018668               
9972           0.0216595531101               
8571           0.106480897707                
11985          0.0251626171406               
3337           0.105409025888                
9633           0.0200126461354               
7209           0.0392450906118               
4690           0.033025861757                
9405           0.0228398821402               
2626           0.0493591763314               
7828           0.0268221478252               
4935           0.0626101561309               
10829          0.0612362243093               
848            0.0413360054857               
5963           0.0850446079573               
12218          0.041659543227                
4921           0.0320840367459               
4355           0.0473520860888               
1585           0.0473520860888               
11887          0.0559488411648               
727            0.0482839317991               
10466          0.0354936325691               
9900           0.0568485283105               
9310           0.0424420704299               
10813          0.0242902968284               
3651           0.0290514873227               
9121           0.0324396825624               
2929           0.0448998301998               
9003           0.0568485283105               
7183           0.0704180666765               
10183          0.0232583231111               
10285          0.00813042374059              
3545           0.111704762502                
11045          0.0341197007475               
7237           0.00760787136828              
726            0.0245224743211               
480            0.0318787233275               
8753           0.067279271624                
77             0.0790936403725               
101            0.0702750654965               
5317           0.0568094575197               
11865          0.0626101561309               
9278           0.0050477630216               
4297           0.0203484661877               
7285           0.0223020619446               
1430           0.199974828094                
1164           0.0229778759291               
6714           0.0274910273287               
960            0.0172360812552               
9381           0.0515611451659               
2059           0.0370026043489               
6251           0.135795078551                
9517           0.0265456648601               
1682           0.0333291380156               
10614          0.0322971642984               
9963           0.0431585419347               
10195          0.0678975392754               
2610           0.0380903285099               
8743           0.027788537374                
1175           0.0448998301998               
247            0.0405121342009               
193            0.0370295576709               
7208           0.033639635812                
8291           0.00893209877934              
2353           0.0254934121123               
6369           0.0380903285099               
8380           0.0473520860888               
11097          0.0413360054857               
6394           0.0446041238891               
10812          0.0709872651382               
11882          0.0353137636297               
3772           0.0347885802509               
579            0.0235449344584               
10075          0.0292744037142               
2574           0.0769363804627               
1623           0.125220312262                
1852           0.12664637831                 
7476           0.0947593764818               
6848           0.0255792753114               
6532           0.0428365430722               
11458          0.0139390347418               
2561           0.0508220223057               
366            0.0279907164836               
532            0.0693520368459               
11991          0.0282999869007               
6694           0.0452778361263               
1864           0.0769363804627               
1875           0.105236101847                
2142           0.0438274214382               
3350           0.0850446079573               
10248          0.0260975007756               
8528           0.0347885802509               
1554           0.0503252342812               
3957           0.0405121342009               
3532           0.0351363419628               
7919           0.0853870963549               
5031           0.061147211736                
12132          0.0267293339718               
11064          0.0211674082373               
4986           0.0859574950955               
8001           0.0748871398942               
10351          0.0535713149436               
8500           0.163647393705                
5830           0.0508220223057               
10611          0.0487760766719               
10100          0.0387708459359               
8451           0.0281960796469               
9257           0.0387708459359               
4982           0.0349226155509               
3970           0.0559488411648               
5292           0.0503252342812               
9627           0.087907403168                
11167          0.0578149178592               
5370           0.0420944407388               
11591          0.0165404341241               
236            0.0239122909018               
11989          0.0996397138018               
6732           0.119986703591                
230            0.0252448905451               
6271           0.0626101561309               
1590           0.07318492242                 
9763           0.0413360054857               
3415           0.0402486850113               
4406           0.0351363419628               
390            0.0658873694977               
10858          0.0478096871232               
4151           0.0515611451659               
8675           0.0244446216041               
10425          0.0237641041781               
9082           0.0410555583036               
8997           0.0200680190057               
4110           0.052197383122                
4936           0.0678975392754               
1951           0.0187999478533               
10292          0.0574481975927               
7184           0.0732565725527               
5293           0.0372349208341               
1566           0.0626818062637               
9343           0.0996397138018               
697            0.0190029136838               
8131           0.0428223181957               
2811           0.0370295576709               
10094          0.0658873694977               
6711           0.0448998301998               
6468           0.0380903285099               
10607          0.07318492242                 
8190           0.0200126461354               
2661           0.0313409031318               
7355           0.108633354627                
9781           0.0410555583036               
2028           0.132706472998                
4103           0.0441751831501               
10465          0.0528662626255               
1511           0.0678975392754               
10109          0.0728643759483               
6615           0.0702750654965               
4654           0.0246795881657               
6486           0.0869773870547               
10595          0.030573605868                
10108          0.0612362243093               
4313           0.0599933517954               
595            0.0678975392754               
7730           0.052197383122                
1393           0.0728708904851               
11971          0.0568485283105               
1899           0.0410555583036               
6421           0.0215347646807               
11755          0.0452778361263               
2025           0.201499386692                
3098           0.0646042940422               
1678           0.0790936403725               
8930           0.0295011971064               
4014           0.0303275553352               
269            0.0528662626255               
6329           0.0188503939176               
8859           0.0156803230068               
4969           0.0657536564672               
1644           0.0275894450891               
7932           0.0478096871232               
3391           0.0298489588183               
11292          0.0123723179106               
5500           0.140550130993                
11468          0.0702750654965               
9357           0.211882581778                
8931           0.0405121342009               
3706           0.0299669713102               
3515           0.07318492242                 
