236
9766           0.0388144853996               
10924          0.0201692588027               
4809           0.0481546918094               
5683           0.0146929073823               
26             0.0300514964311               
7454           0.0203013801467               
2453           0.0807088944081               
10530          0.0690749690789               
6753           0.0796455948429               
5787           0.0358534521042               
11728          0.0905224614967               
11090          0.043420797812                
3265           0.0465434483667               
12150          0.0549933955401               
2638           0.042212242759                
5504           0.0690749690789               
5912           0.224436319994                
9789           0.057853560459                
9235           0.0437719869202               
10631          0.0533891043629               
5982           0.0690749690789               
2762           0.0506806287955               
1602           0.022930988565                
12062          0.0414945405549               
1448           0.0320273382785               
10882          0.0293392242731               
2385           0.0905633656592               
6356           0.0667380441818               
6214           0.030676869269                
627            0.0341944911492               
10110          0.0519634585947               
11105          0.0288854565115               
12107          0.0370125621039               
4887           0.0571107426035               
2852           0.0242581316343               
9700           0.0448872639988               
7154           0.0305923998762               
4551           0.198058355504                
5827           0.0381739243037               
1671           0.0601904853562               
3033           0.0568276050005               
4014           0.0298096477352               
5824           0.0939864697777               
1981           0.0598600033536               
9342           0.282481130428                
2040           0.0615409543657               
2891           0.0398203032253               
1352           0.0347107059033               
3267           0.0586784485463               
10692          0.0461656832744               
9130           0.0343642631757               
9972           0.0212896701095               
8571           0.104662509592                
11985          0.0247329118607               
3337           0.138145256357                
9633           0.019670887579                
7209           0.0385748971041               
4690           0.0324618748279               
9405           0.0224498425075               
2626           0.0485162632686               
7828           0.0263641025244               
4935           0.0615409543657               
10829          0.0601904853562               
848            0.0406301051532               
5963           0.0835922901455               
12218          0.0409481177984               
4921           0.0315361334848               
4355           0.0465434483667               
1585           0.0465434483667               
11887          0.0549933955401               
10466          0.0348875031974               
9310           0.0312879612621               
10813          0.0238754882757               
9121           0.0318857058915               
2929           0.0441330699699               
9003           0.0558777186116               
7183           0.0692155282092               
10183          0.0228611377076               
10285          0.00799157943876              
3545           0.10979716577                 
11045          0.0335370341879               
7237           0.00747795076116              
726            0.0241037008432               
480            0.0313343262303               
8753           0.0661303347673               
77             0.0518286320045               
101            0.0690749690789               
5317           0.0279196575189               
11865          0.0615409543657               
9278           0.00620195214639              
7285           0.0219212067372               
1430           0.196559831991                
1164           0.0225854797585               
3668           0.0445046206402               
6714           0.0270215594857               
960            0.0169417384578               
9381           0.0506806287955               
2059           0.0181853530351               
6251           0.133476088364                
9900           0.0558777186116               
1682           0.0327599719985               
10614          0.0634912428608               
9963           0.0424215179107               
10195          0.0667380441818               
2610           0.0374398550245               
8743           0.0273139889133               
1175           0.0441330699699               
247            0.0398203032253               
193            0.0363971991068               
7208           0.0330651673836               
8291           0.00877956416879              
2353           0.0250580578038               
6369           0.0374398550245               
8380           0.0465434483667               
11097          0.0406301051532               
6394           0.0219212067372               
10812          0.0697750063949               
11882          0.0347107059033               
3772           0.0341944911492               
579            0.0231428545557               
10075          0.0287744809212               
2574           0.0756225279046               
1623           0.0615409543657               
1852           0.0829890811097               
1531           0.043078974872                
7476           0.0931411583066               
6848           0.0251424547058               
6532           0.0421050178645               
11458          0.0137009960358               
2561           0.0499541280323               
8966           0.0378818850559               
366            0.0275127153841               
532            0.0681677031084               
11991          0.0278167043501               
6694           0.0445046206402               
1864           0.0756225279046               
1875           0.103438971273                
2142           0.043078974872                
3350           0.0835922901455               
10248          0.0256518303665               
8528           0.0341944911492               
1554           0.0494658237214               
3957           0.0398203032253               
7919           0.0734378135963               
5031           0.0601029928622               
12132          0.0262728736652               
11064          0.0208059296586               
4986           0.0844895877915               
8001           0.0736082824833               
10351          0.052656470643                
8500           0.160852765915                
5830           0.0499541280323               
10611          0.0479431212778               
1511           0.0667380441818               
10100          0.0381087511661               
8451           0.0277145715339               
9257           0.0381087511661               
6242           0.02051260792                 
4982           0.034326237511                
3970           0.0549933955401               
5292           0.0494658237214               
9627           0.0864061970307               
11167          0.0568276050005               
5370           0.041375588509                
11591          0.0162579709831               
236            0.0235039376055               
11989          0.0489690767363               
6732           0.117937675075                
8911           0.0772553868619               
230            0.0248137802716               
6271           0.0615409543657               
1590           0.0719351339979               
9763           0.0406301051532               
3415           0.0395613529917               
390            0.0647622023344               
10858          0.0469932348888               
4151           0.0506806287955               
8675           0.0240271776272               
10425          0.0233582814857               
9082           0.040354447204                
8997           0.0197253148396               
4110           0.0513060016334               
4936           0.0667380441818               
1951           0.018478898703                
10292          0.0564671472637               
7184           0.072005560552                
5293           0.0365990552567               
1566           0.0616113809199               
9343           0.0979381534725               
697            0.0186783984596               
8131           0.0420910359081               
2811           0.0363971991068               
10094          0.0647622023344               
6711           0.0441330699699               
6468           0.0374398550245               
10607          0.0719351339979               
8190           0.019670887579                
2661           0.0308056904599               
7355           0.106778208726                
9781           0.040354447204                
2028           0.130440227328                
10595          0.0300514964311               
10465          0.0519634585947               
727            0.0474593808269               
10109          0.0716200615399               
6615           0.0690749690789               
4654           0.0242581316343               
6486           0.0854920629233               
10108          0.0601904853562               
4313           0.0589688375376               
595            0.0667380441818               
7730           0.0513060016334               
1393           0.0716264648271               
11971          0.0558777186116               
1899           0.040354447204                
4103           0.043420797812                
6421           0.0211670127083               
11755          0.0445046206402               
2025           0.24757294438                 
3098           0.063501038125                
1678           0.0777429480068               
8930           0.0289974013331               
269            0.0519634585947               
6329           0.0185284832933               
8859           0.015412548095                
4969           0.0646307727387               
1644           0.0271182965533               
7932           0.0469932348888               
3391           0.0293392242731               
11292          0.0121610342313               
5500           0.138149938158                
11468          0.0690749690789               
9357           0.20826423542                 
8931           0.0398203032253               
3706           0.0294552214504               
3515           0.0719351339979               
