103
11093          0.0463219853316               
5683           0.030325066828                
3801           0.0884042402729               
8524           0.0215939902346               
7454           0.0104751342541               
3995           0.0422194771926               
2564           0.234118900303                
3740           0.064967834556                
7518           0.109659910733                
9206           0.0608536449786               
1007           0.0834028366412               
10672          0.124228680093                
3914           0.0558974673212               
3772           0.0352874418338               
660            0.0168637923372               
11162          0.0441123130696               
7827           0.127015947575                
692            0.180013022337                
11439          0.0742343802012               
4275           0.0310120255249               
6610           0.110275965573                
691            0.306583274                   
6468           0.038636536531                
1714           0.0395651483837               
8800           0.0467290108811               
10841          0.0441123130696               
7158           0.0543395173474               
3919           0.0431320656797               
5827           0.0196970343492               
466            0.0576637253267               
12255          0.0354626402446               
2105           0.0437774271664               
6145           0.015162533414                
8078           0.119423573101                
364            0.0834028366412               
9534           0.024330989854                
5549           0.0650659237612               
4822           0.130131847522                
771            0.0882246261392               
6544           0.0363752287318               
8443           0.0489763141405               
822            0.0505342641143               
12257          0.0567511368395               
2608           0.0425167320985               
9201           0.0300407793512               
6293           0.0742343802012               
7476           0.0192236415611               
3646           0.0712827964864               
11573          0.0437774271664               
11100          0.0405639084241               
3165           0.413658076742                
69             0.0288120471341               
9290           0.0516851885385               
319            0.0360026044673               
7377           0.0451710609074               
4309           0.0925712930813               
4408           0.0441958956431               
12256          0.0848674841964               
12218          0.0507083197248               
9067           0.0510972123334               
3702           0.0234488439272               
10564          0.0224229589303               
9310           0.016144005599                
2160           0.0295806534227               
8720           0.0281870196817               
10561          0.101068528229                
2686           0.0291359968758               
7629           0.0742343802012               
9278           0.0102402939546               
8180           0.0621143400464               
10661          0.0529458836064               
12057          0.0510972123334               
5331           0.0360026044673               
7594           0.0780396334343               
11041          0.0363616029325               
11967          0.013998945239                
77             0.0267426093461               
2995           0.0467290108811               
9243           0.0192754118293               
3084           0.508063790299                
9891           0.0342823544617               
12183          0.166805673282                
8059           0.0842569820022               
8064           0.0194845432471               
6913           0.0220338930395               
614            0.0227561575721               
210            0.0220338930395               
7503           0.0821861409042               
8411           0.032904861402                
2605           0.0791302967674               
11862          0.101703173723                
141            0.055095568071                
3973           0.0431320656797               
6161           0.0434508109018               
8144           0.206613530983                
11097          0.0838575117868               
11292          0.0125497345816               
8291           0.0090601833664               
2353           0.0258589827631               
9620           0.0444558982739               
11155          0.0361876044989               
1515           0.0405992473019               
6063           0.0195903621046               
