233
9766           0.0379752998953               
10924          0.0197331909418               
4809           0.0471135671129               
5683           0.0143752405432               
26             0.0294017704351               
7454           0.0198624557668               
2453           0.0789639341554               
10530          0.0675815391865               
6753           0.0779236235742               
5787           0.0584638089759               
11728          0.0885653277948               
11090          0.0424820218954               
3265           0.0455371594314               
12150          0.0538044151919               
2638           0.0412995963112               
5504           0.0675815391865               
5912           0.219583912331                
9789           0.0566027421419               
9235           0.0428256181474               
10631          0.0522348094649               
5982           0.0675815391865               
2762           0.0495848922788               
1602           0.0224352109448               
12062          0.0405974111306               
1448           0.0313348937505               
8966           0.0370628627634               
2385           0.0886053475921               
6356           0.0652951395888               
6214           0.0300136224491               
627            0.0334551918644               
10110          0.050839986758                
11105          0.0282609407891               
12107          0.0362123349394               
4887           0.055875984321                
2852           0.0237336606226               
9700           0.0439167824663               
7154           0.0299309793202               
4551           0.193776250531                
5827           0.0373485879999               
1671           0.0588891417396               
3033           0.0555989682721               
4014           0.0291651506097               
5824           0.0919544427594               
1981           0.058565804897                
9342           0.315855736622                
2040           0.060210413041                
2891           0.0389593715165               
1352           0.0339602458383               
3267           0.0574097958017               
10692          0.0451675617793               
9130           0.0336212933482               
9972           0.0208293784848               
8571           0.102399662102                
11985          0.0241981759007               
3337           0.168948122243                
9633           0.0192455947137               
7209           0.0377408915996               
4690           0.0317600354368               
9405           0.0219644674675               
2626           0.0237336606226               
7828           0.025794099536                
5370           0.0404810308781               
10829          0.0588891417396               
848            0.039751665186                
5963           0.0817849896639               
12218          0.0400628022641               
4921           0.0308543090111               
4355           0.0455371594314               
1585           0.0455371594314               
11887          0.0538044151919               
10466          0.0341332207005               
9310           0.0357134194389               
10813          0.0233592901744               
9121           0.0311963235153               
2929           0.0431788944296               
9003           0.0546696188265               
7183           0.0677190593692               
10183          0.0223668702923               
10285          0.00781879812911              
3545           0.107423304853                
11045          0.0328119493992               
7237           0.00731627431961              
726            0.0235825686902               
480            0.0306568649143               
8753           0.0647005691075               
77             0.0507080751754               
101            0.0675815391865               
5317           0.0273160227771               
11865          0.060210413041                
9278           0.00606786333171              
7285           0.0214472610249               
1430           0.192310125727                
1164           0.0220971721841               
6714           0.0264373420012               
960            0.0165754509446               
9381           0.0495848922788               
2059           0.0177921780516               
6251           0.130590279178                
9900           0.0546696188265               
1682           0.0320516876212               
10614          0.0621185354783               
9963           0.041504346846                
8804           0.0245988642572               
10195          0.0652951395888               
2610           0.0366303896073               
8743           0.0267234489815               
1175           0.0431788944296               
247            0.0389593715165               
193            0.0356102763492               
7208           0.0323502845537               
8291           0.00858974629775              
6369           0.0366303896073               
8380           0.0455371594314               
11097          0.039751665186                
6394           0.0214472610249               
10812          0.0682664414011               
11882          0.0339602458383               
3772           0.0334551918644               
579            0.0226424963037               
10075          0.0281523645378               
2574           0.0739875370356               
1623           0.060210413041                
1852           0.0811948222612               
1531           0.0421475893112               
7476           0.0911274072779               
6848           0.0245988642572               
6532           0.041194689664                
11458          0.0134047747372               
2561           0.0244370493839               
366            0.0269178789024               
532            0.0666938886879               
11991          0.0272152954991               
6694           0.0435424120181               
1864           0.0739875370356               
1875           0.101202577195                
2142           0.0421475893112               
3350           0.0817849896639               
10248          0.0250972270018               
8528           0.0334551918644               
1554           0.0483963518015               
3957           0.0389593715165               
7919           0.0821143510512               
5031           0.0588035408701               
12132          0.0257048430831               
11064          0.020356096706                
4986           0.0826628873573               
8001           0.0720168404478               
10351          0.0515180155942               
8500           0.157375061443                
5830           0.0244370493839               
10611          0.0469065708253               
1511           0.0652951395888               
10100          0.0372848239329               
8451           0.0271153708374               
9257           0.0372848239329               
6242           0.0200691167068               
4982           0.0335840898144               
3970           0.0538044151919               
5292           0.0483963518015               
9627           0.0845380586984               
11167          0.0555989682721               
4935           0.060210413041                
11591          0.0159064668104               
236            0.0229957725859               
11989          0.0479103446951               
6732           0.115387812922                
8911           0.0755850928953               
230            0.0242772959026               
6271           0.060210413041                
1590           0.0703798661365               
9763           0.039751665186                
3415           0.0387060198959               
390            0.0633620162733               
10858          0.0459772213797               
4151           0.0495848922788               
8675           0.0235076999383               
10425          0.0228532656127               
9082           0.0394819670777               
8997           0.019298845234                
4110           0.0501967442928               
4936           0.0652951395888               
1951           0.0180793771386               
10292          0.0552463037831               
7184           0.0704487700389               
5293           0.0358077682842               
1566           0.0602793169434               
9343           0.0958206893902               
697            0.0182745636266               
8131           0.0411810100033               
2811           0.0356102763492               
10094          0.0633620162733               
6711           0.0431788944296               
6468           0.0366303896073               
10607          0.0703798661365               
8190           0.0192455947137               
2661           0.0301396584717               
7355           0.10446961893                 
9781           0.0394819670777               
2028           0.127620054735                
10595          0.0294017704351               
10465          0.050839986758                
727            0.0464332890464               
10109          0.0700716056777               
6615           0.135163078373                
4654           0.0237336606226               
6486           0.083643688555                
10108          0.0588891417396               
4313           0.0576939064609               
595            0.0652951395888               
7730           0.0501967442928               
1393           0.0700778705231               
11971          0.0546696188265               
1899           0.0394819670777               
4103           0.0424820218954               
6421           0.0207093729882               
11755          0.0435424120181               
2025           0.242220313164                
3098           0.0621281189647               
1678           0.0760621127631               
8930           0.0283704653166               
269            0.050839986758                
6329           0.0181278896892               
8859           0.0150793223209               
4969           0.0632334282408               
7932           0.0459772213797               
3391           0.0287048979009               
11292          0.0118981075549               
5500           0.135163078373                
11468          0.0675815391865               
9357           0.20376147503                 
8931           0.0389593715165               
3706           0.0288183871703               
3515           0.0703798661365               
