226
4809           0.0156643401253               
5683           0.0143384594534               
8067           0.0600563561679               
7454           0.0198116348594               
10081          0.0307107901543               
3812           0.0325726096265               
6711           0.0430684151101               
4014           0.0290905274394               
6753           0.0518161632947               
5787           0.0466513768295               
4853           0.0404935369019               
11728          0.0294462402849               
3786           0.0288588839287               
12150          0.053666748972                
6714           0.0263696983157               
10820          0.0554567104338               
5504           0.0674086222427               
5912           0.175217660623                
10631          0.0521011593036               
9586           0.0343982583938               
5996           0.0240578386611               
12062          0.0404935369019               
2142           0.042039748732                
2385           0.0883786382556               
10464          0.0399248757012               
6356           0.0651280727223               
6214           0.0299368283434               
10110          0.0507099054483               
201            0.0559459277847               
3413           0.053666748972                
4887           0.027866508849                
2852           0.047345869378                
3746           0.0225152635202               
1099           0.0430684151101               
9085           0.0355191624115               
9700           0.0876088303114               
11936          0.0363264355393               
4551           0.289920669806                
5827           0.0372530263455               
1671           0.0587384655264               
3033           0.0554567104338               
8911           0.0628264147711               
5824           0.0917191642884               
6145           0.0143384594534               
2040           0.0600563561679               
6697           0.0545297388605               
2891           0.0388596884443               
1352           0.0338733537374               
3267           0.0572629047046               
11230          0.0179849165345               
10692          0.0337889956295               
9130           0.0335352685053               
9972           0.0207760835686               
8571           0.102137658057                
11312          0.056457916006                
3391           0.0572629047046               
3337           0.235922182347                
9633           0.0191963521327               
7209           0.0752886523617               
4690           0.031678772886                
9405           0.0438165365306               
2626           0.071018804067                
4935           0.0600563561679               
10829          0.0587384655264               
848            0.0396499549181               
5963           0.0407878655898               
12218          0.0239761775447               
4921           0.0461630458345               
4355           0.0454206461568               
11887          0.053666748972                
9310           0.03053317851                 
8218           0.0150027779727               
2160           0.0279729638924               
6848           0.0245359245776               
9121           0.0311165033013               
9003           0.0545297388605               
11989          0.0477877592897               
3859           0.0308445710242               
3545           0.0714322980707               
6052           0.0215833566964               
10547          0.0674086222427               
11045          0.0327279953774               
7237           0.0072975545951               
726            0.0235222293467               
480            0.0305784249816               
8753           0.0322675117669               
77             0.0505783313801               
6772           0.0217772891408               
5317           0.0272461308623               
2929           0.0861368302203               
9278           0.00847327298106              
3606           0.056457916006                
7285           0.0213923851687               
1430           0.0959090365109               
1164           0.022040633438                
4986           0.0164902765295               
9381           0.0494580223061               
4654           0.023672934689                
9517           0.0254628961509               
1682           0.031969678837                
10614          0.0929393946054               
441            0.0237489737809               
9900           0.0545297388605               
10195          0.0651280727223               
9946           0.0463144828972               
7184           0.0702685168788               
8743           0.0266550732508               
247            0.0777193768886               
193            0.0355191624115               
2079           0.0327279953774               
3396           0.0788699459931               
2353           0.0122267818224               
6369           0.0730733311306               
8064           0.0184255708257               
10812          0.068091772038                
11882          0.0338733537374               
5500           0.0674086222427               
7393           0.0252891656901               
10465          0.0507099054483               
9973           0.047277141776                
2762           0.0494580223061               
10585          0.0374148079597               
1852           0.0809870738038               
1531           0.042039748732                
4959           0.0615296325604               
8073           0.0454206461568               
7518           0.0172833274931               
9357           0.203240122424                
8966           0.0369680321776               
9718           0.0488761317101               
532            0.0443488286158               
11991          0.0271456613093               
5293           0.0357161490354               
11925          0.0737982294386               
10202          0.0378781347097               
10292          0.055104948287                
5205           0.0164902765295               
3350           0.0815757311796               
4078           0.0391176025734               
5127           0.0272461308623               
8528           0.0333695920157               
1554           0.048272522878                
3957           0.0388596884443               
7919           0.0921422810802               
5031           0.0293265418394               
11064          0.0203040127483               
2246           0.0195184744514               
8001           0.0359162875786               
1875           0.100943636062                
10351          0.0513861994516               
8500           0.188366874059                
5830           0.0487490474609               
10611          0.0467865537175               
11105          0.0281886311677               
9257           0.0371894254279               
4982           0.033498160162                
8190           0.0191963521327               
8878           0.0788699459931               
5292           0.048272522878                
9627           0.0843217560968               
5370           0.0605661816371               
1623           0.0600563561679               
236            0.0229369346435               
8859           0.0150407397381               
6732           0.115092576853                
579            0.0225845622686               
5142           0.0737982294386               
10367          0.0674086222427               
3415           0.0386069850597               
390            0.0631998955768               
6694           0.0434310025873               
7183           0.0225152635202               
4936           0.0651280727223               
8997           0.019249466404                
7154           0.0447815950029               
8434           0.0674086222427               
1566           0.030062541885                
3970           0.053666748972                
8291           0.00856776821475              
2837           0.0303178240536               
11591          0.0158657678613               
9343           0.0955755185794               
697            0.0182278055662               
8131           0.0410756425542               
9203           0.0355191624115               
6612           0.0309797982018               
2453           0.0393809468707               
3419           0.0441893191278               
10100          0.0371894254279               
7476           0.0545365469366               
3216           0.0488761317101               
7355           0.0521011593036               
10530          0.0674086222427               
6532           0.0410892872135               
2028           0.127293520742                
10813          0.0232995221206               
10595          0.0293265418394               
7208           0.0322675117669               
1511           0.0651280727223               
10109          0.069892317546                
5805           0.056457916006                
10108          0.0587384655264               
4313           0.0575462884264               
595            0.0651280727223               
7730           0.0500683088101               
1393           0.0931980884826               
1981           0.0584159559869               
1899           0.0393809468707               
4103           0.0423733256231               
6421           0.0206563851231               
11755          0.0434310025873               
2025           0.193280446538                
3098           0.0413127702462               
1678           0.0758674970702               
269            0.0507099054483               
2372           0.034760845871                
4969           0.063071636555                
5277           0.023672934689                
194            0.0404935369019               
2661           0.030062541885                
11292          0.0237353291216               
8849           0.0355191624115               
9342           0.393809468707                
367            0.0141600200208               
8931           0.116579065333                
10094          0.0631998955768               
