76
2357           0.154026888835                
4554           0.0805259878115               
3348           0.0601625701825               
11772          0.0559470822458               
7527           0.0422182299639               
4428           0.0271911009127               
500            0.090558070808                
6933           0.033456801634                
8911           0.0240684555103               
8293           0.0383434847338               
4006           0.0388917805745               
441            0.0909810182459               
5480           0.177428248159                
6428           0.115036306131                
8420           0.0759484031843               
11991          0.0519967710956               
10586          0.066913603268                
8980           0.0870020042729               
10437          0.12105766981                 
1509           0.0805259878115               
4753           0.0400275136941               
8997           0.0368718259214               
1882           0.0730109149773               
4029           0.0262566293902               
1534           0.308391565408                
1981           0.167841246737                
5479           0.220428486805                
1533           0.0486065147906               
4220           0.106225810647                
7237           0.0139782660483               
7440           0.0639185399766               
273            0.0887141240794               
9757           0.0775642613803               
8867           0.0887141240794               
7014           0.189876964464                
2659           0.0440723743868               
11812          0.140789112876                
11741          0.124751040347                
2721           0.0818214104606               
23             0.0818214104606               
8943           0.0846434310579               
11837          0.0764750064181               
8083           0.0854041134438               
2222           0.056634961529                
9310           0.0292427337782               
2362           0.124768008141                
10813          0.0446295967719               
10591          0.150866251268                
7244           0.0831908964843               
7180           0.112511922685                
7584           0.344758962537                
10285          0.02987674755                 
3391           0.0548427631632               
8832           0.207558777829                
6301           0.235716653456                
2502           0.337535768056                
480            0.0585721359341               
6042           0.030941260958                
5182           0.115036306131                
9243           0.0349148625558               
8218           0.0287374104891               
4297           0.0373871034719               
727            0.0887141240794               
873            0.0422182299639               
7154           0.0285926397608               
6759           0.0325034957477               
9237           0.0410978422457               
8611           0.258238741041                
9278           0.01391170494                 
3438           0.0759484031843               
330            0.0505104352242               
189            0.0744346693881               
2353           0.0468401317182               
2652           0.0629909602943               
9121           0.0596028102249               
1515           0.0367700869888               
