127
6394           0.0228028416216               
7242           0.0694221385646               
4809           0.0166971314404               
5683           0.0611353278161               
3801           0.0297038213748               
12058          0.0524810076037               
9353           0.0959266728443               
9135           0.100788497191                
1836           0.157327883223                
8631           0.0437984124392               
1353           0.0299317432227               
9069           0.0226023400474               
10603          0.071853050738                
9782           0.0353954459331               
10538          0.0324549263762               
6848           0.026153642886                
9131           0.056344640692                
10672          0.0626112476909               
9875           0.0406295117235               
11862          0.0170861312544               
12243          0.0678431593779               
11029          0.0165699466595               
4678           0.0455324242488               
10279          0.0769321065074               
1690           0.0396414224662               
12114          0.0547742272959               
396            0.071853050738                
11815          0.0673668316075               
10998          0.0106398227758               
11086          0.0357463373268               
3238           0.0840700498333               
692            0.181453106009                
6631           0.0488832255133               
6544           0.0366662264179               
4839           0.134733663215                
4074           0.056344640692                
4887           0.0594076427495               
1714           0.0398816650636               
6568           0.088930413098                
8361           0.0572051394693               
5664           0.0387215333751               
9085           0.0757220691957               
7790           0.0416967294233               
2548           0.0111076989721               
10082          0.071853050738                
10841          0.311256445843                
6655           0.0451671108922               
4237           0.0394054321741               
6202           0.0673668316075               
9262           0.0260673441807               
3091           0.0434771172917               
669            0.0572051394693               
4908           0.0748282467862               
2538           0.0334643999259               
6016           0.552064204855                
7128           0.0347202078056               
8190           0.0204620183277               
12115          0.125222495382                
3185           0.0406295117235               
11591          0.0169118398389               
11230          0.019170709581                
11275          0.0434771172917               
11653          0.064016030343                
11007          0.0515059842112               
10692          0.0480223911338               
2880           0.0168686206652               
3642           0.0235649406649               
9309           0.00817739557037              
8527           0.157327883223                
7476           0.0775097140146               
110            0.0295913050663               
8602           0.028829206023                
8341           0.0425572282006               
11100          0.163553660282                
688            0.064016030343                
9520           0.0707908918662               
8078           0.160505264109                
10452          0.125222495382                
9550           0.0385011464826               
3688           0.0765686865522               
9170           0.0498713147706               
12218          0.059632977257                
8560           0.193661397268                
9918           0.117520638809                
1003           0.0635559474218               
7970           0.0896230807915               
10564          0.0226023400474               
9310           0.0433950821458               
2362           0.0694315808953               
8745           0.064016030343                
8741           0.0684706284892               
7518           0.110537177527                
613            0.0479633364222               
12109          0.0738074492167               
8744           0.0416967294233               
4451           0.112352258671                
8990           0.0572051394693               
5162           0.0276162698954               
12057          0.0515059842112               
11967          0.0141109352062               
12245          0.0533694446438               
5037           0.0503942485955               
10273          0.044465206549                
1678           0.0269565471744               
9642           0.0475261463232               
805            0.0479633364222               
6145           0.030567663908                
6460           0.0493681190743               
7884           0.0933118528804               
2059           0.0189167380274               
717            0.0581250285604               
534            0.104197328318                
9304           0.0484153493169               
3098           0.0660549454476               
2336           0.0401263160272               
1575           0.0411524455484               
10793          0.0431633827361               
8059           0.141551713766                
4945           0.0391735462698               
11206          0.0786639416117               
10923          0.0250731120514               
9278           0.00774166135474              
11292          0.0253002620572               
656            0.0786639416117               
11018          0.0823048910968               
7274           0.071853050738                
10924          0.0209804332223               
