196
7784           0.260984910305                
7454           0.0276945093344               
3086           0.0275251388501               
7928           0.122371536162                
6933           0.0122082056486               
8911           0.0175648980276               
8414           0.0186304457                  
1938           0.0610410282432               
9639           0.0430058648713               
3873           0.0283027787376               
7906           0.0354434644023               
6766           0.655485752496                
4529           0.0152211400439               
1522           0.0170926889381               
11161          0.0551258003443               
11135          0.0910419574527               
105            0.021845347767                
11882          0.0236756309594               
7453           0.0192576141049               
1448           0.021845347767                
2659           0.0160817706314               
8331           0.0535755936374               
1612           0.0163366774752               
2106           0.0345684662103               
8997           0.0134543295086               
7186           0.0197023192316               
3871           0.0499272891847               
1436           0.0471149587393               
2340           0.0334010432534               
7044           0.0551258003443               
1533           0.017736253899                
8379           0.020665790616                
6668           0.038761222778                
2267           0.0382287083366               
8294           0.0192576800897               
12138          0.0131257556885               
4634           0.0490658326078               
7356           0.0515809464629               
9456           0.0263113354905               
840            0.0263113354905               
132            0.0591069576947               
2880           0.0110609689981               
4600           0.0308859293983               
8190           0.0268344110467               
6701           0.0279053155035               
2739           0.0154052033771               
4177           0.0296166487603               
7718           0.0291564011601               
12181          0.0287191757862               
11740          0.0252456911615               
2632           0.0211008398392               
981            0.0611857680808               
9405           0.0306253746487               
668            0.0513731844986               
10425          0.0159323193784               
9529           0.154742839389                
8083           0.0623269965591               
3718           0.0197023192316               
2075           0.0429303422272               
9625           0.0308104067543               
9310           0.0320115453591               
2278           0.0237962216354               
3796           0.0181083392186               
9047           0.0271608075757               
9588           0.0189036768559               
12177          0.0562035772245               
9638           0.0306169024673               
2151           0.0536221070415               
7237           0.030603561284                
480            0.0213726550609               
7062           0.122371536162                
10844          0.0291564011601               
5407           0.0119538550437               
8404           0.0612338049346               
6772           0.0152211400439               
9161           0.0611857680808               
2657           0.020665790616                
1343           0.0441732878282               
5588           0.0419761248449               
2305           0.110837691404                
12238          0.0652462275763               
8082           0.0738917942696               
8842           0.0344124638057               
10455          0.0212811077804               
880            0.0375101371214               
2925           0.0207510857843               
1741           0.0471149587393               
5189           0.0419761248449               
5684           0.0207510857843               
8420           0.0277131608365               
2610           0.0255371409963               
9278           0.00761445863932              
3438           0.0277131608365               
8291           0.0299420187281               
3812           0.0227664816091               
2078           0.021943032419                
5251           0.0961600570657               
4567           0.0574383515724               
7559           0.0277131608365               
6394           0.0149521131129               
10812          0.0237962216354               
2763           0.0157853800305               
7524           0.0234393277799               
2924           0.0289350555298               
2663           0.0273410755169               
1881           0.0252456911615               
3614           0.033773128573                
7251           0.0256865922493               
2069           0.0515809464629               
8595           0.0375101371214               
7526           0.0570169969476               
214            0.0464184876653               
9866           0.0430058648713               
207            0.0334010432534               
7993           0.0981316652156               
3799           0.0471149587393               
2084           0.0397114072228               
628            0.0194033948861               
6126           0.0354434644023               
11460          0.0246904134365               
6477           0.032371303227                
6197           0.0141108217015               
1503           0.0110609689981               
5205           0.0115258059346               
10998          0.0139533340874               
5110           0.0281017886122               
12020          0.0655542520032               
10248          0.0174967132873               
8405           0.050491382323                
6133           0.0183654955634               
8811           0.0394610109899               
4060           0.0213726550609               
3532           0.0235566810238               
2140           0.0275251388501               
3235           0.032371303227                
4182           0.0237962216354               
2229           0.104985069799                
5830           0.0170364656871               
2089           0.0233235289294               
3599           0.0296166487603               
2342           0.0228750877933               
5792           0.0197023192316               
4113           0.0485918793314               
4986           0.0461032237382               
8422           0.0422016796783               
9627           0.0294681594665               
3522           0.0515809464629               
852            0.0419761248449               
103            0.0183004938855               
8741           0.0224485307373               
4147           0.0228750877933               
2647           0.0273410755169               
9620           0.0293834966658               
9640           0.0178585312125               
8381           0.0277131608365               
4358           0.0241683069551               
12218          0.00558601446009              
3508           0.0402217240852               
9252           0.0611857680808               
9551           0.0216531931                  
7436           0.0244254632999               
10564          0.014820641682                
6592           0.0611857680808               
9546           0.0745258229526               
7932           0.0320533523552               
11771          0.0934904948387               
8962           0.0471149587393               
7364           0.0240425107502               
9223           0.0611857680808               
1706           0.0261509147437               
8832           0.0252456911615               
7412           0.0597123787439               
7722           0.0314501693849               
2548           0.00728345941313              
9166           0.038761222778                
7320           0.244743072323                
6105           0.069627731498                
1006           0.0611857680808               
6019           0.0368619682996               
11968          0.0246904134365               
6995           0.0291564011601               
1739           0.0455271701826               
8721           0.0177971787824               
1048           0.0255371409963               
11586          0.0433063862001               
8362           0.0306169024673               
4463           0.0273410755169               
8925           0.0259933846187               
10488          0.0490658326078               
3077           0.0215586766616               
11292          0.0165897034389               
3468           0.0488509265998               
11879          0.309213014798                
11972          0.038761222778                
9164           0.0349950232663               
7547           0.0554909009829               
