174
11125          0.059251345576                
5683           0.062319976868                
9790           0.0585608012573               
8958           0.0338108109217               
10478          0.0602585815206               
4382           0.0762782302046               
3873           0.0439997806464               
1313           0.0707673651884               
2657           0.0321272431382               
4674           0.0707673651884               
6257           0.0707673651884               
11164          0.0471915948396               
6544           0.186883628814                
6918           0.0480155722936               
4408           0.0227063571678               
4084           0.0803380208887               
917            0.107198407604                
1035           0.0419498765485               
2548           0.0113229382703               
7013           0.0574364582639               
4237           0.0401690104444               
4633           0.0297153646431               
4014           0.0316094103937               
10411          0.0652565001722               
6145           0.062319976868                
11018          0.125849629645                
11730          0.0279558397925               
6264           0.027018125562                
11230          0.0195421897667               
11275          0.0443195945895               
88             0.0480155722936               
10692          0.0244764722094               
6261           0.0357328025348               
10200          0.0686722315463               
9069           0.0230403166096               
10653          0.0453268305341               
2246           0.021208534994                
9520           0.036081320745                
7828           0.0279558397925               
9534           0.100003520749                
3834           0.0707673651884               
12218          0.034736294017                
8370           0.0935952234662               
1585           0.0493535171442               
875            0.0574364582639               
7970           0.0456798754606               
9310           0.0442359698086               
4819           0.122692958436                
3791           0.0668573442343               
2686           0.0299381805426               
2697           0.0460423360199               
3778           0.0422244609474               
12109          0.0752376521428               
2198           0.0503247491856               
7237           0.0158588666738               
435            0.0537404805598               
4724           0.0531082053736               
6058           0.0296053116899               
8218           0.0163018345739               
150            0.0381764543871               
3364           0.0480155722936               
4423           0.0285511816258               
6648           0.0219993130316               
11945          0.0498304596057               
345            0.0707673651884               
9084           0.283069460754                
2059           0.0192832968825               
534            0.0531082053736               
7470           0.0574364582639               
2336           0.0409038632153               
9578           0.0488927453752               
9201           0.0617357476863               
367            0.0153861041176               
7624           0.0249229919199               
5177           0.119100878319                
4873           0.134948173263                
1716           0.0326655893709               
11692          0.0928294564631               
9359           0.0625290913439               
8121           0.0238769785867               
4437           0.0707673651884               
12058          0.0534979576737               
9353           0.0488927453752               
7518           0.15023881374                 
3826           0.122692958436                
199            0.0427908539616               
2358           0.0449827244211               
11782          0.0686722315463               
9961           0.0668573442343               
6279           0.0401690104444               
10240          0.0602585815206               
4076           0.0401690104444               
2582           0.0707673651884               
692            0.147975369045                
6631           0.0498304596057               
4147           0.0355618384507               
413            0.0425047072774               
8059           0.0865767782002               
11815          0.0686722315463               
3884           0.0368063707997               
11243          0.0686722315463               
7790           0.0425047072774               
4844           0.0707673651884               
10089          0.0668573442343               
9835           0.028652990832                
8690           0.0318658607466               
4361           0.0625290913439               
10245          0.0762782302046               
9625           0.0478981640419               
10873          0.0652565001722               
10749          0.0508376955503               
6242           0.0217510601852               
4463           0.0425047072774               
1233           0.0652565001722               
899            0.0359059445637               
9170           0.0508376955503               
9550           0.274730413777                
7531           0.0613464792181               
3344           0.137344463093                
6809           0.030748124474                
2608           0.0436873194033               
8987           0.0333699679912               
5870           0.0531082053736               
61             0.0503247491856               
11664          0.084750753834                
4358           0.037572289791                
513            0.0686722315463               
11100          0.12504218947                 
8675           0.0254778226488               
3809           0.0453268305341               
8078           0.0409038632153               
9918           0.0798652623477               
4230           0.0668573442343               
1714           0.121963414592                
11189          0.0707673651884               
9370           0.0638244963617               
2362           0.117961650813                
1095           0.0686722315463               
8720           0.028963075737                
9569           0.342249217626                
456            0.073245382332                
9278           0.0105222337347               
10354          0.0762782302046               
10997          0.0583136313455               
10717          0.0275729562909               
5617           0.059251345576                
4451           0.0763529087742               
8990           0.0583136313455               
11967          0.0287687393541               
3165           0.0425047072774               
3878           0.0397002927731               
9611           0.0484470836305               
3812           0.0353929981991               
433            0.0652565001722               
12051          0.0830030121578               
774            0.0453268305341               
6460           0.0503247491856               
6265           0.0287555684168               
6913           0.0226405388045               
3332           0.106216410747                
6478           0.0602585815206               
210            0.0226405388045               
459            0.0707673651884               
9304           0.246767585721                
8225           0.0453268305341               
4953           0.0602585815206               
6329           0.0196471436896               
6161           0.0446471156297               
6904           0.0312335855604               
11292          0.0257905175695               
6518           0.0449827244211               
10998          0.0216919916176               
5645           0.0566124808099               
6063           0.0201297316197               
