193
4844           0.0677242344815               
11125          0.056703425519                
1928           0.0598402220122               
5683           0.0596400998547               
9790           0.0560425759135               
5585           0.0598402220122               
8958           0.0323568820285               
6750           0.0657191955533               
10478          0.0576673484106               
4382           0.0729981218667               
3873           0.0421077067614               
1313           0.0677242344815               
2657           0.0307457108477               
4423           0.0273234267519               
4674           0.0677242344815               
6257           0.0677242344815               
11164          0.0451622669003               
10245          0.0729981218667               
6544           0.178847278895                
3258           0.0234127761243               
6918           0.0459508117636               
4408           0.0217299408133               
4084           0.0768833338639               
917            0.170981121814                
1035           0.0401459524214               
2548           0.0108360304838               
7013           0.054966581798                
4237           0.038441666932                
4633           0.028437547695                
4014           0.0302501458917               
10569          0.0729981218667               
10411          0.0624503470962               
11018          0.120437857264                
6145           0.0596400998547               
6264           0.0258562950018               
11230          0.018701838602                
11275          0.0424137680993               
88             0.0459508117636               
11956          0.0406769243784               
10692          0.0234239375562               
6261           0.0341962243628               
11985          0.0250983909223               
10200          0.0657191955533               
9633           0.0199615649394               
10653          0.043377690991                
2246           0.0202965278292               
9520           0.03452975563                 
7828           0.0267536857447               
9534           0.0957031799922               
3834           0.0677242344815               
12218          0.0332425675982               
8370           0.0895704516269               
1585           0.047231222452                
875            0.054966581798                
7970           0.0437155543172               
9310           0.0423337393424               
4819           0.117416928894                
3791           0.0639823518323               
2686           0.0573015641778               
9312           0.054966581798                
2697           0.0440624283862               
3778           0.0404087291712               
12109          0.048001527088                
2198           0.0481606896766               
7237           0.0151769053768               
435            0.0514295381337               
4724           0.0508244519778               
6058           0.0283322272271               
8218           0.0156008248183               
150            0.0365347945582               
3364           0.0459508117636               
9893           0.0451622669003               
6648           0.0210533009137               
11945          0.0476876554846               
345            0.0677242344815               
9084           0.270896937926                
2059           0.0184540786021               
534            0.0508244519778               
5889           0.054966581798                
7470           0.054966581798                
2336           0.0391449196423               
9578           0.0467902647416               
9201           0.0590809936341               
367            0.0147244725057               
858            0.0729981218667               
7624           0.0238512560736               
5177           0.113979315024                
4873           0.129145146277                
1716           0.031260907173                
11692          0.088837614055                
9359           0.0598402220122               
6913           0.0216669527642               
8121           0.0228502232945               
4437           0.0677242344815               
12058          0.051197444191                
9353           0.0467902647416               
9069           0.0220495393667               
7518           0.14377826026                 
3826           0.117416928894                
199            0.0819015324265               
2358           0.0430483820925               
6491           0.0332440671948               
11782          0.0657191955533               
9961           0.0639823518323               
6279           0.038441666932                
10240          0.0576673484106               
4076           0.038441666932                
2582           0.0677242344815               
692            0.141612147972                
6631           0.0953753109691               
4147           0.0340326120581               
413            0.0406769243784               
8059           0.110471750396                
11815          0.0657191955533               
3884           0.0352236271595               
11243          0.0657191955533               
7790           0.0406769243784               
6904           0.0298904822379               
10089          0.0639823518323               
9262           0.025429797556                
9835           0.0274208579694               
8690           0.0304955683939               
4361           0.0598402220122               
12108          0.0303722783076               
9625           0.045838452289                
10873          0.0624503470962               
10749          0.0486515783763               
6242           0.0208157234099               
4463           0.0406769243784               
1233           0.0624503470962               
899            0.0343619209567               
9170           0.0486515783763               
9550           0.26291648576                 
7531           0.0587084644471               
3344           0.131438391107                
6809           0.0588517937952               
2608           0.0418086819434               
8987           0.0319349961789               
5870           0.0508244519778               
61             0.0481606896766               
11664          0.0811063109366               
4358           0.0359566101838               
513            0.0657191955533               
6329           0.0188022793074               
11100          0.15955351806                 
8675           0.0243822280306               
3809           0.043377690991                
8078           0.0391449196423               
9918           0.0764309048353               
4230           0.0639823518323               
11642          0.0624503470962               
1714           0.155625009089                
9370           0.0610799221612               
2362           0.112889076458                
1095           0.0657191955533               
8720           0.0277176086364               
9569           0.327531853191                
456            0.0700956921956               
9278           0.0113284774793               
10354          0.0729981218667               
10997          0.055806034776                
10717          0.0263872669587               
5617           0.056703425519                
4451           0.0730695891164               
8990           0.055806034776                
11967          0.0275316290859               
3165           0.0406769243784               
3878           0.0379931050081               
9611           0.0463637672959               
3812           0.033871032257                
433            0.0624503470962               
12051          0.0794337254621               
774            0.043377690991                
6460           0.0481606896766               
6265           0.0275190245238               
5790           0.0520641521269               
4591           0.0541780369347               
3332           0.0508244519778               
6478           0.0576673484106               
210            0.0216669527642               
459            0.0677242344815               
9304           0.188924889808                
8225           0.043377690991                
400            0.0729981218667               
4953           0.0576673484106               
11573          0.0430483820925               
6161           0.0427272051146               
11189          0.0677242344815               
11292          0.0246814764776               
6518           0.0430483820925               
10998          0.0207591949025               
5645           0.0541780369347               
6063           0.0192641150428               
