317
10012          0.0573609806759               
8067           0.0466798663303               
6933           0.0135762271986               
6753           0.0805500609989               
9934           0.0332018006465               
6068           0.027162520745                
4387           0.0300901726355               
4006           0.0157816534591               
3786           0.0224310785767               
4524           0.0228876117057               
83             0.0423842051609               
8163           0.02760789797                 
7352           0.0282353653041               
9235           0.0332018006465               
9586           0.0534733109458               
2142           0.0980284174692               
10249          0.0491232380028               
6214           0.0232689299617               
4952           0.0157816534591               
2852           0.0736008307824               
9085           0.02760789797                 
1981           0.0227024181204               
4551           0.0751153248743               
2944           0.0259371063145               
7237           0.00567215353668              
3146           0.0478249964957               
6294           0.0389164796496               
1588           0.0680420950214               
4982           0.026037038183                
2891           0.0906131429525               
11230          0.0139790948596               
2081           0.0648471917717               
8952           0.0613030621795               
8012           0.0680420950214               
2571           0.163692088013                
7209           0.0585194382858               
5021           0.0282353653041               
7690           0.0359987519848               
3006           0.0353040015499               
10425          0.017717655969                
848            0.0616372591905               
1951           0.0140165606835               
7856           0.0367469956455               
187            0.0680420950214               
5065           0.0545640293376               
9310           0.0514203163262               
10561          0.0371438821502               
7749           0.0742877643003               
6570           0.034974398146                
1668           0.0375576624372               
4984           0.0680420950214               
10285          0.0121234993449               
9474           0.0329354177021               
11045          0.0508768279317               
3166           0.0404965486942               
11041          0.0267266401874               
10138          0.0384421236573               
77             0.0196564518619               
6058           0.0211775376967               
4544           0.0613030621795               
6066           0.0324235958858               
1164           0.0513944179287               
10107          0.0334756883148               
2522           0.0438202254984               
10455          0.0236658164664               
2059           0.0137939012743               
6251           0.050621947834                
11869          0.023366643038                
9517           0.0395829738782               
2605           0.0290813220411               
10614          0.0963183870135               
247            0.0302043809842               
6369           0.0851963109438               
6614           0.0798816669769               
9789           0.0877658299841               
11831          0.035645172319                
2579           0.0229815483713               
11882          0.0263286640335               
7789           0.0573609806759               
10585          0.0581626440823               
2054           0.0523945453334               
6557           0.0523945453334               
11458          0.020784879602                
2561           0.0947276510102               
10181          0.0259371063145               
2358           0.0321774468077               
11991          0.042198891915                
8708           0.0379898388872               
7661           0.0478249964957               
12062          0.0629486372613               
11029          0.0120826438475               
3216           0.0379898388872               
6197           0.0313840914696               
11193          0.035645172319                
6962           0.0200673173328               
3350           0.0317030908154               
2512           0.0573609806759               
1309           0.0877658299841               
6997           0.050621947834                
8528           0.0259371063145               
4829           0.0523945453334               
1554           0.0938016830839               
7919           0.0397884553651               
5031           0.0683837219078               
12132          0.0797136959246               
4362           0.0680420950214               
8001           0.0279165705386               
11384          0.0290813220411               
1682           0.0248489990062               
10167          0.0399408334884               
10120          0.0389164796496               
10100          0.0289061394771               
3274           0.0208688651281               
6242           0.0155591639042               
9342           0.122438153307                
4986           0.0256347188961               
1566           0.023366643038                
12129          0.0238600265039               
10067          0.050621947834                
7099           0.0254384139658               
7183           0.0350007745583               
9595           0.0398568479623               
2007           0.0847684103218               
313            0.0249640579735               
9640           0.0397194287436               
10757          0.0466798663303               
6694           0.101272547557                
12145          0.0296266445476               
5102           0.0343469308119               
10512          0.0404965486942               
8997           0.0149619886387               
9015           0.0399408334884               
3970           0.0834268619758               
10564          0.115369844796                
8131           0.031926770557                
938            0.018945530202                
9278           0.00658600147219              
5987           0.0250804949252               
7757           0.0410859636538               
2028           0.0494705715775               
2712           0.0337575158523               
627            0.051874212629                
2004           0.0363656773895               
4654           0.0552006230868               
774            0.0324235958858               
10828          0.0431047102314               
6159           0.0613030621795               
10697          0.0613030621795               
3333           0.0523945453334               
6421           0.0160555411274               
2025           0.300461299497                
1678           0.0196564518619               
7662           0.0367469956455               
1644           0.0205696916998               
194            0.157371593153                
8246           0.0456555124915               
4486           0.0399408334884               
8849           0.02760789797                 
6981           0.02760789797                 
12196          0.0353040015499               
5645           0.0809930973884               
5264           0.0478249964957               
3026           0.0410859636538               
5093           0.0236658164664               
4809           0.012175385752                
7454           0.00769947201289              
10081          0.0238705054848               
2453           0.122438153307                
5787           0.0181303043797               
11728          0.0228876117057               
9671           0.0353040015499               
10714          0.0466798663303               
10538          0.0473316329327               
12150          0.0417134309879               
5623           0.0821719273076               
2638           0.0480280620394               
5912           0.272382059069                
9182           0.0340477573836               
2430           0.0204963149797               
5996           0.0373987622479               
7453           0.010707787529                
4866           0.0798816669769               
6383           0.021335628485                
4408           0.0162425155294               
2399           0.0248489990062               
2304           0.0613030621795               
6263           0.0279165705386               
4011           0.0280746613269               
5928           0.0343469308119               
2548           0.00809962599176              
7154           0.0464097169654               
4501           0.0613030621795               
5827           0.0144777872083               
4633           0.0212562617646               
3945           0.0664036012931               
6603           0.0268765480916               
8938           0.023366643038                
1619           0.0613030621795               
5037           0.146987982582                
3267           0.0222543033565               
6955           0.0956499929914               
11150          0.0263286640335               
973            0.0346556033805               
3337           0.0523927697204               
2480           0.0834268619758               
7476           0.0141298322862               
8971           0.0353040015499               
1852           0.125897274523                
9405           0.0510857684053               
2626           0.0552006230868               
1223           0.0306095383267               
5370           0.0156920457348               
7743           0.0523945453334               
5963           0.0951092724461               
12218          0.0124239390501               
7971           0.0363656773895               
3346           0.0523945453334               
9419           0.0371438821502               
9003           0.0423842051609               
4859           0.0394151719983               
2146           0.0202794501685               
4540           0.0613030621795               
8753           0.0752414847755               
10692          0.0262630952003               
7842           0.0394151719983               
8218           0.0233223497074               
2929           0.0334756883148               
8675           0.0364500502631               
6772           0.0169267836245               
1430           0.0993959960248               
2153           0.0270184830104               
1369           0.0399408334884               
960            0.0128505983497               
614            0.0334526306008               
8191           0.023974489035                
9217           0.0279165705386               
10380          0.0399408334884               
12209          0.0379898388872               
8743           0.0207181277015               
8057           0.0157367463619               
193            0.05521579594                 
8291           0.00665944956593              
3141           0.0680420950214               
1114           0.0478249964957               
9359           0.0447288717291               
2802           0.0324235958858               
9618           0.0478249964957               
9441           0.0238705054848               
10613          0.0231721891708               
8890           0.0478249964957               
2042           0.0913110249831               
3330           0.050621947834                
6848           0.0381419637372               
5334           0.0260658812999               
11862          0.0124590406307               
4164           0.0643548936155               
9940           0.0478249964957               
8524           0.0317441895111               
11776          0.0613030621795               
4472           0.0759796777744               
8335           0.0545640293376               
5604           0.0203512022968               
4147           0.0508768279317               
5205           0.0128173594481               
7452           0.0208688651281               
3241           0.0447288717291               
11064          0.0157816534591               
8500           0.170813403283                
3268           0.0359987519848               
8665           0.0523945453334               
2342           0.0508768279317               
8451           0.0210219764698               
5292           0.0375206732336               
8930           0.0879800992434               
11167          0.0431047102314               
10457          0.0456555124915               
11591          0.0369958470801               
6554           0.0258100147105               
6732           0.0447288717291               
9357           0.0789859921006               
3570           0.0447288717291               
1689           0.0332018006465               
1726           0.0332018006465               
3079           0.0314743186306               
1331           0.0329354177021               
3447           0.0491232380028               
7198           0.0321110822548               
7929           0.0423842051609               
6958           0.0478249964957               
9914           0.0834268619758               
2811           0.02760789797                 
10094          0.0491232380028               
7922           0.0706951968727               
4589           0.0680420950214               
2710           0.0573609806759               
10767          0.0573609806759               
6292           0.0613030621795               
2438           0.0321774468077               
4103           0.0329354177021               
4327           0.0277610093117               
3812           0.0253176376392               
3174           0.0573609806759               
6487           0.0466798663303               
8271           0.104789090667                
5085           0.0523945453334               
9563           0.0491232380028               
11586          0.0240795967534               
3098           0.0160555411274               
4368           0.0389164796496               
2372           0.0270184830104               
3080           0.0686938616238               
4969           0.0490235464068               
3391           0.0222543033565               
10998          0.00775845522269              
10014          0.0431047102314               
8931           0.120817523937                
1515           0.0298414092616               
