94
6206           0.0994775305103               
355            0.101471776099                
2802           0.10748544545                 
4809           0.121085591402                
5683           0.036945504435                
2453           0.101471776099                
624            0.100793224269                
8890           0.158541670396                
5787           0.0300513220258               
10125          0.129009600453                
6881           0.134247589037                
3268           0.119337223001                
11458          0.0689026612135               
10132          0.0681893051869               
11862          0.0413021904413               
5614           0.158541670396                
9586           0.0886330231066               
11162          0.10748544545                 
10998          0.0257195722075               
6383           0.14145682914                 
11282          0.124505070052                
9595           0.0660634784702               
4011           0.0930685630675               
7919           0.0791401397378               
3101           0.130662784431                
4551           0.124505070052                
5827           0.047994411622                
2944           0.0859824874364               
8911           0.0323766105153               
6163           0.124789138762                
3321           0.0573099356691               
1612           0.0602253702697               
6242           0.0515792162274               
9342           0.304415328298                
8190           0.0494626996128               
12077          0.108322635934                
8279           0.0691810764058               
1614           0.123133372767                
11591          0.040880876972                
3267           0.0737738564803               
11230          0.0463412276437               
2825           0.0758732975865               
10692          0.02902105097                 
4177           0.109182154109                
6422           0.0812574543185               
3337           0.260526016836                
9309           0.0197671634457               
9633           0.0494626996128               
6694           0.111907440539                
8971           0.117034099059                
5241           0.110973171604                
10585          0.0964056813708               
9405           0.0564504174936               
2626           0.0609973837416               
5370           0.0520197245168               
11890          0.0863137653562               
7198           0.21289890191                 
4969           0.162514908637                
4648           0.138281599819                
194            0.104338555482                
3651           0.0718028481103               
2160           0.0720771478209               
6848           0.0632210254696               
6612           0.0798247730574               
12157          0.0771373820127               
9278           0.00935693302493              
10285          0.0200949292005               
11045          0.0843293034581               
5162           0.0667566239258               
2561           0.0628051484549               
8753           0.0831427883146               
8849           0.0915212249034               
7208           0.0831427883146               
5317           0.0702043376335               
7394           0.127437092415                
627            0.0859824874364               
4121           0.0715308631928               
8066           0.0699454605674               
2353           0.0315044041874               
11869          0.0774613045529               
9517           0.0656095270017               
109            0.0905294536845               
10614          0.0798247730574               
8930           0.0729143383048               
6759           0.0437233299727               
4974           0.138281599819                
5277           0.0609973837416               
247            0.1001286642                  
6614           0.132405372133                
5451           0.136201521898                
7624           0.0591009531638               
3445           0.132405372133                
367            0.0364857245772               
11178          0.225562115889                
