148
3297           0.0489843079576               
5585           0.0725395706179               
6963           0.331044189088                
6933           0.0220174051687               
3824           0.0930258409747               
6233           0.0552173485633               
8923           0.0572546772258               
3873           0.0510438441816               
11485          0.0583813968654               
3269           0.0547466459669               
10090          0.0884898524449               
1010           0.0349938737232               
8514           0.11795292486                 
6544           0.0867209671423               
4275           0.0369673668087               
3064           0.0777618157199               
691            0.0609095781156               
10909          0.110348063029                
917            0.0414533794932               
10841          0.0525833456675               
1287           0.0360911766266               
4237           0.0465997939064               
6950           0.110348063029                
12138          0.0473443992438               
9980           0.0595948697692               
3262           0.0609095781156               
11730          0.0324313782789               
10526          0.0900434827683               
11230          0.0226707605075               
4819           0.0711676303902               
771            0.0525833456675               
8554           0.0374244239122               
10692          0.0283949877753               
266            0.220696126059                
10662          0.0595948697692               
11985          0.0304247952211               
9201           0.143238436148                
6599           0.0757902530172               
3337           0.0849685867781               
9633           0.0725934814848               
7476           0.0458304413826               
2536           0.0687370802012               
3456           0.0583813968654               
1934           0.0994189577372               
8690           0.0369673668087               
3450           0.0639220159611               
9534           0.0290033498789               
3878           0.0921120754923               
12218          0.0604460051799               
8560           0.114509354452                
1624           0.0994189577372               
7970           0.0529929106688               
9310           0.0384883842082               
2686           0.0347310782065               
918            0.0562031299146               
8918           0.044288243271                
11940          0.0820967356825               
7237           0.00919888130694              
4838           0.110348063029                
1208           0.0687370802012               
6687           0.0676492443446               
7594           0.0930258409747               
8218           0.0189116466409               
150            0.088576486542                
2362           0.0547386012842               
6136           0.0994189577372               
11954          0.0521841505225               
5889           0.0666316418604               
10754          0.110348063029                
9261           0.0337216221269               
9278           0.00457753923406              
5712           0.0711676303902               
656            0.0930258409747               
1722           0.063974395502                
12238          0.0392236901862               
12242          0.110348063029                
7524           0.0422726477146               
12058          0.0620626142996               
9353           0.0567201390524               
3404           0.0514148581465               
742            0.220696126059                
11238          0.0299366024776               
7518           0.087145509431                
11664          0.0327729230269               
8539           0.0450217413841               
199            0.148924129843                
5293           0.0450217413841               
3585           0.0631132558148               
692            0.12874890913                 
10816          0.0730463725617               
413            0.0493094198057               
4753           0.0263414894388               
11100          0.0483535292045               
1714           0.0943259479757               
7589           0.0477470172758               
4845           0.110348063029                
7786           0.0757036189201               
11122          0.05032702229                 
11384          0.0471629739878               
9262           0.0308265332846               
10120          0.0631132558148               
10749          0.0589764624299               
10403          0.178784609308                
1735           0.0699055677222               
6964           0.0775607471526               
9918           0.0926511438672               
8437           0.0884898524449               
10194          0.0687370802012               
7710           0.109493291934                
110            0.0349938737232               
513            0.159332370987                
5475           0.110348063029                
3718           0.0355329814855               
1331           0.0534133986813               
9550           0.0455304102064               
2499           0.0884898524449               
11890          0.0211129355262               
206            0.0711676303902               
4230           0.0775607471526               
11642          0.0757036189201               
4591           0.0656757512592               
1095           0.0796661854935               
10543          0.0387122713219               
11155          0.0431368292395               
10997          0.0676492443446               
10717          0.031987197751                
4451           0.088576486542                
2938           0.0595948697692               
2156           0.0455304102064               
11967          0.0166872087465               
8900           0.0583813968654               
8675           0.029556647562                
8784           0.0538454083355               
6460           0.0583813968654               
5353           0.0542895888634               
6913           0.0787954020187               
7730           0.12622651163                 
5816           0.0994189577372               
5780           0.0740423611071               
9304           0.229018708903                
3098           0.0260382615165               
8987           0.0387122713219               
6139           0.0499804728233               
6329           0.0227925168346               
11292          0.014959701399                
5538           0.14063660885                 
6395           0.0217863773578               
11604          0.0525833456675               
