273
8789           0.0767443285753               
2307           0.161886303597                
9790           0.026220861859                
1759           0.0559953631472               
6753           0.075629505219                
11575          0.0718092994359               
1798           0.0336463231098               
4524           0.0286526370885               
6216           0.037812384182                
8163           0.0345618883911               
7352           0.0353474047674               
9586           0.0669423875306               
2142           0.0818134778536               
6214           0.0291300033487               
4952           0.0197568009731               
12107          0.0351462220142               
2852           0.0230349273762               
3746           0.0219084565077               
1981           0.0284207961844               
4551           0.047017840286                
897            0.0598713525016               
3166           0.0506969852509               
8911           0.0122266370483               
12071          0.0514348644648               
11177          0.0271154808644               
9342           0.153278376862                
3970           0.052220380841                
3836           0.0506969852509               
777            0.0530601123602               
8316           0.0530601123602               
6328           0.0718092994359               
3478           0.0683078405384               
7209           0.0366297770468               
4186           0.0493432269636               
9368           0.0851808166121               
10714          0.0584377822598               
5065           0.0683078405384               
9310           0.0346619948862               
10561          0.0464998353255               
7157           0.0487189219435               
10285          0.0151772160171               
3033           0.053962101199                
11041          0.0167293278943               
77             0.0246075994687               
6058           0.0265118226338               
6066           0.0405905840228               
1164           0.193019563276                
2522           0.0274289216911               
11954          0.0402824339067               
9870           0.0633728113991               
10455          0.0296268592518               
2059           0.0172683656264               
11955          0.052220380841                
1958           0.061496600397                
10614          0.0602897284246               
10050          0.0295007308749               
9278           0.00706706614192              
3474           0.0391223870736               
8577           0.0767443285753               
1716           0.0292523287949               
11831          0.0446236243234               
11882          0.032960435771                
7878           0.0481250832209               
3740           0.0597810942982               
1852           0.0394021989244               
11458          0.0260202602099               
2561           0.0237176079492               
6197           0.0196446224882               
11193          0.0446236243234               
2835           0.0357600300267               
11869          0.0292523287949               
8660           0.0598713525016               
10816          0.0563865780199               
4829           0.131183796034                
1554           0.0234857670451               
7919           0.0199242137895               
5031           0.057072329252                
12132          0.0249480770393               
3188           0.0633728113991               
2893           0.0718092994359               
10120          0.0487189219435               
5091           0.0433847987074               
6242           0.0194782698378               
4982           0.0162976770034               
4986           0.0160458484451               
9627           0.0205123018485               
7183           0.0219084565077               
9595           0.0498961540785               
2007           0.0530601123602               
1886           0.0260306817482               
10757          0.0584377822598               
6694           0.126781491642                
10045          0.122993200794                
5102           0.042998376428                
5752           0.0405905840228               
10564          0.144429673852                
9752           0.0481250832209               
697            0.0532096484396               
8131           0.0399686162952               
938            0.0237176079492               
2453           0.0766391884308               
6639           0.0203929746236               
6752           0.0851808166121               
7757           0.0514348644648               
193            0.0345618883911               
5935           0.0464998353255               
627            0.03247025089                 
11445          0.052220380841                
665            0.0345618883911               
6995           0.0405905840228               
6421           0.0200996765892               
2025           0.188071361144                
1678           0.0246075994687               
11342          0.0767443285753               
2146           0.0253875211404               
6369           0.0711039378024               
1644           0.0257508698974               
194            0.118206596773                
10276          0.0851808166121               
300            0.0851808166121               
3026           0.0514348644648               
5093           0.0592537185036               
4809           0.0304843435697               
5683           0.0139520248138               
7454           0.0192776931202               
10081          0.0298831061786               
4802           0.023183359453                
5787           0.0113485198538               
11728          0.057305274177                
7856           0.0460029794223               
10538          0.0592537185036               
5623           0.0514348644648               
2638           0.0400837113508               
5912           0.170495383884                
6192           0.0232582598706               
5996           0.0468189156661               
7453           0.0134049089103               
8026           0.0464998353255               
11078          0.0851808166121               
4866           0.050001294223                
3274           0.0261254003543               
6544           0.0334711937653               
4275           0.028536164626                
4408           0.0203337468694               
2304           0.0767443285753               
9301           0.0364064445523               
7154           0.0290497932832               
2478           0.0851808166121               
5827           0.0181245115505               
4633           0.0532207520846               
12138          0.0182732459405               
3945           0.0415648061861               
1818           0.0399818932184               
6145           0.0279040496275               
6264           0.0241949742093               
5218           0.0493432269636               
1619           0.0767443285753               
5037           0.0460029794223               
3267           0.0557196168768               
7865           0.0683078405384               
11526          0.0584377822598               
11150          0.032960435771                
7285           0.0208158407581               
4177           0.0412313256145               
973            0.0433847987074               
2028           0.0309657108876               
1196           0.0368572842213               
3337           0.0983845127332               
7476           0.0353778246349               
6292           0.0767443285753               
7171           0.0189924336543               
10339          0.0530601123602               
9405           0.0426356406638               
2626           0.0921397095048               
5370           0.0196446224882               
5963           0.119065785552                
12218          0.0155533317058               
4677           0.0246075994687               
3009           0.0549363233623               
6040           0.0220436943374               
2160           0.0272190668467               
3704           0.0388488636649               
8836           0.0652629244923               
5937           0.0767443285753               
6955           0.0598713525016               
8753           0.0627957454305               
10692          0.0109594503972               
8218           0.0145984393394               
2929           0.0419076818021               
6772           0.021190371215                
1430           0.15554033328                 
614            0.0209394081083               
10959          0.0506969852509               
9217           0.0349483106706               
7503           0.037812384182                
9888           0.0383195942154               
1682           0.031108066656                
7461           0.0530601123602               
8057           0.0197005824924               
10641          0.0655918980172               
8291           0.00833685899934              
5165           0.0412313256145               
1114           0.0598713525016               
4473           0.0767443285753               
10029          0.0718092994359               
5178           0.0718092994359               
9618           0.0598713525016               
7393           0.0246075994687               
890            0.0683078405384               
11471          0.0433847987074               
2042           0.0571554099804               
10125          0.0487189219435               
6848           0.071623976686                
11862          0.0155972748163               
532            0.0431535869889               
11056          0.0383195942154               
10546          0.0831296123722               
1431           0.107924202398                
5604           0.0254773464887               
4147           0.0318459458699               
4452           0.0767443285753               
7452           0.0261254003543               
6417           0.0851808166121               
7800           0.0332985486089               
8500           0.15274184496                 
6163           0.0235625577065               
5673           0.0584377822598               
6462           0.0851808166121               
5292           0.0469715340902               
10262          0.0851808166121               
9858           0.0383195942154               
10317          0.0598713525016               
9309           0.00746483121857              
9357           0.032960435771                
197            0.039688595184                
2372           0.0676480183545               
8698           0.0633728113991               
1331           0.0412313256145               
7198           0.0200996765892               
2369           0.136615681077                
6958           0.119742705003                
9914           0.052220380841                
322            0.153488657151                
6433           0.0549363233623               
1135           0.0851808166121               
10026          0.0683078405384               
2811           0.0345618883911               
7135           0.0767443285753               
5128           0.0718092994359               
2710           0.0718092994359               
7237           0.00710087880232              
11151          0.053962101199                
1142           0.0385813522491               
4103           0.0412313256145               
4327           0.0347535660447               
3812           0.0316947479075               
6487           0.0584377822598               
7730           0.0487189219435               
4472           0.0475588751104               
9563           0.061496600397                
11586          0.0301448642123               
8930           0.0275352217506               
11985          0.0234857670451               
2790           0.0598713525016               
3080           0.042998376428                
1353           0.0273235419899               
3702           0.0215767934944               
3391           0.0278598084384               
6532           0.159927572874                
10012          0.0718092994359               
8931           0.0756247683639               
7749           0.0929996706509               
1515           0.0186789928276               
