42
9069           0.0987992383903               
1938           0.0813838864793               
4809           0.0729864193774               
2460           0.136091639606                
11918          0.0956939152777               
11890          0.0780406562421               
11835          0.104267145231                
8555           0.327088866775                
11664          0.121139972071                
3427           0.0801075961372               
3036           0.195879986449                
2084           0.132364605839                
4914           0.217997247477                
9586           0.160275229783                
6491           0.148959507282                
8364           0.207746058617                
7728           0.268131150569                
6962           0.120295296467                
5205           0.0768347870898               
8733           0.191451406475                
11041          0.0801075961372               
2049           0.25005482617                 
2173           0.132882667886                
9596           0.14247709969                 
1916           0.207746058617                
8838           0.13720179882                 
2206           0.123750031932                
11460          0.164594360718                
366            0.125100245134                
7919           0.0477030781417               
1678           0.117832327311                
8966           0.172248832602                
12077          0.195879986449                
9627           0.0982221881659               
10157          0.157036530138                
8372           0.217997247477                
9278           0.0056400520486               
8554           0.138333515866                
8291           0.0798413107796               
5177           0.170238923202                
9588           0.126018084521                
2108           0.13720179882                 
