125
2351           0.1507596696                  
5093           0.0355267842714               
2206           0.0309899159218               
2579           0.0344995708207               
3210           0.0759929420839               
3001           0.0520244947748               
6753           0.0302301490868               
7871           0.0920272777542               
10338          0.086109481537                
2763           0.0263521897813               
10877          0.0352258440984               
11458          0.0312019631682               
4524           0.0343585544455               
10183          0.0260314058509               
8336           0.0428813213545               
1841           0.0419079553216               
9734           0.0636265609263               
2180           0.0557598631777               
1643           0.0462644847571               
4885           0.0356796137443               
5996           0.0280712427625               
7453           0.0321487541414               
6962           0.0301247689807               
5205           0.0192412361808               
8331           0.119252473572                
5299           0.191775723922                
3868           0.0248876029449               
4275           0.0342188875299               
3258           0.0262713303983               
9109           0.0421452789457               
6133           0.0306594471328               
7061           0.133425281696                
9596           0.0713592274886               
4904           0.245732214903                
7008           0.0920272777542               
6023           0.0786539400281               
6389           0.0591694909235               
6573           0.172218963074                
1341           0.0363074559769               
5830           0.0284407582283               
2515           0.0920272777542               
2402           0.140150291734                
3942           0.0397255275074               
9625           0.0257175210372               
4878           0.067146340752                
5559           0.0685374005749               
4600           0.0515611199417               
8874           0.0381877822156               
70             0.0479439309804               
6567           0.101352597315                
9170           0.0545916333517               
236            0.0267633460209               
10185          0.0535100214731               
5565           0.0920272777542               
10692          0.0131419272858               
1566           0.0350776694115               
9602           0.0409954656286               
10306          0.0540408101965               
11037          0.086109481537                
9640           0.029813118393                
10779          0.184054555508                
7476           0.0212115015823               
9357           0.0395242128495               
8051           0.0920272777542               
9916           0.131752805262                
7799           0.0616776593948               
5232           0.0383713705645               
12050          0.0819107383011               
4852           0.0242420149923               
470            0.0577087647091               
5407           0.0199558234342               
12218          0.0279759586825               
5781           0.0520244947748               
557            0.0307687740956               
8635           0.215382596544                
9310           0.0593780318573               
5827           0.0217338465211               
10118          0.0584208611218               
8131           0.0239640050381               
7518           0.0201665863935               
7474           0.12941634561                 
1668           0.11276204842                 
10285          0.0272994350177               
11862          0.0374066662221               
10620          0.029813118393                
10932          0.239834425655                
2267           0.0957287859305               
697            0.0425372505223               
6536           0.460136388771                
2310           0.0551640628488               
3567           0.0416744290389               
8097           0.0584208611218               
2558           0.0494421767047               
6059           0.12941634561                 
3589           0.0309899159218               
8269           0.0557598631777               
8675           0.0273591463498               
2963           0.0494421767047               
10107          0.0502532232002               
6913           0.0243123528697               
3098           0.0241023480768               
1739           0.0506688520873               
6421           0.0241023480768               
9517           0.0297106963495               
2647           0.0456433237246               
663            0.0332769425669               
3815           0.151985884168                
6848           0.028629084471                
532            0.0776208589542               
6329           0.0421958412198               
9546           0.05332018686                 
461            0.0545916333517               
7912           0.086109481537                
5508           0.04339348202                 
9278           0.00141240156509              
5498           0.0873129271455               
1716           0.0350776694115               
7208           0.0753009585698               
10998          0.0116468817109               
3528           0.223817765588                
1932           0.0570298012989               
4753           0.0243830313676               
9121           0.0726149119538               
6442           0.163821476602                
7473           0.0920272777542               
