78
6394           0.0495182658619               
4809           0.0362592087213               
7454           0.0458592061798               
7393           0.0585383827093               
10344          0.135965528356                
5021           0.0840870281024               
4387           0.0448053914791               
3786           0.0668014284332               
6538           0.0817694761644               
6848           0.113589618626                
11458          0.0309494624273               
9357           0.156817458435                
8328           0.0958268414396               
2638           0.0476770527424               
9718           0.113136579453                
5912           0.101396766116                
6713           0.133205922911                
8073           0.105137955131                
11056          0.0911574928023               
881            0.0937328731785               
1503           0.0366316118265               
5127           0.0630682900066               
10805          0.202634444237                
11105          0.130499906527                
1554           0.0558696845362               
4011           0.0836084396477               
7919           0.047397197499                
5031           0.0678839448788               
2385           0.102287726945                
12132          0.0593483360067               
913            0.170825287441                
2274           0.115896184898                
6913           0.0964624241883               
9045           0.117381327983                
8995           0.109435299393                
6242           0.046336352952                
9342           0.273472478407                
2023           0.146292674096                
6181           0.0701785266115               
7183           0.052117461244                
9130           0.0776261425972               
9972           0.0480916747529               
313            0.074344830384                
3337           0.0780147919531               
9309           0.0177578941534               
7209           0.0871376303915               
11812          0.0850686116728               
4358           0.0800403688897               
4690           0.0733287983356               
5963           0.0944141738423               
7198           0.143443804261                
5844           0.202634444237                
3863           0.0951118929599               
697            0.0421930193848               
1496           0.202634444237                
7021           0.110617257066                
10285          0.0180523435617               
6555           0.142426413861                
11045          0.0757574979813               
7237           0.016892097152                
10944          0.169263614622                
10265          0.0619237163829               
11607          0.202634444237                
1430           0.222006528541                
1164           0.102037611771                
1342           0.089950903956                
960            0.0382700423008               
9381           0.114483517301                
2059           0.0410792689099               
4472           0.113136579453                
6421           0.0478146014205               
11927          0.196508483187                
1670           0.182565100778                
2610           0.084573660436                
8043           0.150755943983                
6532           0.0951118929599               
8849           0.0822183834864               
4140           0.237893574374                
