21
3348           0.0910041939017               
11772          0.16925537275                 
7527           0.127721803579                
6933           0.101216063542                
8943           0.256069751978                
5479           0.222285680214                
8293           0.115999629304                
8083           0.258371026247                
1981           0.16925537275                 
273            0.26838472243                 
9310           0.0294891148754               
840            0.218142606829                
10586          0.101216063542                
9757           0.234653308896                
7584           0.521495530875                
3859           0.178739157062                
2100           0.306311867579                
1509           0.243613349187                
7014           0.143607562303                
480            0.177196885027                
2659           0.133331102453                
