78
12066          0.0627906313184               
11060          0.0856936018532               
1125           0.172725156245                
9353           0.0887826628859               
7393           0.0498979891493               
10613          0.0588227037073               
8212           0.0932824094025               
6161           0.0810731691453               
7518           0.10230506988                 
11458          0.0527625079101               
199            0.077702447116                
9201           0.112103831208                
10893          0.0551933846249               
5580           0.0756866106894               
1678           0.0498979891493               
10393          0.0585795463024               
9961           0.121403963084                
692            0.0671758519823               
12108          0.0576301878382               
6631           0.0904854260621               
6544           0.271484468112                
413            0.0771828431461               
1714           0.221469190144                
917            0.129771946209                
9519           0.0987896540497               
4451           0.138646633729                
2548           0.0205609360575               
10841          0.0823074401757               
12138          0.0370535219749               
10120          0.0987896540497               
11866          0.172725156245                
6263           0.0708663365903               
5610           0.0551933846249               
4982           0.0330475677365               
10347          0.138511027471                
9550           0.285070602996                
7285           0.0422092613139               
8347           0.0593163257009               
2608           0.158660616057                
9261           0.0527836401546               
3425           0.105889727273                
61             0.0913829895925               
9633           0.0757525481197               
2536           0.107592490449                
8078           0.0742759252055               
9534           0.136194727898                
9918           0.145024596367                
10929          0.145611100694                
7198           0.0407570614772               
10191          0.0720904028338               
3580           0.063079292819                
7970           0.0829485223742               
4230           0.121403963084                
2362           0.0428405048529               
4539           0.133003782824                
11018          0.0761753450155               
2686           0.10872743472                 
367            0.0279390998505               
10285          0.0307755561896               
9474           0.0836067020981               
1037           0.0658414579872               
11561          0.101389980756                
3084           0.118497045143                
150            0.0693233168647               
9893           0.0856936018532               
6648           0.0399477995686               
5888           0.34545031249                 
12258          0.145611100694                
1584           0.138511027471                
3427           0.0339228465909               
6809           0.0558344668234               
9304           0.179238725141                
3339           0.172725156245                
6460           0.0913829895925               
10466          0.0671758519823               
9278           0.00477674102419              
2683           0.150722328852                
1515           0.0378762740598               
