108
6614           0.0946056801771               
355            0.0725031487924               
10812          0.0626809189711               
4809           0.0288391740953               
8306           0.0676602879267               
11060          0.0799595919604               
7454           0.0364746412713               
1554           0.0444365890986               
10814          0.161167610136                
9840           0.075648325938                
5787           0.0214721330009               
11728          0.0542126411476               
4786           0.081355707121                
3872           0.0630030060023               
11458          0.0246160069834               
2561           0.0897504941452               
392            0.161167610136                
2638           0.0379204862124               
7599           0.105946845969                
10893          0.0515002336006               
532            0.0408246877667               
4472           0.0899844653663               
8849           0.065393326518                
1875           0.111506686049                
10393          0.0546598172824               
10202          0.0697363637766               
8637           0.102099782957                
11162          0.0768000082786               
11056          0.0725031487924               
1503           0.029135369141                
6421           0.0380298871181               
4952           0.0373811442931               
5455           0.0623632746614               
4408           0.038472763216                
3957           0.0715434746289               
4250           0.102099782957                
3746           0.0829044312451               
3311           0.161167610136                
10944          0.0448752470726               
2548           0.0191851436038               
7154           0.0549640863355               
4551           0.0889607925122               
1671           0.10814172955                 
6603           0.0636610178342               
6145           0.0263981326457               
9342           0.29001259517                 
8190           0.0353418616245               
4935           0.11056806078                 
11591          0.0292100170097               
3267           0.105425116205                
7183           0.0829044312451               
4492           0.184358697893                
9130           0.0617408354913               
454            0.05885847258                 
4853           0.0745515068688               
9052           0.116355542382                
313            0.0591310064985               
8010           0.0664989234974               
3337           0.186149856532                
9309           0.0282478862123               
11812          0.135320575853                
6694           0.399797959802                
9405           0.0806693876122               
5370           0.0371688953497               
4103           0.0780123327803               
8956           0.0422285424157               
7198           0.0380298871181               
7349           0.0608376276756               
1502           0.161167610136                
9419           0.0879806936491               
7233           0.0664989234974               
9343           0.0879806936491               
697            0.033558697902                
7749           0.0879806936491               
2868           0.135867835458                
9278           0.0133713458742               
7021           0.0879806936491               
10285          0.0143581367923               
1393           0.042896091977                
11045          0.0602545877406               
7237           0.0134353216129               
480            0.112594148818                
3566           0.0701750217506               
10813          0.042896091977                
2973           0.11056806078                 
8675           0.0431686258955               
3812           0.0599685114241               
1430           0.11771694516                 
11119          0.0720183130461               
1164           0.0405783875864               
960            0.0304385134554               
6913           0.0383612431562               
230            0.0891637639855               
3972           0.145205229533                
2059           0.0326728637932               
7919           0.0188489500806               
481            0.0396187134229               
10614          0.0570360313062               
6759           0.0312409935114               
4969           0.116119408321                
247            0.0715434746289               
6532           0.075648325938                
10106          0.0501620818417               
8291           0.0157738760252               
9357           0.0623632746614               
8931           0.0715434746289               
456            0.124104110153                
3924           0.271735670916                
