191
4991           0.068637157574                
8911           0.0305517938706               
131            0.0730118621661               
3348           0.0763686079547               
10538          0.0370156443393               
21             0.0748029573935               
9206           0.0699603163904               
11859          0.0662930292758               
8364           0.0542047425628               
2638           0.050080381135                
5632           0.0616491719327               
4914           0.170638395128                
1881           0.131734522673                
1010           0.0337496135771               
2047           0.0642624529819               
1445           0.0730954158568               
1086           0.0446783961062               
8331           0.0621250591469               
8232           0.0587438458744               
6052           0.0262393718959               
6383           0.0333710031462               
6214           0.0363948751501               
9595           0.0623399962033               
8458           0.106424470628                
4480           0.0547033686581               
5795           0.253362202071                
9596           0.111524635816                
1916           0.0542047425628               
2548           0.0506744190159               
7154           0.0907366527752               
8379           0.0359453823235               
5827           0.0226446707589               
8294           0.0334961621527               
10528          0.0507136652234               
9456           0.0457650535236               
10526          0.0434209252254               
132            0.0342695525469               
8029           0.0642624529819               
3043           0.0748029573935               
8554           0.0360937418753               
6517           0.121738336955                
11985          0.0293429955768               
8778           0.0444184456147               
7413           0.0730118621661               
10034          0.0528000461063               
552            0.0557525248643               
9069           0.180449685669                
1608           0.0714096728891               
9835           0.0641164699839               
5387           0.0958839662166               
10070          0.0819501773007               
10595          0.0356529361289               
6027           0.0413903489314               
7821           0.0788253313535               
8555           0.17068692361                 
2075           0.0373357979211               
6147           0.106424470628                
9310           0.0494931619368               
4393           0.0532540121594               
9012           0.0466342462869               
70             0.0499531700883               
10285          0.00948116750035              
5230           0.0472425967466               
4768           0.0411805975585               
2808           0.0714096728891               
6042           0.0196379661022               
11041          0.0418030710653               
7906           0.0616491719327               
3259           0.0267952935095               
6058           0.0331237337397               
7785           0.0441628642465               
5642           0.0568794650428               
6145           0.0174315874636               
117            0.0431814441588               
2645           0.0662930292758               
1574           0.0832060679701               
6315           0.191767932433                
3036           0.0511086675211               
5684           0.0360937418753               
4123           0.050328664066                
10466          0.0827806978629               
10923          0.0285965029597               
367            0.051643963903                
10265          0.0325225988119               
8291           0.0416641136347               
2078           0.0763339476619               
620            0.0601272294564               
10924          0.0239287017706               
8628           0.0482033414628               
2763           0.0274565600155               
3357           0.0958839662166               
3555           0.0528000461063               
703            0.0624713577546               
4796           0.0730118621661               
8293           0.0243360493441               
4488           0.106424470628                
6678           0.146637922702                
3465           0.0528000461063               
214            0.0403693794496               
3543           0.0466342462869               
11458          0.0325095781959               
366            0.130563758989                
3062           0.0819501773007               
10181          0.0405681631096               
11862          0.0194871542865               
11460          0.0429456761269               
7453           0.0167480236905               
11835          0.108820813307                
6491           0.116598771571                
711            0.0488793075673               
7728           0.139920632781                
1503           0.0577172342774               
5205           0.0200475998524               
1938           0.233579973032                
8733           0.0499531700883               
7808           0.0958839662166               
6806           0.0507136652234               
6182           0.0557525248643               
6133           0.0319443263437               
12077          0.0511086675211               
6265           0.0321730033363               
6022           0.0499531700883               
7919           0.062233023513                
8838           0.0357984562197               
12132          0.0311699981016               
4033           0.0699603163904               
1796           0.0478763023326               
3312           0.050328664066                
8690           0.0356529361289               
3321           0.0270399111184               
1678           0.0614892143805               
9625           0.0267952935095               
12035          0.0411805975585               
1065           0.0958839662166               
8966           0.179771470807                
1876           0.123541792675                
9627           0.0512559271539               
12129          0.0373194077732               
7585           0.0674199694544               
6048           0.0444184456147               
8347           0.0730954158568               
9858           0.0478763023326               
10032          0.0532540121594               
197            0.0495867250448               
4358           0.0420375416434               
10148          0.0436642381512               
8913           0.0418187359483               
7377           0.051930853343                
6797           0.0674199694544               
11890          0.0203622331475               
2436           0.0356529361289               
11197          0.0392283393782               
2937           0.0580966531625               
10597          0.0557525248643               
3427           0.0209015355326               
8545           0.0485375688386               
812            0.0413903489314               
6395           0.0420234594709               
9278           0.0132443336944               
2100           0.0642624529819               
10717          0.0308498445199               
10867          0.0495867250448               
7721           0.0482033414628               
9154           0.0563055579351               
2108           0.0715969124394               
1070           0.0791776619856               
2049           0.0652438730696               
2173           0.173357580206                
103            0.0636625292153               
10564          0.0257785265242               
3725           0.0642624529819               
8594           0.0378290325136               
2206           0.0322886444521               
5177           0.133255336844                
11379          0.0662930292758               
6019           0.0320582349919               
11968          0.0429456761269               
11586          0.0376628370512               
8225           0.0507136652234               
1515           0.0233374367916               
3046           0.0532540121594               
3702           0.0269579339202               
5456           0.0291529089336               
2661           0.0365477079284               
5498           0.0454860230629               
368            0.106424470628                
7802           0.0264751399278               
9588           0.0657608416276               
3168           0.121738336955                
6072           0.103861706686                
4952           0.0493680894009               
