256
7987           0.0721630589677               
2307           0.054227938741                
4326           0.0472494677952               
5923           0.0775428369105               
1326           0.026446725801                
6447           0.0967243308478               
1798           0.0338120775121               
4524           0.0863813721638               
85             0.0259707420153               
9586           0.0672721708297               
3490           0.0562712172999               
7206           0.0686443505709               
4952           0.0397082607639               
867            0.154244799822                
9733           0.0686443505709               
2254           0.0385083709033               
2702           0.114873957917                
9085           0.0347321532113               
10385          0.0223590199403               
3287           0.0856004492507               
4551           0.0472494677952               
2944           0.0652604230392               
4428           0.0277619412007               
12071          0.0516882518911               
7555           0.0270434899958               
2356           0.0524776380156               
3970           0.209910552062                
1352           0.0331228112352               
7167           0.0856004492507               
2835           0.0718723946836               
2081           0.040790548458                
5049           0.0659127944862               
7209           0.110430687185                
5829           0.0516882518911               
4804           0.0457498894011               
10425          0.0222897209462               
11591          0.0155142250763               
8083           0.0435985284917               
3718           0.027564046843                
10495          0.040790548458                
9310           0.0646893981844               
481            0.0631276904498               
3568           0.046728910948                
7021           0.046728910948                
3875           0.054227938741                
11045          0.0640056618779               
10795          0.2250848692                  
5162           0.0253340281722               
726            0.0230010399479               
2043           0.0721630589677               
6772           0.0212947629283               
6058           0.0266424298119               
5452           0.0424686882677               
1164           0.086209088894                
2522           0.055128093686                
117            0.0347321532113               
11172          0.0472494677952               
2055           0.0574369789587               
6251           0.0636850096278               
11869          0.0293964367339               
11927          0.0276708705765               
9517           0.0248987067901               
10614          0.0302933691154               
9740           0.0483621654239               
9278           0.00710188115932              
2353           0.0239117383803               
1932           0.04779316796                 
6369           0.0357271112292               
1716           0.0293964367339               
8082           0.0516882518911               
2579           0.02891196787                 
579            0.0220841490527               
3642           0.0216175056567               
3740           0.0200251994606               
11238          0.069668281004                
11086          0.0327922170634               
2561           0.0476688995563               
10455          0.0595456245364               
2084           0.0555572710008               
8070           0.0686443505709               
6197           0.0197413992638               
6962           0.0252457155883               
881            0.039596308929                
423            0.0452882784017               
6997           0.127370019256                
8676           0.0686443505709               
7572           0.0659150282986               
5031           0.17206046683                 
12132          0.0501419612406               
5830           0.0476688995563               
3321           0.0217490256308               
11105          0.055128093686                
6242           0.0195742270978               
9342           0.23105022542                 
4986           0.0322497926208               
9627           0.0412267062758               
8859           0.029414954719                
2007           0.159964519101                
313            0.0942182002322               
9763           0.0387714184553               
6248           0.0617995557069               
3064           0.0301611382087               
9947           0.0574369789587               
11360          0.053321506367                
8078           0.0368102290618               
874            0.0659150282986               
7186           0.027564046843                
8970           0.0246447618953               
2362           0.0212312238777               
697            0.0534717791172               
8131           0.0200827583421               
938            0.0476688995563               
6639           0.0409868761246               
5987           0.0315525504079               
7748           0.060166301231                
2108           0.0287937907213               
7208           0.0315525504079               
2004           0.0457498894011               
11445          0.0524776380156               
665            0.0347321532113               
2837           0.0296460625356               
4531           0.0353193654809               
8590           0.0448434570271               
1644           0.0517554566741               
10715          0.0771223999108               
194            0.039596308929                
1123           0.0631051008159               
6981           0.0347321532113               
6395           0.0169003753956               
4484           0.0856004492507               
6063           0.0362303202498               
1589           0.0771223999108               
4809           0.0153172604377               
7454           0.0193726622641               
9684           0.0452882784017               
5787           0.0114044269174               
6914           0.027564046843                
6570           0.0439995886757               
2638           0.120843536223                
5912           0.0856676540338               
8121           0.0214873848579               
6192           0.0233728387788               
9044           0.0509467376076               
4866           0.10049523869                 
11846          0.0421141347547               
1673           0.060166301231                
4408           0.0408678370601               
9610           0.0636850096278               
7154           0.0291929034562               
11377          0.0617995557069               
4633           0.0267414687315               
12138          0.018363266801                
6145           0.0140207577189               
5824           0.0448434570271               
8938           0.0881893102016               
7128           0.0318508881187               
6264           0.0243141677235               
3267           0.0279970563                  
11150          0.0331228112352               
9130           0.0327922170634               
973            0.0435985284917               
3337           0.164781986215                
9069           0.0207344555107               
7476           0.0177760545315               
9405           0.0428456798147               
10861          0.0587256686847               
1223           0.0385083709033               
10595          0.0286767444717               
2355           0.060166301231                
5963           0.119652348252                
12218          0.00781497662452              
4921           0.0300934645183               
4677           0.0494576514591               
10591          0.0385083709033               
2644           0.0385083709033               
7244           0.0424686882677               
4859           0.0495863101994               
106            0.0495863101994               
4768           0.0331228112352               
8836           0.0327922170634               
10692          0.0220268815175               
2929           0.0421141347547               
7291           0.0636850096278               
1162           0.127370019256                
1430           0.187567899932                
538            0.0390402477325               
960            0.0323334251108               
9381           0.193448661696                
614            0.0210425634833               
9217           0.0351204791518               
2336           0.0368102290618               
8743           0.0521289368978               
10923          0.0230010399479               
367            0.0138462720246               
7624           0.0448574276051               
8291           0.0167558589849               
9109           0.0353193654809               
8361           0.0524776380156               
7393           0.0494576514591               
10075          0.0274581480019               
8640           0.0771223999108               
2226           0.0879991773513               
2042           0.114873957917                
10125          0.0489589296188               
7698           0.0489589296188               
11862          0.0313482256796               
532            0.0650492666063               
7570           0.144326117935                
11067          0.053321506367                
7285           0.020918387394                
1552           0.0524776380156               
3765           0.046728910948                
9845           0.0495863101994               
3868           0.0208567689274               
11583          0.060166301231                
2281           0.0587256686847               
2025           0.0944989355903               
2246           0.0572579925093               
1403           0.0462296073464               
8500           0.0920965851328               
10790          0.0524776380156               
8451           0.026446725801                
5292           0.0236014667389               
8874           0.0320028309389               
926            0.0421141347547               
8372           0.0457498894011               
9841           0.0587256686847               
9309           0.00750160577587              
9357           0.0331228112352               
10427          0.0452882784017               
7198           0.0403973902636               
3077           0.0301611382087               
10426          0.0502476193448               
5277           0.0231484060647               
2811           0.0347321532113               
10056          0.0636850096278               
7919           0.0600671038099               
10944          0.0238344497782               
4103           0.041434446583                
2173           0.0557747166946               
9727           0.04779316796                 
8064           0.0180173096851               
6913           0.0611240616874               
4472           0.04779316796                 
10813          0.0227832673155               
8930           0.0276708705765               
1909           0.0216175056567               
2372           0.0339906389278               
3080           0.0864204051024               
3702           0.0433661777375               
3391           0.0279970563                  
5100           0.04779316796                 
11190          0.0686443505709               
8482           0.0341718457938               
10014          0.054227938741                
8931           0.0759973243261               
