124
3800           0.0795722671572               
2258           0.0327547265856               
10621          0.0689889486809               
3348           0.0458330486703               
3369           0.115090600916                
5683           0.0209233300964               
8121           0.0320658594424               
11229          0.115090600916                
7527           0.0321626915678               
5227           0.0442411433766               
11968          0.0515481771062               
9441           0.0448145773267               
8911           0.0366716611168               
8414           0.0388962913473               
8571           0.248406502077                
2020           0.11652037739                 
7518           0.0252206150512               
3264           0.127742486675                
3884           0.0494295334881               
11530          0.0823859506656               
3565           0.056337062922                
2084           0.0829087231739               
6119           0.0662798661054               
10586          0.0254880603171               
9398           0.0795722671572               
2373           0.147996386125                
1010           0.0405100400049               
8369           0.0559756092722               
7077           0.080924946103                
5205           0.0240633591306               
10882          0.0417803133352               
10441          0.0464381191417               
1503           0.0230928813867               
6214           0.0436851771631               
11891          0.0626183156131               
956            0.131055531489                
6182           0.0669203813983               
6618           0.190075672849                
10142          0.102438715157                
3746           0.032855293302                
7919           0.0149397993336               
416            0.0783129531865               
11936          0.159027545006                
11713          0.0922241529161               
3354           0.16794830609                 
4771           0.1399548143                  
7440           0.0486944215447               
12138          0.054807407792                
3146           0.0897868293979               
8288           0.0527074754138               
4061           0.0595195026659               
11730          0.0375436124014               
593            0.102438715157                
6298           0.127742486675                
9836           0.0633764880045               
3160           0.0639213885537               
11591          0.0231520477686               
10816          0.0422804216831               
10692          0.0164354781042               
9608           0.0993626008309               
4763           0.054932307442                
9602           0.0512695027948               
9627           0.0307615323469               
9819           0.0578590118244               
3415           0.112674125844                
1886           0.0390372404094               
9955           0.0394667381747               
11812          0.0536279803465               
10422          0.0783129531865               
6242           0.0292108331918               
12170          0.0983657176777               
7977           0.077134943639                
9607           0.139314357425                
9835           0.038479859304                
7828           0.0750872248029               
8528           0.0486944215447               
12256          0.117111721228                
201            0.0408194171205               
10292          0.201029097076                
10741          0.115090600916                
3580           0.0466516047665               
12111          0.0599593507649               
9210           0.230181201831                
9310           0.0148517994543               
10813          0.0679994380153               
6610           0.202898408983                
9012           0.0559756092722               
26             0.042794619428                
6283           0.077134943639                
2239           0.07306194616                 
8731           0.0983657176777               
10285          0.0113803517737               
10972          0.0881303069906               
5372           0.0749850719332               
7237           0.0319467675421               
7954           0.0857138319188               
3507           0.0552734914475               
1335           0.213263835415                
7412           0.124666372349                
5738           0.0494295334881               
11645          0.127742486675                
2027           0.127742486675                
3090           0.077134943639                
3259           0.0321626915678               
8059           0.0387564223652               
5768           0.127742486675                
5790           0.07306194616                 
3671           0.0795722671572               
628            0.0405100400049               
2745           0.0460184957683               
11977          0.0567058191576               
5505           0.080924946103                
9772           0.0884822867533               
663            0.0416166098805               
3335           0.115090600916                
6775           0.0383431334748               
9278           0.00176636915519              
11967          0.0579529576435               
3706           0.0419454982892               
7409           0.115090600916                
1722           0.0370294146566               
676            0.204877430314                
938            0.035568410094                
12253          0.127742486675                
