24
3337           0.198955659288                
7024           0.397924803959                
6058           0.160838642318                
4809           0.0924693201867               
11468          0.397924803959                
9085           0.209675784331                
12132          0.1513519042                  
9405           0.129328312381                
10613          0.175987572264                
5370           0.119177562912                
3642           0.130503497041                
665            0.209675784331                
2638           0.121587448019                
663            0.168354196148                
9342           0.232472568669                
2880           0.0934190337406               
9740           0.291959295051                
11029          0.0917649662523               
3267           0.338032871324                
9278           0.00714560028016              
11045          0.193199040586                
230            0.142946407095                
313            0.189596413365                
6063           0.109360061392                
