220
4809           0.0300972038543               
7004           0.0496058320351               
10081          0.0295036019523               
7806           0.0394741381892               
25             0.0424523131947               
12138          0.0360823651586               
4387           0.018595510612                
4006           0.0195058970202               
10714          0.0576956443705               
11651          0.0607156166661               
10392          0.0840990522295               
4524           0.0282887593575               
5415           0.0249770742656               
2522           0.0812417540583               
10893          0.0537467898389               
12292          0.0440569210522               
5912           0.042082539134                
6205           0.0507816610016               
3914           0.101563322003                
8849           0.0341229653877               
236            0.022035323296                
1501           0.0840990522295               
4866           0.0493662965635               
10717          0.0243782531427               
3258           0.0216302273374               
3064           0.0296321241268               
4887           0.0267711244402               
9087           0.0355148825818               
4333           0.123420868491                
4011           0.138799512773                
8744           0.0375799570722               
5352           0.0515572016149               
2548           0.0600661283965               
5290           0.0296321241268               
4551           0.0464207313712               
5827           0.125260359421                
2944           0.192347345384                
8911           0.0120713633494               
170            0.087270477763                
7800           0.0328756695463               
4796           0.0576956443705               
10450          0.0607156166661               
3600           0.0674403566155               
8938           0.0288808352045               
9342           0.189164748796                
201            0.0537467898389               
6108           0.0280598627459               
2356           0.0515572016149               
7757           0.101563322003                
9757           0.15560722318                 
3267           0.137529996668                
11230          0.0518338814383               
9461           0.252297156688                
11526          0.0576956443705               
10692          0.0324608084783               
478            0.0208588368567               
10784          0.186688019093                
9972           0.0399188231012               
6179           0.0500531525767               
6599           0.0288808352045               
8955           0.0370894110524               
3337           0.0647567109122               
2891           0.0746643622054               
9405           0.084188368077                
8690           0.0281737660515               
5370           0.0581854294796               
4103           0.040707703263                
5963           0.117553694789                
8956           0.0661059698879               
4921           0.0295656374054               
10527          0.0564295577375               
7268           0.0708973483                  
3966           0.0840990522295               
10806          0.0757697044225               
9303           0.0391845649296               
3568           0.0459093048791               
4393           0.042082539134                
6848           0.0235714596931               
26             0.0563475321031               
2146           0.0250651091558               
4297           0.0187512368792               
7508           0.104772537718                
2929           0.0827509399621               
5247           0.0708973483                  
7285           0.0205514873975               
11119          0.0375799570722               
1164           0.0211742541453               
83             0.0523862688591               
960            0.0158831550006               
11433          0.0542386526861               
117            0.0341229653877               
9386           0.0840990522295               
11172          0.0928414627423               
2059           0.0170490638678               
115            0.0657513390926               
9517           0.0978479744496               
12209          0.093909790513                
8304           0.0391845649296               
10614          0.0297620357573               
2084           0.0818742286375               
7403           0.0500531525767               
8743           0.0256073082864               
10923          0.0225976110738               
9278           0.00232577235195              
8057           0.0194503924929               
7624           0.044070646592                
8291           0.0164619680416               
4769           0.0576956443705               
2353           0.0117461681133               
10924          0.0378180155017               
10106          0.0261751324424               
7559           0.0380913835642               
2579           0.0284048637272               
7393           0.0242950921964               
10613          0.0286404930174               
624            0.112739871216                
10995          0.0647589055444               
9069           0.0814831264186               
11029          0.0448019227957               
10585          0.179720481892                
6538           0.0339366560933               
7518           0.0166039496934               
2561           0.04683280647                 
4359           0.0270805846861               
11862          0.0153991952835               
532            0.0852111052796               
1643           0.0380913835642               
6694           0.0417238047697               
6235           0.0184417766333               
3585           0.0481002099305               
1875           0.0193951431599               
5624           0.116705417385                
6962           0.0992116640702               
6265           0.0508476870401               
1039           0.0400750988489               
8026           0.0459093048791               
8165           0.0751599141443               
6997           0.062568000493                
10279          0.0462243330193               
12101          0.0647589055444               
1554           0.0463750132467               
2281           0.0576956443705               
7919           0.0885203269047               
5031           0.0845212981546               
10722          0.0840990522295               
8862           0.0400750988489               
2246           0.0187512368792               
11906          0.0277244909668               
1959           0.0386255474496               
1629           0.0542386526861               
3541           0.0507816610016               
3321           0.192308009202                
10120          0.0481002099305               
2336           0.0723291852681               
11105          0.0812417540583               
5792           0.0541611693722               
2219           0.0564295577375               
4982           0.0160907026258               
3970           0.10311440323                 
8279           0.0257936175808               
7609           0.118222017617                
9170           0.0449474549714               
9344           0.0757697044225               
7183           0.0216302273374               
7014           0.0238078615881               
230            0.0465266441443               
8347           0.0288808352045               
3642           0.0424766868214               
9309           0.00737003066539              
11664          0.0249770742656               
11888          0.0576956443705               
1689           0.0410369487566               
1709           0.0308552171227               
4772           0.0309991315227               
2721           0.0410369487566               
7198           0.099222091223                
7608           0.0840990522295               
12129          0.0147453250412               
7436           0.0335724855341               
9644           0.0394741381892               
12102          0.0708973483                  
6996           0.040707703263                
2837           0.0582521653426               
7039           0.0576956443705               
2120           0.0647589055444               
6395           0.0166039496934               
2708           0.0428338280563               
4648           0.0515572016149               
3746           0.0432604546748               
1393           0.0223836580847               
5987           0.0309991315227               
12038          0.0493662965635               
3142           0.0543710695497               
238            0.0757697044225               
2888           0.0308552171227               
11967          0.0127177442123               
10595          0.0281737660515               
5169           0.0493662965635               
10998          0.0191786784574               
1515           0.0368835532665               
10518          0.0449474549714               
663            0.0273982254383               
12217          0.0532768027784               
2025           0.0464207313712               
2358           0.159083448494                
3098           0.0198444182446               
8930           0.190298743424                
6139           0.0761827671284               
6138           0.0300261498785               
1944           0.0542386526861               
2372           0.0667889139256               
1644           0.0254238435201               
3391           0.0275059993336               
11217          0.033753191327                
9109           0.10409963458                 
10561          0.0459093048791               
9357           0.0976255518436               
9257           0.0357275732452               
10728          0.0233396188921               
6063           0.0177974275933               
