32
2763           0.12318391044                 
9313           0.101872135226                
5787           0.0636131326891               
8956           0.125105869633                
7198           0.112666974226                
11238          0.129535008227                
2021           0.181291493603                
9310           0.0277563960306               
9047           0.211954003098                
532            0.120946823484                
12157          0.163285678848                
10285          0.0425372766133               
10183          0.121684398662                
578            0.157406202121                
660            0.173963554144                
11598          0.107056276729                
2267           0.149162128973                
3274           0.14644364029                 
7439           0.155553824821                
7919           0.055841716446                
6772           0.118780767289                
6714           0.143829334261                
7440           0.182009143476                
1236           0.335603615275                
9023           0.458598274444                
6040           0.123563995208                
441            0.129535008227                
5277           0.258240530138                
9278           0.0132046064744               
11292          0.0647302927994               
12223          0.103556789695                
3020           0.382893609021                
