314
7279           0.222101663148                
7803           0.097335399982                
5920           0.0624121935297               
10012          0.0624121935297               
9790           0.0455790967942               
4326           0.0408649933968               
1475           0.0740338877161               
1326           0.0457463470238               
6753           0.0219108265613               
9934           0.0361255540451               
9760           0.0440626782284               
3265           0.0768257498789               
3872           0.0578820703268               
6714           0.0223012222261               
6216           0.0328641813515               
7227           0.0593689424179               
3772           0.0564422602204               
4049           0.0507904993433               
9586           0.0290910876357               
1086           0.0310804022903               
10882          0.0242140192094               
10975          0.0279463478577               
9984           0.0361255540451               
9045           0.0428860754084               
4952           0.0343427744192               
9733           0.0593689424179               
12107          0.0305469183994               
7186           0.0476790382956               
2852           0.0200205315556               
9085           0.0300390518215               
4551           0.0408649933968               
8911           0.0212532706397               
8740           0.106898069068                
6294           0.0423434681689               
9342           0.0999150506524               
10786          0.028793081396                
3970           0.0453867192808               
1352           0.0572943368707               
2835           0.0310804022903               
10477          0.0550797208806               
2081           0.0352788205068               
5292           0.0204123734604               
7209           0.0955089975234               
3223           0.0477472482315               
9835           0.0223012222261               
4804           0.0791360840881               
10425          0.0192778742658               
2795           0.0355536027593               
4006           0.0171713872096               
3718           0.0476790382956               
557            0.0446024444521               
2819           0.0461165618847               
481            0.0363984721065               
3568           0.0404147755824               
3846           0.066701415067                
26             0.0248018660984               
11989          0.0404147755824               
1798           0.0292432992104               
7021           0.0404147755824               
10285          0.00659554786597              
11045          0.0276785228707               
8370           0.0364235602848               
726            0.0397861558849               
480            0.0258606011594               
2294           0.066701415067                
4667           0.0593689424179               
6772           0.0184173576351               
6058           0.0230424334737               
7785           0.0307217739825               
6066           0.0352788205068               
5452           0.0367302055793               
11927          0.0239319085729               
3474           0.0340027546928               
11172          0.0408649933968               
4409           0.0570084134672               
2055           0.049675940818                
2059           0.0450257801934               
5806           0.048667699991                
1164           0.0559202147578               
9517           0.0430686539361               
2605           0.031642225742                
10614          0.0262000480986               
11234          0.124824387059                
7184           0.059427066311                
10050          0.0256402073143               
9278           0.00818967465591              
6369           0.0617991369044               
6206           0.0326504665691               
11831          0.0775681784711               
697            0.015415509793                
7758           0.0520364697688               
9654           0.0570084134672               
869            0.0434580266942               
4594           0.200104245201                
3740           0.017319340977                
11238          0.120509033267                
11458          0.0113075989368               
2561           0.0412277504171               
8096           0.066701415067                
2084           0.0240251120122               
11991          0.0229574649692               
5293           0.030205646161                
11788          0.0206819045229               
3216           0.0413352273419               
6197           0.0170738886215               
1503           0.0133836112959               
562            0.0220652602811               
7022           0.0593689424179               
11869          0.0508486232364               
10799          0.0447039971197               
1554           0.0612371203811               
3504           0.0265507494506               
10706          0.0740338877161               
7919           0.0259753380842               
5031           0.0248018660984               
3138           0.0384128749395               
7208           0.0272890854488               
7485           0.0740338877161               
11105          0.0476790382956               
12127          0.0262000480986               
6242           0.0169293052055               
4982           0.0283298619875               
4986           0.13946057215                 
1566           0.0254243116182               
9178           0.0550797208806               
8859           0.0254403274037               
1527           0.066701415067                
230            0.0409582302901               
6994           0.048667699991                
9439           0.0469005146932               
313            0.135811975246                
7710           0.0367302055793               
4776           0.0342459498154               
2054           0.0570084134672               
3064           0.0260856845855               
4408           0.0176728328332               
5079           0.0624121935297               
12167          0.0461165618847               
8037           0.0593689424179               
10564          0.0179327604536               
3427           0.0145400952016               
3070           0.032235569395                
10715          0.066701415067                
964            0.0754147575438               
6397           0.0447039971197               
8681           0.100597562243                
12168          0.0404147755824               
2028           0.0269134771663               
1070           0.165239162642                
5935           0.0808295511648               
3640           0.0570084134672               
3259           0.0186400715859               
3180           0.0440626782284               
8594           0.0263156615108               
2603           0.0373715244706               
3971           0.0740338877161               
6421           0.0349387868987               
2025           0.0817299867936               
663            0.0241191439374               
7196           0.0507904993433               
11342          0.066701415067                
373            0.032440984042                
1775           0.0624121935297               
6433           0.0477472482315               
194            0.0342459498154               
11217          0.059427066311                
3468           0.02955445464                 
6140           0.0740338877161               
6614           0.0434580266942               
6693           0.118737884836                
4809           0.0264951025208               
5683           0.0485049418194               
8004           0.0808295511648               
7454           0.0251324645264               
7004           0.0218344470098               
9684           0.0391688051569               
6914           0.0238395191478               
2638           0.0174191390939               
5912           0.0740920116092               
9182           0.0370460058046               
6192           0.0404292766428               
4866           0.0434580266942               
1673           0.0520364697688               
4932           0.0740338877161               
10079          0.0624121935297               
8997           0.0162795426352               
4011           0.0916407551982               
8017           0.0328641813515               
7154           0.0126241401506               
1482           0.0740338877161               
7128           0.0275471109705               
8938           0.0508486232364               
6145           0.0121262354548               
6264           0.0420575447654               
2881           0.0227065791724               
3267           0.0484280384189               
1112           0.0507904993433               
6955           0.0520364697688               
10692          0.0190505504034               
1162           0.110159441761                
7718           0.0352788205068               
3337           0.0570064814935               
6006           0.0550797208806               
3903           0.049675940818                
2246           0.0165070464987               
2626           0.0600615946669               
7698           0.0423434681689               
5370           0.0170738886215               
5963           0.137979470793                
12218          0.00675899609158              
2612           0.0404147755824               
10605          0.032235569395                
7268           0.0624121935297               
281            0.0740338877161               
2644           0.0333050168841               
4391           0.0716714267917               
722            0.0308995684522               
8836           0.0283612450318               
5183           0.0624121935297               
1499           0.0534490345338               
4953           0.0469005146932               
389            0.0477472482315               
727            0.0391688051569               
9243           0.015415509793                
6278           0.0653009331382               
2929           0.109270680854                
8675           0.0198299224001               
3606           0.095494496463                
9130           0.0283612450318               
1430           0.162223223877                
11531          0.0624121935297               
1574           0.0289410351634               
9217           0.0303749061228               
10162          0.0593689424179               
9981           0.0624121935297               
10923          0.0198930779424               
10265          0.022624255629                
7624           0.0775923441435               
8291           0.0144917625261               
4777           0.133402830134                
10924          0.0166459349961               
1123           0.0545781708976               
6394           0.0180918389691               
2802           0.0352788205068               
8877           0.0507904993433               
9618           0.0520364697688               
3802           0.0303749061228               
2538           0.0265507494506               
10125          0.0423434681689               
12161          0.0440626782284               
532            0.0187532119364               
7285           0.0180918389691               
6235           0.016234623154                
4678           0.0722511080902               
1606           0.0570084134672               
1875           0.0170738886215               
4472           0.0413352273419               
6265           0.0223810605064               
3868           0.0180385465545               
1863           0.0428860754084               
9405           0.055584385531                
1403           0.0799658784364               
8500           0.0796522483519               
6163           0.020479115145                
10638          0.0447039971197               
2342           0.0276785228707               
8451           0.0686195205356               
9239           0.0520364697688               
2930           0.097335399982                
8190           0.016234623154                
12077          0.0355536027593               
7151           0.0740338877161               
7057           0.0440626782284               
10457          0.049675940818                
1486           0.0570084134672               
5666           0.066701415067                
2573           0.048667699991                
3642           0.0186964905033               
9357           0.0286471684353               
197            0.0344948676983               
9345           0.0938010293863               
6133           0.0222219819909               
5783           0.0550797208806               
4548           0.066701415067                
7006           0.114016826934                
4969           0.0266702820437               
4355           0.0384128749395               
3863           0.0347497841761               
9343           0.0808295511648               
2811           0.0600781036429               
7364           0.0290910876357               
6873           0.0395680420441               
2820           0.0740338877161               
11225          0.0740338877161               
4103           0.0358357133958               
3845           0.0570084134672               
10676          0.0377073787719               
6981           0.0600781036429               
5670           0.0347497841761               
9310           0.0258223355863               
7986           0.0507904993433               
1899           0.0333050168841               
1739           0.0183624041508               
8767           0.0391688051569               
8930           0.0239319085729               
5999           0.0183624041508               
2372           0.0293977329302               
3080           0.186857622353                
3702           0.0187532119364               
11292          0.0100366496994               
10998          0.00844166545175              
10014          0.0469005146932               
8931           0.0328641813515               
5036           0.048667699991                
