231
1904           0.0778335925667               
9782           0.0295241668923               
3297           0.0345508979774               
5683           0.0254972013189               
9790           0.0239591959769               
4326           0.0429623425759               
1723           0.053397263795                
10081          0.0273055554459               
7303           0.0445166983795               
6933           0.0155298941932               
10799          0.0469983787865               
6750           0.0561922452721               
2298           0.0386153414895               
1705           0.0463241449345               
3873           0.0360035841319               
5970           0.0420350179726               
9637           0.0624159856766               
2131           0.0445166983795               
10893          0.0248713013476               
11014          0.121153115806                
6200           0.0280391038518               
8498           0.0778335925667               
12243          0.0565895613736               
6192           0.12751278947                 
1010           0.0493655952797               
2384           0.0778335925667               
10637          0.0579066247358               
10882          0.050913552258                
12058          0.109439080814                
9410           0.0305841545299               
10972          0.0178992872971               
4275           0.0260747935892               
12230          0.0778335925667               
6918           0.0392895753414               
7553           0.0778335925667               
691            0.0859246851518               
4333           0.0571129479922               
917            0.17543391491                 
1037           0.0296695474266               
1035           0.0343262145276               
2548           0.00926519074974              
1981           0.0259693761885               
1287           0.025456776129                
2198           0.0411790994092               
4237           0.0328689899309               
5827           0.0165611918693               
4633           0.0486302256612               
3964           0.0778335925667               
1075           0.0705070782617               
1737           0.0599343052697               
10569          0.0624159856766               
726            0.0418281349592               
6145           0.0127486006595               
6264           0.0442161002834               
4560           0.0389473498012               
2881           0.0238719684513               
4819           0.0501978212907               
771            0.0741789314668               
10692          0.040056596351                
6261           0.0877169574548               
2156           0.0963441124415               
9201           0.126290867427                
3921           0.0701247891217               
12091          0.0656154281809               
9633           0.0341356933432               
7476           0.0161631650062               
6654           0.0477161408838               
10653          0.0370894657334               
4690           0.0281662075496               
8502           0.04568846035                 
4818           0.393692569085                
4784           0.0314083428222               
9534           0.0818296164181               
12218          0.049741257001                
8560           0.0807687438709               
1951           0.0160335932202               
4355           0.0403843719354               
5549           0.0547071822315               
1585           0.0403843719354               
3580           0.0284248576375               
566            0.196846284543                
9310           0.0271476375097               
6040           0.0201423277207               
4953           0.0493076301193               
2686           0.0244974358073               
613            0.0400073374388               
11573          0.0368078949345               
3778           0.0345508979774               
12109          0.0205215048728               
11045          0.0290990914894               
10842          0.04568846035                 
7231           0.0289609350233               
1208           0.048483441827                
9819           0.0352535391309               
6161           0.0730665544329               
3364           0.0392895753414               
3812           0.0289609350233               
9243           0.0162066932516               
8218           0.0133392590591               
11018          0.0686524290551               
4297           0.0173542518338               
3084           0.053397263795                
3795           0.0477161408838               
9579           0.0501978212907               
10873          0.053397263795                
1164           0.0195967520009               
8694           0.0266174110825               
7226           0.0501978212907               
2059           0.0157788923365               
534            0.043456710742                
5553           0.0357479072969               
11663          0.0778335925667               
5687           0.0561922452721               
1575           0.0343262145276               
8059           0.165300219713                
11965          0.0202672891759               
9278           0.0129150005508               
5978           0.0778335925667               
4527           0.100395642581                
5177           0.0324854535617               
6293           0.0624159856766               
4873           0.0368078949345               
11692          0.0379796569049               
10421          0.0469983787865               
7524           0.0894505607603               
2579           0.0262886742674               
1559           0.0389473498012               
1530           0.0778335925667               
579            0.0200803696078               
8631           0.0730665544329               
9069           0.0377062778628               
11919          0.03326622689                 
7277           0.0547071822315               
11086          0.0298168535868               
7518           0.0614677583717               
3826           0.0501978212907               
9389           0.0778335925667               
5584           0.0778335925667               
11862          0.0285038810729               
4164           0.073615789869                
5293           0.0317559165004               
6265           0.023529742911                
7863           0.0493076301193               
4634           0.0624159856766               
692            0.0605417069197               
6421           0.0183659901441               
10816          0.025761492519                
763            0.048483441827                
954            0.119868610539                
10092          0.0336781796335               
4753           0.0185798708223               
1714           0.0665324537799               
8049           0.155667185133                
3532           0.0299661370698               
4499           0.0656154281809               
9519           0.0445166983795               
10083          0.0778335925667               
7088           0.0778335925667               
4995           0.0469983787865               
415            0.0701247891217               
4398           0.0477161408838               
9550           0.192688224883                
6820           0.0701247891217               
9625           0.0587902560027               
8451           0.0240471130553               
5792           0.0250630552789               
10055          0.0477161408838               
9096           0.0365332772164               
3962           0.0561922452721               
3868           0.0379287087665               
440            0.0778335925667               
3093           0.0469983787865               
9918           0.0326755684904               
6544           0.0917524635898               
4179           0.0701247891217               
413            0.0347802144006               
2608           0.285983258375                
8987           0.0273055554459               
9763           0.0352535391309               
8121           0.0586132563435               
3258           0.0200187547549               
61             0.0411790994092               
11664          0.0231162583924               
8602           0.0240471130553               
11100          0.0341059805487               
204            0.0547071822315               
4852           0.018472416339                
8078           0.0669405919282               
4408           0.0185798708223               
11890          0.0148919299218               
5105           0.0624159856766               
4677           0.0224850846384               
9370           0.0522255018246               
186            0.0407746383819               
2362           0.0193048336014               
11720          0.0778335925667               
9569           0.0800146748775               
5645           0.0463241449345               
7180           0.0522255018246               
137            0.0368078949345               
7364           0.0305841545299               
10997          0.0477161408838               
1003           0.0265067489505               
4084           0.0657379798617               
9444           0.0290990914894               
2888           0.0285564739961               
3749           0.0778335925667               
3165           0.0347802144006               
4103           0.0376749405149               
9716           0.0778335925667               
9611           0.0396426669817               
9969           0.0579066247358               
3259           0.0195967520009               
8675           0.020847670551                
6815           0.0778335925667               
12051          0.0452791034791               
6460           0.0411790994092               
10223          0.0701247891217               
3332           0.043456710742                
8008           0.0400073374388               
10952          0.0469983787865               
9304           0.0403843719354               
3098           0.0183659901441               
6329           0.0964596978057               
828            0.0561922452721               
3702           0.0197156991508               
11292          0.0211035385967               
6518           0.0368078949345               
330            0.0468916140441               
10998          0.00887492430325              
938            0.0216718588433               
