23
3337           0.214073291074                
2763           0.430352847742                
7454           0.125838074385                
5591           0.187802084909                
1645           0.32639105429                 
3740           0.130076728998                
2353           0.0776611668536               
3541           0.33574890212                 
11238          0.150846972016                
9310           0.0323230634913               
1682           0.203062637289                
9342           0.250136980459                
697            0.115778024833                
11155          0.217361341455                
10285          0.049535793163                
3267           0.181859137645                
5996           0.152808797077                
10433          0.34087647976                 
9278           0.0153771164303               
11292          0.15076030488                 
10288          0.187034447265                
1876           0.215154258472                
367            0.0899405660018               
