67
6811           0.120697515152                
6403           0.324128538812                
7805           0.18323505688                 
6933           0.0358908880569               
8911           0.05163902108                 
12138          0.038588392237                
1798           0.142104748956                
1265           0.359759921494                
9357           0.069603956953                
2638           0.0423232407903               
659            0.110276003794                
5293           0.0733905865731               
906            0.186663341598                
1875           0.0414843865393               
10202          0.0778330979045               
8232           0.0992895771774               
3769           0.126432886725                
10378          0.129864991972                
2852           0.048643837862                
752            0.112049300631                
7919           0.021037405703                
9085           0.0729858127029               
2548           0.0214126329444               
2246           0.0401071315831               
8500           0.0645102927364               
7237           0.014995228398                
5830           0.0500854835231               
170            0.0933316707989               
11892          0.138513206493                
8451           0.0555748952324               
9342           0.161842240482                
3267           0.117665489664                
9972           0.0426913035411               
8347           0.0617733894164               
3337           0.0692542561906               
2395           0.126432886725                
7476           0.0747088600432               
11664          0.0534236120308               
11782          0.129864991972                
9405           0.0450177497355               
7828           0.0528668550368               
3331           0.179879960747                
4072           0.179879960747                
12218          0.016422316714                
3702           0.0455646344                  
2133           0.0602610350187               
2814           0.179879960747                
2475           0.100432103474                
7021           0.0981956840255               
4768           0.069603956953                
11045          0.0672504411305               
212            0.151642758047                
2112           0.09161752844                 
9194           0.162064269406                
9295           0.123405555348                
3668           0.0892432930601               
6421           0.0424453436781               
10614          0.0636581944961               
10305          0.144248578065                
3177           0.179879960747                
5646           0.359759921494                
4969           0.0648007207931               
1644           0.0543792094344               
10433          0.110276003794                
9278           0.012436520635                
3391           0.0588327448319               
2353           0.0251239485241               
