433
7377           0.0245462809873               
9790           0.0154848464837               
7527           0.0253307912842               
9115           0.029939329913                
8414           0.0153170302269               
5190           0.0268853531469               
25             0.0253928822637               
4387           0.0222458366138               
2640           0.0202992357248               
10877          0.0173480660009               
1798           0.0198699856206               
4524           0.0338418843024               
2239           0.0287711758373               
2657           0.016990390065                
11836          0.0405984714495               
8089           0.0199749189173               
10015          0.0503039097529               
4952           0.0116674666044               
395            0.0241576564431               
3490           0.0330683105231               
1445           0.310951669557                
3313           0.0374250953701               
1086           0.0633547338981               
2659           0.0132216357477               
10933          0.0403394987572               
9984           0.0245462809873               
5393           0.031334885128                
2342           0.0188067648416               
173            0.0374250953701               
11296          0.0424073008679               
3746           0.0129381363413               
7323           0.0626697702559               
9085           0.0204106767658               
8845           0.0374250953701               
6242           0.0115029788048               
9456           0.0216318776001               
12023          0.0424073008679               
132            0.0161982715856               
4686           0.0172750927531               
4600           0.0253928822637               
1459           0.0403394987572               
4973           0.030838977948                
2031           0.0277665945056               
4578           0.0221850584151               
9539           0.0540671105298               
11230          0.0206696494581               
8554           0.0341210310603               
2974           0.0424073008679               
7462           0.0690213839659               
9201           0.01632437663                 
12039          0.022942369063                
11568          0.0353572932594               
9633           0.0220619244296               
7027           0.0424073008679               
9520           0.019081491396                
7828           0.0147843567102               
4463           0.0224784788765               
9534           0.0132216357477               
2323           0.0236114847005               
848            0.0227843890077               
7821           0.0186292792026               
530            0.0403394987572               
1951           0.0103625234268               
6925           0.034510691983                
9310           0.0146212822152               
7427           0.0503039097529               
3873           0.0232691436592               
7807           0.169629203472                
26             0.0337043176418               
3872           0.0196646058437               
10285          0.00448148617959              
12109          0.0132630641227               
9243           0.0209487962161               
7237           0.0125803665888               
5179           0.0453217042551               
3649           0.0227843890077               
11041          0.00987957892509              
11912          0.0387355868329               
1838           0.026614083098                
1830           0.0318675586447               
1837           0.0403394987572               
6628           0.0401628136755               
4297           0.0112160660878               
1556           0.0263526796301               
193            0.0204106767658               
5591           0.03398078013                 
6714           0.0454591284416               
10126          0.034510691983                
10455          0.0349925467574               
11819          0.0503039097529               
5615           0.031334885128                
8411           0.0178807395176               
3663           0.0353572932594               
2791           0.0503039097529               
3502           0.0287711758373               
5561           0.029139861941                
9278           0.0132160431571               
10032          0.0251717016381               
104            0.017571539021                
2353           0.00702597906931              
1161           0.0274606843744               
2259           0.0249571244151               
2123           0.060750175523                
6278           0.0221850584151               
1522           0.0281055254758               
8121           0.0505090558835               
7936           0.0232691436592               
5320           0.0178807395176               
614            0.0247317210061               
8293           0.0115029788048               
6635           0.0503039097529               
6881           0.029939329913                
9570           0.0295284864851               
547            0.0353572932594               
11299          0.0256210856579               
6465           0.0277665945056               
2059           0.0509895502649               
5909           0.127221902604                
7672           0.0337533813351               
113            0.0295284864851               
6491           0.018371006993                
6197           0.0116012191017               
1503           0.00909378118003              
10950          0.0227843890077               
6806           0.0239709497597               
1554           0.0416088722639               
3409           0.034510691983                
7919           0.00588316649351              
5119           0.0263526796301               
4294           0.019081491396                
5311           0.0503039097529               
8179           0.0503039097529               
3831           0.0503039097529               
11900          0.031334885128                
3312           0.0713669110182               
3321           0.0383430589018               
10167          0.0295284864851               
1979           0.0247487677059               
9173           0.0211182446327               
4226           0.0374250953701               
9627           0.0121136310034               
12129          0.0264597809541               
899            0.0569662327857               
3994           0.0462077990548               
4430           0.0379774885238               
7099           0.0188067648416               
605            0.406039008513                
2696           0.0363170906258               
8859           0.0172859750214               
10972          0.01156832292                 
11616          0.030838977948                
2258           0.0128985340198               
4776           0.0232691436592               
4505           0.0403394987572               
8806           0.0403394987572               
10776          0.0236114847005               
4852           0.0119387366533               
33             0.0363170906258               
2174           0.0239709497597               
4537           0.0503039097529               
11890          0.0096246655734               
201            0.0160743408748               
9695           0.127470234579                
5737           0.023438276243                
8480           0.0245462809873               
2363           0.0503039097529               
10597          0.0263526796301               
2361           0.02063888016                 
3427           0.0296387367753               
11977          0.0223302714987               
11262          0.0257970680396               
7802           0.0500562715233               
464            0.0330683105231               
12157          0.0172028529173               
4316           0.0642973634991               
3047           0.0806560594406               
4974           0.030838977948                
2955           0.0363170906258               
5331           0.0195640754894               
10669          0.0261004501305               
2162           0.0455687780155               
8136           0.0787316987876               
11967          0.0228213840759               
8233           0.0263526796301               
2683           0.0292639188298               
8217           0.034510691983                
4654           0.0136033787182               
6904           0.0165177821053               
8066           0.015598940993                
665            0.0204106767658               
6019           0.0151530428139               
8721           0.0146319594149               
8396           0.0453217042551               
9772           0.0174217877052               
3541           0.0303750877615               
11439          0.0403394987572               
5094           0.0675067626702               
10232          0.0205238728559               
5456           0.0826786522709               
7951           0.0163882686344               
1824           0.0295284864851               
8556           0.100607819506                
2796           0.0503039097529               
5538           0.0213704741323               
11550          0.0261004501305               
6395           0.0297949940496               
12059          0.0274606843744               
4809           0.00900133227645              
5683           0.0411971512493               
457            0.059878659826                
4436           0.0424073008679               
500            0.027167263913                
10081          0.0352952022799               
9137           0.0453217042551               
7825           0.0337533813351               
5787           0.00670191882705              
5021           0.0208745669523               
3348           0.0541459995972               
2638           0.0118358069255               
4529           0.0125140678808               
2199           0.034510691983                
8134           0.0176476011399               
9182           0.0251717016381               
9986           0.0284204817408               
6192           0.0274705374303               
5915           0.0277665945056               
5996           0.0138245593437               
7453           0.00791632852194              
2493           0.0324428898722               
1592           0.0807579845611               
4061           0.023438276243                
9584           0.123427770144                
3270           0.0324428898722               
4275           0.0168521588209               
3258           0.0129381363413               
8379           0.016990390065                
4408           0.0120081845672               
5417           0.0324428898722               
6263           0.02063888016                 
4661           0.0241576564431               
9301           0.0214999876031               
2548           0.029940498951                
7154           0.0171554845067               
10069          0.0280861050253               
4502           0.0453217042551               
6880           0.026614083098                
1075           0.0227843890077               
8919           0.0794618072721               
2971           0.019270655028                
333            0.0503039097529               
1818           0.118057423502                
2538           0.0180404750505               
2165           0.0239709497597               
7204           0.0503039097529               
5911           0.0353572932594               
3272           0.054334527826                
5747           0.0842583150758               
8166           0.0176476011399               
2880           0.0181875623601               
11985          0.013869624088                
9069           0.0365543938584               
6654           0.030838977948                
1565           0.0211182446327               
6181           0.0174217877052               
2246           0.0112160660878               
8690           0.0168521588209               
3683           0.029939329913                
3465           0.0249571244151               
668            0.0211182446327               
3642           0.0254074613663               
12218          0.00918508915039              
4677           0.0145321272106               
10527          0.0337533813351               
812            0.0195640754894               
2278           0.0195640754894               
2173           0.0327765372688               
2160           0.0964460452486               
2686           0.0158327112933               
2697           0.0243493425539               
11965          0.0392962929765               
8672           0.029139861941                
4768           0.0583947954148               
4862           0.0253928822637               
4425           0.057244474188                
10419          0.0726341812516               
2687           0.0140527627379               
3679           0.0324428898722               
2129           0.0223302714987               
12073          0.030838977948                
8218           0.00862117322032              
4311           0.0424073008679               
9215           0.0403394987572               
8675           0.0269477304946               
538            0.045884738126                
6145           0.0411971512493               
2522           0.0161982715856               
873            0.0379961869263               
12238          0.0178807395176               
8483           0.0253928822637               
8191           0.0354489535458               
7555           0.0158923614544               
1574           0.0393292116875               
9139           0.0226298066378               
11862          0.0368441597983               
4206           0.031334885128                
12086          0.0303750877615               
3973           0.070314828729                
10466          0.0391281509788               
6273           0.0202992357248               
10264          0.0387355868329               
3438           0.0227843890077               
1439           0.0453217042551               
11852          0.0377943573042               
8291           0.00492336912706              
5095           0.0503039097529               
10924          0.0113104368503               
5351           0.0261004501305               
1743           0.0274606843744               
1938           0.0100369823646               
7524           0.038541310056                
2763           0.0129779580673               
1881           0.0207557575834               
3614           0.0277665945056               
574            0.0374250953701               
11918          0.0118018219772               
9441           0.0176476011399               
2739           0.126653956421                
12087          0.0503039097529               
11835          0.0385774460953               
3857           0.152651931168                
12094          0.0453217042551               
2887           0.0167165358697               
7322           0.209575309391                
532            0.012742271275                
10586          0.0100369823646               
8524           0.0821403126029               
6235           0.0220619244296               
7128           0.018717474213                
10279          0.0138245593437               
11494          0.0453217042551               
11120          0.030838977948                
5110           0.0231038995274               
7357           0.100607819506                
5604           0.0451372805341               
1080           0.0575423516745               
11891          0.0123292812731               
4147           0.0188067648416               
4863           0.0209953732105               
7532           0.0239709497597               
11419          0.034510691983                
3532           0.019367137056                
11065          0.0284204817408               
4203           0.0181216940296               
1471           0.101571529055                
4771           0.0918550349651               
4222           0.0389298636099               
2203           0.116559447764                
6886           0.0261004501305               
6163           0.0139149731543               
11220          0.0245462809873               
726            0.0135167776325               
9625           0.0126653956421               
5792           0.0161982715856               
8190           0.0441238488592               
2024           0.0363170906258               
11591          0.0273512412009               
8550           0.108831164865                
797            0.0284204817408               
4109           0.0353572932594               
7531           0.0324428898722               
8987           0.0176476011399               
6863           0.0424073008679               
11054          0.034510691983                
11195          0.0324428898722               
4406           0.019367137056                
9309           0.00440838924625              
1689           0.0245462809873               
4753           0.0120081845672               
8666           0.0906434085101               
5130           0.0261004501305               
486            0.0353572932594               
9583           0.146967612473                
420            0.0683531670232               
9416           0.0171313318977               
8555           0.0806789975144               
10943          0.0167840274751               
4252           0.0503039097529               
10605          0.021903147649                
3829           0.0424073008679               
787            0.0374250953701               
10252          0.0268853531469               
11011          0.0209953732105               
2100           0.0303750877615               
10717          0.0145818699916               
159            0.0553682122354               
5366           0.0280861050253               
6158           0.0363170906258               
8394           0.0324428898722               
5058           0.0387355868329               
3043           0.0353572932594               
4678           0.0245462809873               
940            0.014240689865                
1757           0.0403394987572               
1897           0.0216318776001               
4716           0.0303750877615               
5692           0.0403394987572               
6853           0.0401628136755               
2770           0.0453217042551               
7723           0.0503039097529               
2399           0.018371006993                
8059           0.0457858530178               
5984           0.0161982715856               
8064           0.0105880416321               
10372          0.0403394987572               
366            0.015428471268                
1739           0.0249534571193               
6509           0.0324428898722               
3250           0.0303750877615               
12041          0.0305239020119               
1909           0.0127037306832               
6329           0.0103903292764               
8594           0.0178807395176               
4468           0.0503039097529               
5258           0.030838977948                
3391           0.0164527336689               
6532           0.0236114847005               
6072           0.0736388429618               
10998          0.0114717405812               
8364           0.0256210856579               
9340           0.0387355868329               
8892           0.0237889703394               
3706           0.0165177821053               
1066           0.0503039097529               
