165
6609           0.0877449918902               
7644           0.0800923818111               
3297           0.0505831885293               
7004           0.0336066776688               
8958           0.0405039776661               
2003           0.0688065432129               
4802           0.0310133377549               
7806           0.0534854304001               
9782           0.043223956178                
9637           0.0913782204094               
5689           0.177370524545                
2522           0.0366928017651               
10672          0.076459153292                
665            0.0462348660165               
7483           0.102664059008                
12066          0.0828482215896               
9853           0.076459153292                
1086           0.0478376695833               
10882          0.037269216769                
9984           0.0556029584746               
9595           0.0333740733789               
370            0.102664059008                
12107          0.0470165532456               
7186           0.0366928017651               
917            0.12841933657                 
10841          0.054299701237                
8017           0.0505831885293               
11551          0.0960622666384               
4237           0.0962416846895               
10972          0.0262049057156               
5784           0.182756440819                
10330          0.0339619359085               
3358           0.0847764280402               
1917           0.0622047508438               
2590           0.0698573609229               
12229          0.0602870047037               
9980           0.0615400861747               
11730          0.0334899601555               
6264           0.032366616609                
10361          0.0709807044693               
11275          0.0530930735019               
7664           0.0678194517032               
6884           0.0913782204094               
6517           0.0651733146938               
347            0.0678194517032               
9201           0.110935375875                
9701           0.288186799915                
8955           0.0502542475764               
1113           0.0530930735019               
9633           0.0749629812699               
2460           0.0380196732539               
8502           0.0668887970728               
5370           0.0262794231151               
12218          0.0104031672024               
3718           0.0366928017651               
1951           0.0234734931981               
1142           0.0516118688825               
10201          0.0800923818111               
9310           0.00662411180154              
481            0.0280115113328               
918            0.0580376376629               
26             0.0381740063846               
12109          0.0600877667818               
3635           0.0615400861747               
2198           0.0602870047037               
7231           0.0847987474726               
966            0.0800923818111               
9090           0.0847764280402               
3364           0.115041409229                
8539           0.0464912811328               
6648           0.0263542831246               
3171           0.0628977074807               
7600           0.0847764280402               
9402           0.0698573609229               
8238           0.102664059008                
9579           0.073490589442                
3169           0.0622047508438               
6889           0.0847764280402               
2266           0.0877449918902               
3269           0.056533613105                
567            0.0678194517032               
1575           0.0502542475764               
11828          0.137613086426                
10526          0.0464912811328               
363            0.0847764280402               
367            0.0368638551139               
2683           0.0331447453149               
5177           0.0475593376197               
11692          0.0556029584746               
7524           0.0436524552073               
8121           0.143018250827                
12058          0.0640883795369               
9534           0.029950038616                
6623           0.0960622666384               
4039           0.0698573609229               
7277           0.0800923818111               
7518           0.0449949985702               
8427           0.0913782204094               
10984          0.076459153292                
207            0.0622047508438               
11862          0.0208651189192               
6477           0.0602870047037               
660            0.0207583511702               
6279           0.0481208423448               
7276           0.0960622666384               
3868           0.0555283694063               
279            0.0457338411507               
6480           0.102664059008                
4029           0.01784308368                 
6559           0.0847764280402               
11064          0.026429488909                
4244           0.073490589442                
4368           0.0651733146938               
9855           0.102664059008                
3847           0.102664059008                
8514           0.0609014936062               
414            0.0709807044693               
7489           0.0688065432129               
692            0.0443171198764               
12128          0.127242944236                
4982           0.0218020758618               
9627           0.0548803072866               
3994           0.0523356335198               
8020           0.0749073107163               
8741           0.0836144698074               
8859           0.019578349808                
9550           0.141049659737                
6544           0.134327396261                
3258           0.0293078474126               
468            0.0913782204094               
9247           0.141961408939                
7821           0.0421995918019               
3809           0.054299701237                
9918           0.0478376695833               
9910           0.0877449918902               
1714           0.0487024050007               
5015           0.043223956178                
2869           0.102664059008                
9752           0.0643789121002               
11018          0.0502542475764               
2063           0.0615400861747               
9278           0.00472695317604              
4951           0.0800923818111               
4451           0.0914676823013               
12020          0.0305213963055               
4116           0.205328118015                
9875           0.049615655008                
1953           0.0591235081816               
1897           0.0490011661055               
485            0.076459153292                
10723          0.102664059008                
3460           0.102664059008                
8675           0.0305213963055               
12051          0.232013217204                
8059           0.0345718208174               
2361           0.0467517990646               
8901           0.0596948658711               
11936          0.0472856837264               
1739           0.0282626529192               
10248          0.0325851705399               
6261           0.0428064455233               
1644           0.0344480025524               
2734           0.0877449918902               
8849           0.0462348660165               
10998          0.0389791868369               
