179
6609           0.0802839578428               
7644           0.073282055948                
3297           0.0462820553966               
7004           0.0307490722271               
8958           0.0370598887225               
2003           0.0629558621593               
4802           0.0283762462933               
7806           0.0489375170815               
9782           0.0395485850627               
9637           0.0836082497366               
5689           0.216384736547                
2522           0.0335727804697               
10672          0.0699577640541               
665            0.0423034745821               
7483           0.0939344435252               
12066          0.0758035642395               
9853           0.0699577640541               
5510           0.0485785226364               
1086           0.043769990348                
10882          0.0341001823974               
9984           0.0508749898763               
9595           0.0305362464851               
370            0.0939344435252               
12107          0.0430186942567               
7186           0.0335727804697               
917            0.156666302829                
10841          0.049682549751                
8017           0.0462820553966               
11551          0.0878940073837               
4237           0.0880581693596               
10972          0.0239766794711               
5784           0.167216499473                
10330          0.0310741225454               
3358           0.0775678135951               
1917           0.0569154260178               
2590           0.0639173279126               
12229          0.0551607475234               
9980           0.0563072783717               
11730          0.0306422793069               
6264           0.0296144546529               
10361          0.0649451525666               
11275          0.0485785226364               
7664           0.0620527039113               
6884           0.0836082497366               
6517           0.0596315702655               
347            0.0620527039113               
9201           0.135336590699                
9701           0.263682022151                
8955           0.0459810845831               
3337           0.0401406185389               
1113           0.0485785226364               
9633           0.0685888128586               
10653          0.049682549751                
8502           0.0612011836649               
5370           0.0240448605904               
12218          0.00951857672007              
3718           0.0335727804697               
1951           0.0214775213689               
1142           0.0472232661521               
10201          0.073282055948                
9310           0.0060608577329               
481            0.0256296678193               
4084           0.0440290846798               
918            0.0531026461459               
26             0.034928036954                
12109          0.0549784509777               
3635           0.0563072783717               
2198           0.0551607475234               
7231           0.0775882351864               
966            0.073282055948                
9090           0.0775678135951               
3364           0.105259336741                
8539           0.0425380864949               
6648           0.0241133551872               
3171           0.0575494599407               
7600           0.0775678135951               
9402           0.0639173279126               
8238           0.0939344435252               
9579           0.0672416198064               
3169           0.0569154260178               
6889           0.0775678135951               
9826           0.104260637314                
2266           0.0802839578428               
5994           0.0649451525666               
3269           0.0517265101226               
567            0.0620527039113               
1575           0.0459810845831               
11828          0.125911724319                
10526          0.0425380864949               
363            0.0775678135951               
367            0.0337292890013               
2683           0.0303264183886               
5177           0.0435153251968               
4873           0.0986107529538               
11692          0.0508749898763               
7524           0.0399406484415               
8121           0.157028739388                
12058          0.0586388881019               
9534           0.0274033604179               
61             0.0551607475234               
6623           0.0878940073837               
4039           0.0639173279126               
7277           0.073282055948                
7518           0.0411690341583               
8427           0.0836082497366               
10984          0.0699577640541               
207            0.0569154260178               
4521           0.0620527039113               
2460           0.0347868269055               
11862          0.0190909394555               
6477           0.0551607475234               
660            0.0189932502623               
6279           0.0440290846798               
7276           0.0878940073837               
3868           0.0508067431822               
279            0.0418450523025               
6480           0.0939344435252               
4029           0.0163258705379               
6559           0.15513562719                 
11064          0.0241821661575               
4244           0.0672416198064               
4368           0.0596315702655               
9855           0.0939344435252               
3847           0.0939344435252               
8514           0.0557229858925               
414            0.0649451525666               
7489           0.0629558621593               
692            0.0405487960876               
12128          0.116423364465                
4982           0.0199482261229               
9627           0.0502137863561               
3994           0.047885488444                
8020           0.0685378760213               
8741           0.0765046576956               
8859           0.0179135854566               
9550           0.172074777027                
6544           0.163873892382                
1505           0.0878940073837               
6620           0.0276624547497               
6809           0.0674057817824               
3258           0.026815775299                
468            0.0836082497366               
9247           0.129890305133                
7821           0.0386113232929               
3809           0.049682549751                
9918           0.043769990348                
9910           0.0802839578428               
1714           0.0445611965502               
5015           0.0395485850627               
2869           0.0939344435252               
9752           0.0589047164251               
11018          0.0459810845831               
2063           0.0563072783717               
9278           0.00432501617853              
4951           0.073282055948                
4451           0.083690104605                
12020          0.0279261350592               
4116           0.18786888705                 
9875           0.0453967921039               
6518           0.0493053764769               
1953           0.0540961841367               
1897           0.0448345537347               
485            0.0699577640541               
10723          0.0939344435252               
3460           0.0939344435252               
8675           0.0279261350592               
12051          0.242611347109                
8059           0.0316321484026               
2361           0.0427764523572               
8901           0.054618958778                
11936          0.0432649403354               
1739           0.0258594546152               
10248          0.0298144247503               
9527           0.0629558621593               
6261           0.0391665757071               
1644           0.0315188585139               
2734           0.0802839578428               
8849           0.0423034745821               
10998          0.0356647522023               
