52
11692          0.135889882921                
9069           0.067455871139                
12058          0.156627680087                
11100          0.122030004517                
8943           0.140576725233                
9534           0.0731958757707               
12218          0.0508492789564               
7198           0.0657128698306               
4355           0.144493869122                
10191          0.116231815684                
7518           0.0549823719408               
5689           0.144493869122                
4591           0.16574616899                 
5508           0.118308399928                
5739           0.183068418703                
6477           0.147337376204                
12109          0.146850452151                
5205           0.0524594883661               
4451           0.111770425351                
1975           0.123621903502                
6544           0.109429034304                
687            0.278485869624                
452            0.147337376204                
7348           0.161320259861                
150            0.111770425351                
1037           0.106156602104                
4479           0.0964482029992               
12051          0.0810035236224               
8059           0.084491199967                
5827           0.118510729561                
4633           0.0869986225527               
7503           0.123621903502                
2059           0.0564563244369               
3750           0.278485869624                
210            0.0662854288849               
4759           0.150399822862                
9888           0.125280150428                
5994           0.173472057685                
4982           0.0532828039653               
8510           0.278485869624                
6329           0.0575215703598               
8020           0.183068418703                
9201           0.0903728605634               
9952           0.250904040746                
9595           0.0815639859544               
6518           0.131697359608                
6620           0.073887930914                
6809           0.0900222665092               
954            0.214442846243                
4873           0.131697359608                
10924          0.12523069708                 
7710           0.138164340112                
