37
11664          0.0924689703132               
2246           0.0694199627978               
8078           0.133886883912                
9550           0.128464285785                
7198           0.0734670883399               
1951           0.0641371034327               
10191          0.129947346582                
9256           0.499349144538                
10137          0.101831439854                
8343           0.127029074095                
4591           0.185304468829                
918            0.317154838299                
9278           0.00430518347107              
917            0.116960922729                
4492           0.178074374798                
10240          0.197238917662                
4451           0.124959505409                
1975           0.138209475994                
5890           0.311347625478                
452            0.164723410517                
3746           0.0800784282524               
2362           0.0772226220558               
10841          0.148364179341                
4759           0.168147230535                
12138          0.0667912325761               
5739           0.204670770334                
5889           0.188001519061                
3091           0.145067285811                
11730          0.091505300056                
4982           0.0595702558115               
5508           0.132268970923                
7393           0.0899441678069               
9918           0.130707838674                
4481           0.185304468829                
10998          0.0355012086297               
10924          0.0700040548293               
6599           0.106921293693                
