208
7925           0.0568271090018               
1186           0.015734689317                
4809           0.0136678259702               
1664           0.0281548237457               
6753           0.0226059411596               
5787           0.0407053788844               
5021           0.0316964133246               
4387           0.0168892900551               
903            0.076382591266                
5920           0.0643922022125               
11772          0.0509704918256               
3553           0.055144689605                
2657           0.0257985915242               
2638           0.0179717562141               
4529           0.0380032858962               
4556           0.179346879793                
9181           0.481722486387                
6453           0.049262015791                
1881           0.0315160104989               
1448           0.0272711174818               
9070           0.076382591266                
4275           0.0255886980851               
8851           0.0808228482111               
6690           0.076382591266                
4887           0.0243147550613               
7186           0.0245958209574               
2852           0.0413113541898               
5788           0.0431543005515               
2548           0.0181849315881               
7154           0.0130246373242               
2944           0.0291164372529               
3297           0.033906787944                
2971           0.0292609972796               
4495           0.076382591266                
8938           0.0262308905079               
6264           0.0216959040689               
7555           0.0482626402277               
8366           0.0643922022125               
2165           0.0363980308241               
4578           0.0336862931223               
3267           0.0749466057736               
2081           0.0363980308241               
9130           0.0292609972796               
9972           0.0362560940692               
7806           0.0358522109697               
2028           0.0555345987996               
8242           0.0643922022125               
3337           0.117629991069                
9069           0.018501672062                
7476           0.0158618455801               
4925           0.0421614234239               
10830          0.0366815304636               
10204          0.0400145031835               
7121           0.076382591266                
4690           0.0276411231684               
9405           0.0382318559943               
9835           0.0230087220133               
7828           0.0448978014341               
1757           0.428766833912                
9833           0.0412513863331               
12218          0.0209202698288               
4921           0.0134264295351               
1003           0.0260126007822               
12111          0.0358522109697               
9310           0.0222012847255               
283            0.0588169887995               
4391           0.073945181956                
1521           0.033906787944                
4647           0.076382591266                
5984           0.0491916419148               
7645           0.0483884198775               
5041           0.0612524048445               
7237           0.00636743746726              
11894          0.076382591266                
6042           0.0140944909495               
10844          0.0727960616481               
9194           0.0688174980553               
5415           0.0226853169456               
2973           0.052401813159                
9243           0.0159045623566               
4699           0.0568271090018               
8218           0.0130905838841               
6772           0.0190016429481               
1430           0.02789495141                 
215            0.033906787944                
8166           0.026796515645                
2059           0.0154847366571               
8792           0.055144689605                
8939           0.0512518955888               
3727           0.209607252636                
1682           0.02789495141                 
220            0.0330503391235               
7572           0.0588169887995               
3776           0.0396315122219               
8804           0.0214086737431               
6923           0.076382591266                
11262          0.0195854250058               
9158           0.055144689605                
10948          0.0255886980851               
2353           0.0426736204109               
620            0.0431543005515               
10924          0.0171740224413               
1123           0.0281548237457               
2687           0.0213380319272               
6394           0.0373315945942               
1797           0.0612524048445               
11057          0.046122218423                
2579           0.0257985915242               
3801           0.0243147550613               
7936           0.0353323926105               
3284           0.0400145031835               
1353           0.0490026516008               
8942           0.117633977599                
3740           0.035737584062                
11835          0.0195256214454               
4054           0.049262015791                
5996           0.0209915227458               
9006           0.0483884198775               
12163          0.0688174980553               
532            0.0193481521294               
11636          0.0612524048445               
9163           0.0588169887995               
10545          0.023342003557                
11029          0.027127431809                
4531           0.0315160104989               
10279          0.0209915227458               
1503           0.0138082024707               
5205           0.0143884918229               
7163           0.033906787944                
2394           0.0643922022125               
11891          0.131047411563                
8405           0.0315160104989               
1554           0.0421199001401               
7452           0.0234269387908               
7919           0.0535987962563               
10944          0.0212678444026               
155            0.0688174980553               
3586           0.0512518955888               
11384          0.0326460661484               
8500           0.0273930642528               
5830           0.0212678444026               
7393           0.0220659097554               
6163           0.0422576182305               
1032           0.076382591266                
7729           0.076382591266                
1612           0.0407884969781               
8141           0.0355892073408               
9342           0.137446435423                
12129          0.0267847521665               
7057           0.0454605538765               
6806           0.0363980308241               
6759           0.0148061265915               
2258           0.0391708500116               
4776           0.0353323926105               
9309           0.00669379767083              
8229           0.122504809689                
4358           0.0301710343704               
1689           0.0372716267376               
6133           0.0687809037144               
1684           0.0400145031835               
2749           0.076382591266                
9416           0.0260126007822               
1074           0.137634996111                
9644           0.0358522109697               
9395           0.0396315122219               
6996           0.036972590978                
10564          0.018501672062                
11920          0.0588169887995               
10220          0.0421614234239               
9889           0.0363980308241               
7802           0.0190016429481               
5645           0.0454605538765               
2868           0.0643922022125               
9278           0.00633711727637              
3290           0.0295559915199               
10176          0.0421614234239               
5987           0.0281548237457               
4934           0.076382591266                
655            0.0483884198775               
9875           0.0332582334561               
8136           0.0683131356442               
6064           0.0436868023781               
3834           0.0568271090018               
2173           0.024884316762                
7346           0.0301710343704               
3176           0.0483884198775               
6874           0.0643922022125               
4654           0.0206556770949               
8594           0.0271505182165               
1548           0.0643922022125               
2690           0.0568271090018               
7877           0.0264536354321               
9343           0.208484612901                
210            0.0181806453169               
11586          0.0270312370024               
1678           0.0220659097554               
1404           0.0512518955888               
1909           0.0192896312253               
1639           0.055144689605                
10832          0.076382591266                
3702           0.0193481521294               
1644           0.0230910931399               
6532           0.0358522109697               
3468           0.0304920611155               
8058           0.0512518955888               
367            0.0123552404908               
3168           0.0436868023781               
6063           0.0323288693845               
