150
9782           0.0536752146122               
5683           0.0231770765589               
9790           0.0435580448615               
7538           0.0949464561993               
9554           0.0426246988866               
7440           0.0539395177983               
5787           0.0377042783386               
9671           0.0734191700825               
4387           0.0312881742232               
2021           0.0537268378894               
10149          0.0604783150755               
3654           0.0696169597245               
2660           0.129980067048                
2430           0.0852493977732               
1154           0.0577325565046               
11846          0.0696169597245               
10105          0.0498580050652               
4887           0.0450441842181               
4333           0.0519159397756               
8072           0.127487529774                
1663           0.127487529774                
6655           0.0684933981376               
5827           0.030108403433                
4633           0.0442051050673               
8911           0.0203108657496               
1102           0.0932965726748               
6294           0.0809317786362               
6145           0.0231770765589               
2880           0.0255803200255               
2881           0.0433994643951               
4578           0.0624053826246               
3353           0.141502207337                
10692          0.0182058177426               
6598           0.105274791377                
6599           0.0485939118556               
9757           0.0654548564277               
4245           0.0854434970845               
7171           0.0631003878965               
2433           0.0949464561993               
10084          0.141502207337                
8690           0.0474042213272               
2615           0.113472852211                
11731          0.066917101073                
3642           0.0714698297573               
3718           0.0455648715114               
4921           0.0248730683836               
11887          0.0867483953652               
8              0.125627718522                
2644           0.063656435585                
4391           0.136986796275                
9511           0.0970767305425               
11996          0.189892912399                
10285          0.0126061809048               
1498           0.113472852211                
7237           0.0117959660934               
726            0.0380219724565               
6338           0.078105945086                
9243           0.0294639215937               
1164           0.0356270804587               
10330          0.0421737008762               
1584           0.113472852211                
192            0.088143355736                
11397          0.141502207337                
1093           0.0601140006097               
8411           0.0502975638075               
109            0.0567919726897               
9278           0.0136964293287               
10265          0.0432421180304               
7624           0.0370758861498               
2353           0.0197637032965               
6269           0.179283475691                
1140           0.0930193886501               
11882          0.0547538119719               
3802           0.0580560658994               
9313           0.120761710017                
6951           0.0679541953614               
11086          0.0542073217905               
7918           0.0438789866131               
8016           0.0696169597245               
12065          0.141502207337                
11029          0.0251273975963               
1562           0.0741286781729               
10279          0.0388877459467               
660            0.103110316832                
1517           0.0756270602823               
11598          0.031726779401                
881            0.0654548564277               
1503           0.0255803200255               
5604           0.0846458371412               
3868           0.0344773756094               
6133           0.0424732457004               
3109           0.0604783150755               
8463           0.0632307586872               
11124          0.0597561345273               
8579           0.127487529774                
4911           0.0421737008762               
10314          0.0741286781729               
5792           0.0455648715114               
2593           0.11928946894                 
4982           0.0270736694266               
9796           0.141502207337                
1566           0.0485939118556               
899            0.0534143218851               
11591          0.0256458594859               
8741           0.0519159397756               
1311           0.0819688729246               
6620           0.03754339613                 
11474          0.141502207337                
9748           0.0896417378455               
4406           0.0544787205744               
9309           0.0124005631413               
6980           0.141502207337                
6329           0.0584548809345               
10694          0.0830620529794               
69             0.0440413883362               
11278          0.0799452949019               
3670           0.11928946894                 
3661           0.0643502210747               
10292          0.0445365699632               
9744           0.175481850239                
8047           0.0842177335656               
7436           0.0564879232635               
10866          0.0337783808597               
7518           0.0279372415008               
3968           0.0679541953614               
6395           0.0279372415008               
2852           0.0382655766782               
137            0.066917101073                
1207           0.102158033299                
8865           0.0608493145821               
2627           0.061227249059                
10595          0.0474042213272               
5935           0.0772454362504               
7823           0.283004414674                
5926           0.108961133762                
3812           0.052651253748                
3180           0.0842177335656               
6904           0.0929272750247               
3277           0.11928946894                 
6421           0.0333895437641               
1048           0.0590588617812               
6306           0.0912601138135               
9889           0.0674289994482               
2372           0.0561883784393               
2813           0.0748639921452               
3453           0.088143355736                
10943          0.0472125714959               
11599          0.141502207337                
12196          0.0734191700825               
9588           0.0437178789414               
