195
2072           0.0605376176377               
3297           0.0408796644386               
3624           0.0359996737279               
7454           0.0104207344096               
5923           0.0417110099682               
3086           0.0414280185405               
8628           0.0417110099682               
5787           0.0122690936722               
4387           0.0407250908696               
6914           0.0296539120424               
6767           0.0776343551993               
9199           0.0556071785807               
4809           0.0329571848674               
2522           0.0296539120424               
5683           0.0150837907994               
9182           0.046081424329                
9044           0.0548094437826               
5510           0.0429080706828               
9659           0.0664851064733               
3545           0.0375727198559               
832            0.0363756591413               
4866           0.0540573194088               
10519          0.0605376176377               
9595           0.0539436504636               
1612           0.0245882929426               
10105          0.0973437330846               
4887           0.0586300907922               
7186           0.0296539120424               
5987           0.101834454118                
2548           0.0109623167843               
11936          0.038214729828                
4640           0.102833550312                
913            0.0776343551993               
11117          0.0497346676928               
2944           0.03510418582                 
4428           0.0149334052286               
3945           0.044936476927                
12071          0.0556071785807               
1038           0.0647280210625               
6264           0.0261576319023               
3005           0.0829697060261               
3267           0.0602395032699               
11230          0.0189197953541               
2835           0.0386608265899               
10692          0.0236969270444               
4742           0.0354551024618               
9130           0.0352784743841               
9972           0.021856050798                
3337           0.141820409847                
9633           0.0201942029143               
4925           0.05083185245                 
10830          0.0442250283018               
9405           0.0230470878942               
2451           0.0776343551993               
5370           0.0212381629119               
10595          0.030850972757                
3662           0.0514167751559               
3642           0.0232565129124               
12218          0.0168149931508               
1951           0.018970502909                
10201          0.0647280210625               
9310           0.0107067773118               
2505           0.0829697060261               
26             0.030850972757                
70             0.0432251605856               
10285          0.0328167351155               
12109          0.0242804755327               
5984           0.0296539120424               
9921           0.0738488635443               
1709           0.033787228201                
11150          0.0356341337163               
3426           0.046081424329                
6731           0.0709126081004               
6772           0.0229093003083               
1430           0.100894510125                
5591           0.0622080608897               
9963           0.0435500806549               
2004           0.492185782435                
6620           0.0244334841663               
8838           0.0309768932798               
2059           0.0373382957717               
41             0.0400977357617               
8792           0.0664851064733               
11209          0.037365493617                
10614          0.0325901674863               
443            0.0540573194088               
9007           0.0829697060261               
10466          0.0358156344451               
247            0.0408796644386               
8057           0.0212986623022               
7624           0.0482584513162               
8010           0.037997227451                
2353           0.115761109331                
5251           0.0964868430193               
7141           0.0477816690717               
8357           0.135921498197                
9109           0.113991682353                
7559           0.0417110099682               
6394           0.0225043885385               
1881           0.037997227451                
579            0.0237585365194               
1353           0.0590799682161               
2044           0.0738488635443               
3740           0.0215434804192               
11458          0.0562619643801               
2561           0.0512830849059               
5593           0.0829697060261               
9534           0.0242046332812               
532            0.0466541370927               
533            0.0556071785807               
8708           0.0514167751559               
11636          0.0738488635443               
8070           0.0738488635443               
1875           0.0212381629119               
6197           0.148667140383                
1503           0.0166478371362               
5205           0.0173474620619               
6997           0.0685135127175               
11891          0.0451420289488               
10391          0.0367627045211               
11890          0.017619718551                
1048           0.0768717757558               
1554           0.0253908949848               
7349           0.0347623849348               
7919           0.0215404342133               
10944          0.025641542453                
6456           0.092090548508                
12132          0.0809154756955               
2246           0.0205330695606               
2626           0.0249034839214               
8500           0.165132019649                
3321           0.023398004536                
3992           0.041150985272                
9342           0.248568111243                
3970           0.0564564147917               
8279           0.0282446511352               
12129          0.0161464967199               
899            0.0347623849348               
1380           0.0631781618906               
11591          0.0166904906394               
8741           0.033787228201                
4695           0.0514167751559               
1311           0.0533458707836               
10972          0.0211779404076               
230            0.025473914782                
5963           0.0429080706828               
2258           0.0236131362088               
8381           0.0417110099682               
335            0.0438832274166               
2408           0.0812276504219               
8352           0.0314929827291               
4633           0.028768967277                
5130           0.0477816690717               
2338           0.0425984424156               
4921           0.0971253192564               
4721           0.092090548508                
5207           0.112912829583                
4041           0.0229780137502               
669            0.0564564147917               
4480           0.0473355723099               
622            0.0533458707836               
6996           0.178303779775                
3427           0.0723455370931               
9343           0.201087311015                
1375           0.0583394207253               
2811           0.074730987234                
6395           0.0363634736451               
7922           0.127575132322                
9278           0.0114605029026               
3536           0.184181097016                
3290           0.0356341337163               
3849           0.0817593288773               
8744           0.041150985272                
1935           0.0647280210625               
11243          0.0664851064733               
2028           0.0669551998676               
2438           0.0435500806549               
4103           0.0445759449436               
7790           0.041150985272                
8313           0.0464863360988               
8291           0.00901313169582              
5271           0.0533458707836               
2925           0.0312324079921               
2837           0.0318937830806               
11115          0.0432251605856               
11755          0.0456886013008               
5405           0.0456886013008               
1521           0.0408796644386               
4551           0.05083185245                 
6369           0.0384358878779               
1644           0.0278397393654               
1123           0.0339448180392               
9357           0.0712682674326               
938            0.0512830849059               
2254           0.0414280185405               
