152
1928           0.183994136555                
3360           0.149634320098                
11902          0.0932980275668               
5923           0.0422579191991               
4387           0.02062953643                 
9782           0.0353902016568               
7979           0.0932980275668               
7479           0.0640065455705               
9256           0.0748171600491               
10693          0.0786522865686               
12066          0.0339165537843               
12243          0.0339165537843               
1010           0.0295869207458               
1154           0.0380653683757               
3270           0.060171419051                
6544           0.366607938596                
7004           0.0275159241513               
4887           0.0890982611505               
3746           0.0479923968916               
2548           0.0111060532281               
4237           0.196997968842                
10823          0.0626019710544               
1075           0.0422579191991               
4509           0.0718424048132               
11730          0.0548407202016               
6145           0.0152815674639               
6264           0.0530012146054               
7396           0.0786522865686               
3790           0.0932980275668               
8308           0.0475191047324               
1907           0.0932980275668               
10477          0.0694118528098               
10692          0.0120038190046               
6517           0.0533615372956               
10123          0.0840575938079               
9201           0.0908298469237               
5460           0.0718424048132               
3337           0.0359199850632               
9633           0.0613769598741               
7476           0.0193745574962               
4690           0.0337624349815               
8502           0.0547661118117               
7105           0.0932980275668               
3450           0.0540453347665               
9534           0.0490440024454               
3642           0.0471228984507               
3908           0.0527111093739               
12218          0.0255532036665               
1951           0.0576577248816               
4355           0.0484081759797               
566            0.0786522865686               
9310           0.0162707447339               
6040           0.0241443236137               
2686           0.0293647301364               
8457           0.0626019710544               
12109          0.0245988379078               
4423           0.0280042984684               
9637           0.0748171600491               
3364           0.0470958587726               
6648           0.0215779275376               
8218           0.0159895813411               
3084           0.0640065455705               
12246          0.0694118528098               
1662           0.0694118528098               
6201           0.157304573137                
4146           0.0216395032959               
5889           0.0563362925315               
6702           0.0786522865686               
2454           0.0718424048132               
11862          0.0170835997312               
8059           0.0849184446698               
10466          0.0725704885881               
9278           0.00774051433115              
4527           0.060171419051                
9701           0.0786522865686               
4873           0.0441211035367               
1716           0.0320398968553               
11692          0.0455256780529               
11093          0.0933712757069               
7524           0.0357410410615               
8121           0.0468392547552               
12058          0.0524732318885               
4679           0.0748171600491               
6623           0.0786522865686               
7518           0.0184201333444               
9820           0.183994136555                
6422           0.0336100775751               
2887           0.0310039484416               
3521           0.0655767262903               
3851           0.0786522865686               
9854           0.0786522865686               
6235           0.0204589866247               
6265           0.0282047703358               
4076           0.0393995937684               
692            0.036285244294                
10816          0.0308799370547               
763            0.0581164166132               
11100          0.0408823569424               
3753           0.157304573137                
4499           0.0786522865686               
917            0.175241795665                
3091           0.043470675615                
4906           0.0273254762272               
9550           0.230972652348                
3271           0.0840575938079               
12108          0.0311291242717               
9625           0.0704710491231               
6242           0.0213344298465               
11209          0.0378554250138               
5549           0.0655767262903               
4492           0.0533615372956               
10972          0.0429112455071               
1505           0.0786522865686               
6809           0.0301591600095               
2608           0.385654602005                
10929          0.0786522865686               
11664          0.0554182645723               
3868           0.0681969108589               
8602           0.0288249346169               
11030          0.0527111093739               
8078           0.0401203708135               
4408           0.0222714286082               
8554           0.0316419231836               
7198           0.0220150528615               
1714           0.039875756098                
2362           0.0231404312472               
2708           0.0475191047324               
4188           0.0840575938079               
4084           0.0787991875367               
9484           0.0563362925315               
1750           0.0520909450927               
805            0.0479562300563               
9611           0.0475191047324               
2683           0.0271377107576               
8675           0.0249898080974               
12051          0.0542754215151               
6460           0.0493608045724               
5790           0.106723074591                
4591           0.0555280979405               
6421           0.0220150528615               
9304           0.0484081759797               
2358           0.0441211035367               
3098           0.0220150528615               
1678           0.0269525532261               
6329           0.0770832511446               
6161           0.0437919231586               
2780           0.0591043594728               
8041           0.13882370562                 
6518           0.0441211035367               
10998          0.0319147390603               
8482           0.0372447322272               
12205          0.0840575938079               
