32
9633           0.0733087624173               
1559           0.167284254909                
9353           0.171837048438                
7004           0.0985952228868               
10191          0.139529516699                
7518           0.066003131231                
5558           0.281827340494                
7970           0.16054518747                 
5097           0.268085292365                
199            0.150391514906                
5645           0.198968610424                
4084           0.141176858458                
1975           0.148400886173                
692            0.130017502919                
5511           0.334306046647                
1771           0.268085292365                
413            0.149385831931                
5928           0.168754160943                
4759           0.180546216816                
6460           0.176869928189                
4146           0.0775387967668               
537            0.224315754591                
5676           0.281827340494                
9304           0.173456463756                
2880           0.0604347862879               
11573          0.15809500031                 
6161           0.156915479223                
9278           0.00462264282276              
8482           0.133455545782                
2608           0.15354220678                 
9201           0.108487349034                
5870           0.186652583921                
