245
1928           0.043528418202                
3360           0.0530996154381               
5683           0.0325371354014               
5585           0.043528418202                
8085           0.0596577830931               
3403           0.0558215009414               
3395           0.0596577830931               
1326           0.0204577792338               
4387           0.0146412995412               
7856           0.0357607632898               
3872           0.0258848781024               
10693          0.0558215009414               
5877           0.0596577830931               
3909           0.0350326013282               
12066          0.0962857163649               
6192           0.0180799838665               
3801           0.0210784237207               
4332           0.0374103966955               
10882          0.0216570323787               
12058          0.0372415690765               
8514           0.0353896790242               
537            0.0444301893639               
9410           0.0260190851179               
5778           0.0412466788471               
4275           0.0221828029663               
6918           0.033425112473                
8580           0.0350326013282               
691            0.0365496730424               
8997           0.0145604320749               
4084           0.111851520488                
6263           0.0271673330937               
917            0.298496396893                
9484           0.039983280128                
10385          0.0172957475819               
11778          0.0273211809705               
1287           0.0866281295146               
4237           0.195740160853                
1075           0.0299915053874               
7231           0.0246381515215               
2081           0.0315533968726               
9980           0.0357607632898               
3262           0.0365496730424               
6145           0.021691423601                
9093           0.0530996154381               
7396           0.0558215009414               
7845           0.0283008244728               
2881           0.020308777163                
11230          0.01360391764                 
11275          0.0308522290404               
8554           0.0224570666899               
10692          0.0340776459578               
6517           0.0757440434178               
10662          0.0357607632898               
11985          0.0365136765716               
844            0.0722939959528               
9201           0.0644642210261               
9633           0.159722816723                
7476           0.0275012190159               
2460           0.0220931204374               
3629           0.0353896790242               
2536           0.0412466788471               
9268           0.0596577830931               
3364           0.033425112473                
7828           0.0194609174629               
9534           0.034807758911                
805            0.0340357395573               
3642           0.0167221516054               
11030          0.0374103966955               
8560           0.0687129938343               
1585           0.0343564969172               
7970           0.0317991622736               
9310           0.034643267174                
6040           0.0342716643631               
7518           0.0522929229747               
2686           0.0416817713118               
3269           0.0328515164965               
2697           0.0641029643706               
10574          0.0596577830931               
1842           0.0394096841515               
12109          0.0523752371356               
4423           0.0397507063435               
726            0.017792380083                
435            0.0374103966955               
3155           0.0596577830931               
4099           0.0323107158248               
8502           0.0388688834798               
3259           0.0333433809881               
3667           0.0317991622736               
150            0.079727402221                
5887           0.0558215009414               
6648           0.0153143965027               
9642           0.0674510014974               
10873          0.0454270511348               
6739           0.046541447783                
1342           0.0293937422561               
6102           0.0212401616071               
1662           0.0492633332864               
6201           0.0558215009414               
4146           0.0153580983631               
6809           0.0214047124669               
11664          0.0786634653094               
5553           0.030412082892                
6702           0.0558215009414               
7470           0.039983280128                
11014          0.0343564969172               
11828          0.119949840384                
8059           0.0803583340614               
2610           0.0276365913758               
10923          0.017792380083                
9278           0.0183121240282               
2683           0.0192603141331               
6513           0.0596577830931               
7816           0.0596577830931               
11125          0.0412466788471               
10421          0.039983280128                
2579           0.0223647592655               
6232           0.0662159507481               
1559           0.0331339683954               
9353           0.37439313513                 
12218          0.0120904997999               
9069           0.0320781420403               
4668           0.0365496730424               
10125          0.0378720217089               
11086          0.0253663134831               
6848           0.018559146301                
5717           0.0558215009414               
3826           0.0427051656314               
10984          0.0888603787278               
9129           0.0596577830931               
199            0.268092232237                
11862          0.0121246593085               
9854           0.0558215009414               
3121           0.0299915053874               
6235           0.0145202560657               
5105           0.106199230876                
1299           0.0492633332864               
6265           0.0200176330853               
10998          0.0226506909617               
6503           0.0596577830931               
692            0.0257525481697               
11298          0.0596577830931               
1771           0.26549807719                 
413            0.0295888303214               
10799          0.039983280128                
1714           0.0849024734185               
4060           0.0231297361994               
2805           0.0212401616071               
416            0.0405939072123               
4995           0.039983280128                
7869           0.0596577830931               
11122          0.0603989148113               
4781           0.103069490751                
12249          0.0596577830931               
1341           0.0235367424332               
3321           0.0168238884561               
2648           0.02440737335                 
10120          0.0757440434178               
5687           0.0478048465021               
9625           0.0500150714822               
8451           0.0409155584676               
5792           0.0213220793132               
4982           0.0506764889414               
5292           0.0365136765716               
3713           0.0361469979764               
4694           0.043528418202                
4818           0.111643001883                
8741           0.0242940613854               
3093           0.039983280128                
9550           0.136605904852                
6544           0.182133595825                
3523           0.0297880258041               
6620           0.0702737212611               
8347           0.0227395185887               
954            0.101976714038                
2608           0.0608241657839               
9261           0.0202351469396               
8453           0.0492633332864               
5870           0.036970250547                
8121           0.0332429941643               
110            0.0209985799055               
9247           0.0412466788471               
11100          0.0290152343449               
204            0.046541447783                
8421           0.0427051656314               
3809           0.0315533968726               
8078           0.0284744336731               
9918           0.0555966585243               
9949           0.0680714791145               
7811           0.0310802264813               
7198           0.0156246353113               
9554           0.0199462256826               
8325           0.178973349279                
12129          0.0116098302039               
11642          0.0454270511348               
3753           0.0558215009414               
5097           0.0530996154381               
9370           0.0444301893639               
5645           0.078819368303                
3427           0.0260093386271               
11890          0.0253382444707               
4218           0.0596577830931               
11018          0.0292025956347               
6395           0.0130732307437               
2708           0.0337255007487               
9891           0.0245220588263               
9214           0.0596577830931               
4974           0.0405939072123               
8041           0.0492633332864               
5459           0.043528418202                
10717          0.0191943805147               
159            0.0242940613854               
4451           0.0265758007403               
2938           0.0357607632898               
7269           0.0444301893639               
11967          0.0200268017787               
9446           0.0558215009414               
3878           0.0276365913758               
330            0.0199462256826               
4402           0.0530996154381               
3812           0.0739144545645               
8675           0.0177358937304               
5667           0.0388688834798               
6460           0.0350326013282               
5790           0.0378720217089               
2362           0.0492700337525               
8008           0.0340357395573               
9304           0.0343564969172               
11919          0.0283008244728               
3098           0.0312492706225               
2092           0.0337255007487               
8987           0.0232298581491               
1174           0.0596577830931               
6261           0.0248746997411               
6329           0.0136769792846               
10157          0.0254933145303               
6161           0.0310802264813               
1644           0.0200176330853               
1978           0.033425112473                
1392           0.030412082892                
11292          0.0269303553822               
12108          0.0220931204374               
9569           0.0340357395573               
367            0.0107107389559               
466            0.0412466788471               
6703           0.0530996154381               
