202
1186           0.0783015952685               
1704           0.191286197535                
7454           0.0430120451764               
3730           0.0377337631039               
2009           0.363330419762                
10567          0.0686050591731               
5787           0.0126603075792               
12138          0.0203854702689               
2021           0.162363129761                
3872           0.0371475639782               
8309           0.0502755235706               
85             0.0288306974435               
3657           0.070698143441                
11485          0.0502755235706               
3663           0.0667919471098               
9235           0.0463693272394               
12177          0.0436445862511               
2430           0.0286249636462               
1010           0.120540817292                
8076           0.0550468641157               
7453           0.0149543968782               
2659           0.024976425347                
10865          0.0319646265035               
11846          0.0467518362199               
129            0.0436445862511               
7206           0.0762036179541               
7439           0.030958375796                
1612           0.0507446368601               
7186           0.0305994605153               
2548           0.0113118626344               
1981           0.0317059868577               
4428           0.0154095737182               
8911           0.0272798545863               
478            0.0235692531084               
8790           0.0595942822265               
8926           0.0360460274702               
11700          0.0518748017524               
6603           0.0375355381111               
4686           0.097900911675                
1155           0.0731737366894               
9539           0.0766018956908               
2880           0.0171786722233               
7193           0.0488449204878               
9406           0.0339277751305               
9972           0.0676588669775               
7413           0.065192668928                
8279           0.0291452637326               
4550           0.0856152887984               
8306           0.0398935707044               
7171           0.021187789671                
7163           0.0421831587036               
5241           0.0467518362199               
3099           0.0467518362199               
5407           0.0371308079132               
2795           0.0456351932714               
3642           0.0479961461791               
9510           0.228610853862                
7179           0.0762782234761               
1951           0.0391507976343               
3009           0.0612864725967               
8173           0.0754002005064               
10137          0.0310801539293               
2133           0.0318346908626               
9310           0.0497167874876               
2032           0.0479686054212               
3543           0.0416399594352               
1314           0.0387707684585               
10285          0.00846578344344              
2146           0.0283220922596               
11450          0.0801098142853               
498            0.126549476111                
2687           0.159278830308                
4967           0.195578006784                
493            0.0573802762655               
8244           0.0471454339482               
11945          0.0497817174845               
5591           0.128383270322                
3474           0.0436445862511               
960            0.0717881064878               
8842           0.0267228140778               
4146           0.110202555189                
2059           0.0192644347488               
7755           0.114760552531                
12051          0.0276406073334               
8411           0.0675554771337               
7166           0.031452181882                
1575           0.041908842892                
6759           0.0552605444809               
237            0.0502755235706               
10050          0.0329107523709               
9278           0.0131399266441               
8902           0.065192668928                
8057           0.0219777942018               
29             0.0334825493139               
10948          0.191008145176                
6176           0.223123992335                
104            0.0331936411625               
5177           0.0396614595676               
119            0.0761169552902               
9242           0.0686050591731               
7520           0.0256155160511               
10528          0.045282493679                
6394           0.0232219663807               
2763           0.0245161042862               
1895           0.133810330932                
1602           0.0242916666002               
4562           0.124935855879                
501            0.0612864725967               
5227           0.0329107523709               
2952           0.0601996390363               
7393           0.0274520185955               
624            0.0424631309081               
9313           0.0405492548847               
3740           0.0222304186209               
3465           0.0471454339482               
214            0.0360460274702               
630            0.0456351932714               
11292          0.0386479355073               
1158           0.091096044965                
10132          0.0574548817875               
11302          0.0801098142853               
4359           0.0305994605153               
10539          0.0573802762655               
532            0.0240708784696               
10586          0.0189604331509               
10545          0.0290395965001               
11029          0.0168745084776               
1562           0.0497817174845               
5348           0.0312030341422               
660            0.0519334297006               
11598          0.0213063770698               
10288          0.0319646265035               
8733           0.044603443644                
3868           0.0463071247053               
10092          0.041117657702                
4029           0.0148799957559               
8463           0.0849262618163               
1974           0.0467518362199               
7911           0.0439567418574               
2279           0.0502755235706               
2389           0.165140592347                
9625           0.0239256560067               
80             0.029467290783                
8694           0.0324971720477               
8422           0.0655429757186               
9627           0.0228833410792               
11591          0.0516680573447               
1874           0.0456351932714               
8285           0.0801098142853               
245            0.0624679279397               
5186           0.0686050591731               
3776           0.0986104830973               
446            0.0775415369169               
12223          0.0206099079549               
5331           0.0369576563951               
9309           0.00832769915997              
6242           0.0217297841862               
8683           0.0398935707044               
1709           0.0348645721272               
4852           0.0225529556592               
10427          0.0502755235706               
11890          0.0181815431745               
7198           0.0224230200183               
201            0.0303653483217               
9744           0.117846265542                
9416           0.0323620647553               
2661           0.032633637225                
10866          0.18147317389                 
10923          0.0255339652303               
2812           0.0254529012829               
7953           0.0394332496435               
6395           0.0187614820333               
11011          0.0396614595676               
6639           0.0227502206908               
5801           0.0565571047925               
5090           0.0612864725967               
11862          0.0174001807385               
2140           0.0854979953905               
5383           0.0300215787992               
7721           0.0430410126242               
11140          0.0866788919495               
11151          0.0601996390363               
10595          0.0318346908626               
2842           0.0582565913321               
10109          0.0379349248699               
6486           0.045282493679                
8064           0.0200014155919               
665            0.115670803731                
5155           0.0637620658452               
1048           0.0396614595676               
1867           0.0479686054212               
3766           0.0624679279397               
9546           0.0661401460988               
5456           0.0260307829989               
5277           0.0256975596291               
1794           0.0232907167598               
3391           0.0310801539293               
2065           0.0877552792086               
2825           0.0319646265035               
10998          0.0108353866985               
9588           0.0293590976142               
6063           0.0201100415381               
