70
3348           0.0841802640812               
12058          0.0659784729129               
7454           0.0265491224963               
9309           0.0616831227264               
6933           0.0468131994415               
8293           0.05365071108                 
5190           0.125395198795                
11835          0.0599759838961               
214            0.0889974326855               
11458          0.035834945156                
10893          0.074971868827                
10393          0.0795714575429               
10758          0.134190809917                
11821          0.0809126133851               
11140          0.107004840657                
7793           0.0984969946073               
6798           0.0622496974442               
3664           0.0894356667043               
9262           0.0655430846498               
2971           0.0898797053158               
2171           0.243468710631                
10528          0.111802214165                
5473           0.268381619834                
5610           0.074971868827                
10526          0.0957248023766               
2880           0.0424140420489               
12077          0.112673027413                
8859           0.0403115083209               
9608           0.182496478424                
8136           0.0524586059237               
9955           0.0724874416684               
5101           0.125395198795                
9405           0.117435093466                
2444           0.0738448912776               
12256          0.286794381086                
7198           0.0553623063272               
3702           0.118861718565                
10137          0.076736719725                
9310           0.0136389399834               
481            0.0576752526769               
2816           0.0860804262984               
6639           0.0561701628892               
10285          0.0209019702035               
2738           0.0864819212177               
7237           0.0586757243137               
6042           0.0432934216498               
11041          0.046079058607                
2129           0.104149974093                
664            0.093164442173                
3259           0.0590723058643               
4471           0.188146290597                
5867           0.316977549549                
6680           0.17459926132                 
6043           0.116401802881                
8218           0.0402097649194               
7410           0.160960321336                
117            0.0951968477637               
4146           0.108835787747                
7877           0.0812564566563               
10813          0.124892644404                
8544           0.211383651305                
6759           0.0454793212342               
6775           0.352118743489                
4041           0.0585415650951               
9278           0.0129769610587               
10640          0.154232951645                
8057           0.0542630463694               
2683           0.0682444991358               
2353           0.0327696659707               
8064           0.0493833790486               
