62
8253           0.222195923583                
2687           0.0736304016415               
9309           0.0461961077472               
1186           0.0542951429669               
1704           0.176853126379                
457            0.313738291535                
7171           0.117534675036                
1689           0.128611900849                
2009           0.223944091703                
2953           0.196091320615                
6933           0.0525894485348               
8842           0.0741195121687               
3659           0.190285854753                
12224          0.0805454365656               
3718           0.169743880971                
9864           0.119380348554                
9744           0.0653726638777               
2021           0.100074922557                
7918           0.081731707275                
8173           0.0697110474304               
5120           0.138076648819                
10866          0.125835391824                
9546           0.0458622672497               
9539           0.0708220713989               
10545          0.0805454365656               
11029          0.0468038408232               
3872           0.103034033478                
1562           0.138076648819                
11598          0.0590962564756               
1010           0.0835842601389               
5241           0.129672843718                
2410           0.237466137415                
2310           0.142344718311                
1922           0.211361534447                
4029           0.0412717771148               
8733           0.123713972425                
11945          0.276153297638                
5792           0.0848719404854               
12051          0.0766651418384               
5591           0.0890222988792               
3474           0.12105444555                 
9908           0.202957729346                
2812           0.070597229052                
8911           0.0756645429661               
12138          0.0565419909469               
3468           0.105217890501                
210            0.0627353179223               
6603           0.104110134722                
9517           0.0766651418384               
12223          0.0571645006777               
6242           0.060270636121                
3702           0.0667639929105               
6759           0.0510909839956               
3077           0.0928685958778               
9278           0.0109336346459               
2065           0.16226780274                 
10948          0.176596053837                
7014           0.0746150585452               
104            0.092067268174                
2078           0.0945242902445               
119            0.0703737210889               
3776           0.136755075281                
