103
7559           0.0482958436898               
9782           0.0404468483011               
1747           0.096067967577                
3404           0.0496818819853               
7393           0.0308036061008               
8958           0.0379016264385               
5337           0.065369076082                
2216           0.0625912403092               
7518           0.0210520512512               
3885           0.0687688723003               
5689           0.0553248656047               
7435           0.0643857726488               
4016           0.0715467080732               
2638           0.0250882427008               
7761           0.10662869922                 
10586          0.0212752920974               
9790           0.032823075707                
1465           0.0793296039431               
8078           0.0917057533505               
2659           0.028025770328                
692            0.0414697770237               
3769           0.0749465042915               
6631           0.0558595139765               
6544           0.0418989861154               
1596           0.164214879432                
9764           0.060242613628                
7061           0.185711540443                
8997           0.0234469174676               
1714           0.0455733107551               
8681           0.0482958436898               
10841          0.101621969525                
2548           0.0126929158104               
7154           0.0181821552879               
2717           0.065369076082                
2607           0.0625912403092               
6044           0.0855072359343               
1796           0.0959363539428               
8911           0.0153052113862               
12138          0.0228743104687               
7489           0.0643857726488               
12108          0.0355769367854               
12229          0.056413608318                
12035          0.0412596231378               
6242           0.0243827502302               
8265           0.0821074397159               
2880           0.0385519957784               
8394           0.0687688723003               
5650           0.0435042499941               
11591          0.0193253850156               
11696          0.23283256263                 
10662          0.057586180212                
576            0.0512067450697               
2630           0.0898903355858               
9201           0.0346026194422               
6599           0.0366178429911               
9069           0.0258279955245               
11100          0.0467237374197               
9405           0.0266854855659               
8585           0.0700945702589               
7377           0.0520305086664               
3077           0.0375703978464               
8970           0.030698891495                
11890          0.0204013082792               
12218          0.00973477124477              
4356           0.0898903355858               
5718           0.639772195318                
10191          0.0890073692508               
5945           0.10662869922                 
9310           0.0123970348324               
8720           0.0324673572497               
2811           0.0432643093633               
2686           0.0671208825961               
2708           0.0543087614803               
2951           0.0898903355858               
3545           0.0435042499941               
7721           0.0482958436898               
5353           0.0524597177581               
111            0.149893008583                
7906           0.0617674767124               
6648           0.0246610395225               
8675           0.0285604186998               
85             0.0323506063706               
5556           0.10662869922                 
5678           0.199260736858                
8064           0.0224433669681               
3811           0.0675493483963               
4146           0.0247314133898               
1739           0.0264467979401               
7755           0.0643857726488               
2246           0.0237745841859               
3702           0.0540193324073               
11314          0.158659207886                
4873           0.0504252447877               
9261           0.0325850096889               
9278           0.010320916336                
5498           0.0455733107551               
6518           0.0504252447877               
10998          0.0121582674385               
7349           0.0402502531197               
2078           0.0382402162654               
11328          0.10662869922                 
4567           0.300294181422                
1743           0.0582081406576               
