209
1186           0.0775300684384               
1704           0.189401402812                
7454           0.0212941179216               
3730           0.0373619621139               
7918           0.0291769415842               
2009           0.35975042671                 
10567          0.0679290749399               
5787           0.0125355621389               
12138          0.0201846067079               
2021           0.160763321859                
3872           0.036781538967                
8309           0.0497801452172               
85             0.0285466207713               
3657           0.0700015354815               
11485          0.0497801452172               
3663           0.0661338279609               
9235           0.0459124376966               
12177          0.0432145443194               
2430           0.0283429141248               
1010           0.119353095965                
8076           0.0545044724513               
7453           0.0148070471546               
2659           0.024730325862                
10865          0.0316496703793               
11846          0.0462911777125               
129            0.0432145443194               
7206           0.0754527630627               
7439           0.0306533345326               
11744          0.0631338009372               
1612           0.0502446362063               
7186           0.0302979557414               
2548           0.0112004037875               
1981           0.03139357918                 
4428           0.0152577390139               
8911           0.0270110587889               
478            0.0233370188726               
8790           0.0590070836196               
8926           0.0356908561966               
11700          0.0513636652778               
6603           0.0371656902857               
4686           0.0969362674709               
1155           0.072452736039                
2881           0.0288580875535               
9539           0.0758471164611               
2880           0.0170094061121               
7193           0.0483636382541               
9406           0.0335934755711               
9972           0.0669922058323               
11041          0.018479196588                
7413           0.0645503079003               
8279           0.0288580875535               
4550           0.0847716981646               
8306           0.039500488545                
6048           0.0392706644621               
7171           0.0209790206396               
7163           0.0417675166134               
5241           0.0462911777125               
3099           0.0462911777125               
5407           0.036764948004                
2795           0.0451855373495               
3642           0.0237616135743               
9510           0.226358289188                
7179           0.0755266334764               
1951           0.0387650342192               
3009           0.0606826003797               
8173           0.0746572619048               
10137          0.030773912753                
2133           0.0315210150295               
9310           0.0437572573441               
2104           0.0754527630627               
2032           0.0474959577572               
3543           0.0412296696346               
1314           0.0383887495738               
10285          0.00838236778579              
7237           0.0235308679759               
11450          0.0793204705833               
3649           0.0426169178669               
498            0.12530254984                 
2687           0.157709412845                
10692          0.0121057964591               
4967           0.193650923701                
493            0.0568148928591               
8244           0.0466808972158               
11945          0.0492912047363               
2153           0.0373619621139               
5591           0.127118275181                
3474           0.0432145443194               
960            0.0710807588271               
8842           0.0264595069515               
4146           0.0872933596468               
2059           0.0190746170545               
7755           0.113629785718                
12051          0.0273682569415               
8411           0.100334752075                
7166           0.0311422750135               
1575           0.0414959037098               
3776           0.0976388472937               
237            0.0497801452172               
10050          0.0325864738123               
9278           0.0130104553872               
8902           0.0645503079003               
8057           0.0217612410417               
29             0.0331526366851               
10948          0.189126090177                
6176           0.220925491194                
104            0.0328665752239               
5177           0.0392706644621               
119            0.0753669543095               
9242           0.0679290749399               
7520           0.0253631194322               
10528          0.0448363130017               
6394           0.0229931540551               
2763           0.0242745404692               
1895           0.132491861492                
1602           0.0240523142286               
4562           0.123704829046                
501            0.0606826003797               
5227           0.0325864738123               
2952           0.0596064756848               
7393           0.0271815264195               
624            0.042044730176                
9313           0.0401497120915               
3740           0.022011376284                
3465           0.0466808972158               
7525           0.0483636382541               
214            0.0356908561966               
630            0.0451855373495               
11292          0.038267126929                
1158           0.090198450956                
10132          0.0284443816363               
11302          0.0793204705833               
4359           0.0302979557414               
10539          0.0568148928591               
532            0.0238337015832               
10586          0.0187736108667               
10545          0.0287534614889               
11029          0.0167082393743               
1562           0.0492912047363               
5348           0.0308955821939               
660            0.051421715549                
11598          0.0210964395646               
8733           0.0441639538307               
3868           0.0458508480609               
10092          0.0407125142818               
4029           0.0147333791267               
2140           0.0846555604805               
1974           0.0462911777125               
7911           0.0435236241719               
2279           0.0497801452172               
2389           0.163513417354                
9625           0.0236899100366               
8694           0.032176968608                
8422           0.0648971630232               
9627           0.0226578653204               
11591          0.0511589579788               
1874           0.0451855373495               
8285           0.0793204705833               
245            0.0618524145231               
5186           0.0679290749399               
6759           0.054716047366                
446            0.0383887495738               
12223          0.0204068329486               
5331           0.0365935025948               
9309           0.00824564408417              
6242           0.021515674736                
8683           0.039500488545                
1709           0.0345210420532               
4852           0.0223307352774               
10427          0.0497801452172               
11890          0.0180023955042               
7198           0.0666062397829               
201            0.0300661503187               
9744           0.116685094363                
9416           0.0320431925643               
2661           0.032312089157                
10866          0.20214570324                 
10923          0.0252823721537               
2812           0.0252021069514               
7953           0.0390447031523               
6395           0.0185766200683               
11011          0.0392706644621               
6639           0.0225260566033               
5801           0.0559998323176               
5090           0.0606826003797               
11862          0.017228732044                
8463           0.084089460352                
5383           0.0297257680504               
7721           0.0426169178669               
11140          0.0858248213458               
11151          0.0596064756848               
10595          0.0315210150295               
2842           0.0576825733559               
10109          0.0375611417786               
6486           0.0448363130017               
8064           0.0198043362257               
665            0.114531067966                
5155           0.0631338009372               
1048           0.0392706644621               
1867           0.0474959577572               
3766           0.0618524145231               
9546           0.0654884493219               
5277           0.0254443546126               
1794           0.0230612270181               
3391           0.030773912753                
2065           0.0868906026695               
2825           0.0316496703793               
10998          0.0107286226981               
9588           0.029069814472                
6063           0.019911891851                
