59
9309           0.023628922827                
12129          0.0472747215412               
1938           0.107596252718                
7784           0.191681174484                
12022          0.156189372247                
6181           0.0933806100597               
6208           0.150541245585                
6933           0.161394379077                
3642           0.0680918710123               
8293           0.0616558528017               
2181           0.107065368144                
441            0.0731481802927               
3873           0.124722380231                
3125           0.184976968235                
9546           0.0469163324081               
8524           0.0628958949164               
6068           0.107636142346                
1612           0.0719911397626               
1503           0.0487425773238               
5205           0.050790982877                
4451           0.10821549994                 
447            0.118148767038                
6381           0.150541245585                
3868           0.0656956654523               
9625           0.203659186712                
5674           0.180917790641                
5407           0.0526772748289               
6962           0.0795201831677               
3871           0.110007755834                
8838           0.0906960828358               
5003           0.189514742717                
2548           0.0320961557429               
7722           0.138592044997                
7642           0.269628459524                
6329           0.055692062317                
6766           0.160474512682                
5678           0.167954674854                
2206           0.08180390668                 
2267           0.336926316746                
3811           0.170809799643                
7919           0.0315337143089               
230            0.0745841186963               
1048           0.112534993079                
5795           0.160474512682                
4113           0.107065368144                
4982           0.0515881124297               
8190           0.0591258485404               
10616          0.132653150509                
6701           0.122970871622                
8795           0.0874984975337               
5737           0.125628929209                
9278           0.00372830846386              
1925           0.184976968235                
8291           0.0263892099027               
8379           0.0910683229681               
7014           0.0763299570494               
1194           0.160474512682                
4114           0.20762236291                 
11962          0.189514742717                
