30
11692          0.14476952465                 
5689           0.153935733096                
9633           0.195175858668                
9642           0.151108528157                
7348           0.1718616341                  
6370           0.184807483761                
12058          0.166862420556                
7004           0.0874993504778               
12122          0.208530919235                
8459           0.191342295296                
12051          0.0862966495941               
9550           0.367241110048                
10980          0.195030913151                
7518           0.0585751615861               
1390           0.228455483572                
3855           0.143608017398                
1079           0.296683359355                
5610           0.0948035545063               
9611           0.151108528157                
10403          0.32045521558                 
11573          0.140303043452                
6477           0.156965047418                
8020           0.195030913151                
4078           0.132574001882                
12229          0.156965047418                
6518           0.140303043452                
692            0.115385377943                
4873           0.140303043452                
9201           0.192556440315                
1834           0.147192604863                
