231
12043          0.0419747688412               
6609           0.113024042704                
5683           0.0240412961971               
4326           0.0810183353278               
7004           0.0216443268736               
9135           0.0396347938383               
7303           0.0419747688412               
2003           0.044314743844                
4802           0.0199740904598               
3824           0.0618687488193               
10149          0.0313667058599               
8671           0.058851996355                
9206           0.0482439333737               
5689           0.114235201969                
12051          0.0426936401633               
4398           0.0449915213054               
8304           0.0683890177378               
12066          0.0533582642906               
6192           0.0400772448475               
9853           0.0492433950966               
11882          0.0283977275605               
125            0.123737497639                
537            0.0492433950966               
6383           0.0230123094843               
1814           0.0618687488193               
6544           0.144188907009                
3875           0.0464921355739               
3258           0.0188756721391               
12156          0.0327942437974               
2550           0.0661206226105               
4408           0.0350378986427               
4887           0.0233618888903               
5999           0.0182025163013               
917            0.248124803499                
7013           0.044314743844                
1287           0.0480063586184               
4237           0.185952908182                
10823          0.196973580387                
10735          0.11770399271                 
6366           0.058851996355                
3730           0.0291417566288               
3358           0.0546001225638               
1917           0.0400628700528               
12229          0.0388277487259               
3587           0.058851996355                
291            0.0492433950966               
11730          0.0215691551463               
6264           0.0416913350723               
2276           0.0661206226105               
10489          0.123737497639                
2881           0.0450177301553               
12231          0.0492433950966               
11275          0.0683890177378               
2446           0.0457150089156               
10692          0.0472116765618               
7285           0.0179343070249               
10662          0.0396347938383               
4853           0.0339477584008               
347            0.0436790091398               
9201           0.0714477509781               
8084           0.0457150089156               
8306           0.0308097744007               
9633           0.0804663131742               
7476           0.0152402388222               
4982           0.0421247760157               
2536           0.0914300178311               
6497           0.0661206226105               
9405           0.0183667976411               
7923           0.0473314963083               
8690           0.0245859076105               
4784           0.02961490806                 
9534           0.057867823062                
12218          0.0134002863162               
236            0.0192291801434               
6858           0.0370461175886               
4648           0.0449915213054               
9310           0.0383962372727               
3796           0.0217200413617               
6040           0.0189921890162               
3272           0.0396347938383               
10456          0.0436790091398               
10561          0.0400628700528               
26             0.0245859076105               
12109          0.0386994298617               
11940          0.0546001225638               
12057          0.0405091676639               
9145           0.0327942437974               
9090           0.0546001225638               
4099           0.0358109962616               
8502           0.0430796225171               
6370           0.0457150089156               
150            0.0589096141431               
6648           0.0169734337946               
4134           0.0288377814018               
1342           0.0325780214761               
9579           0.0473314963083               
6620           0.0973582565851               
10889          0.0661206226105               
2059           0.0595116333873               
6809           0.0237235251082               
1571           0.0414631351244               
534            0.0409753071182               
7589           0.0317551358606               
9888           0.0660300370006               
2336           0.0315591224704               
10911          0.0661206226105               
11552          0.0618687488193               
3855           0.0710473587117               
9578           0.03772289505                 
8515           0.058851996355                
10923          0.019719861983                
9278           0.0131923419969               
6518           0.0347061425857               
103            0.0219505212121               
11976          0.0618687488193               
4873           0.0694122851714               
6016           0.0482439333737               
1716           0.0252029332803               
11692          0.21486597757                 
3801           0.0233618888903               
12058          0.0619140271392               
11777          0.058851996355                
9640           0.0642612276994               
3802           0.030110421234                
11434          0.0473314963083               
2754           0.0618687488193               
11029          0.0260643402001               
11919          0.0313667058599               
4074           0.044314743844                
7518           0.0434684350382               
1960           0.0409753071182               
110            0.0232733954449               
4591           0.0436790091398               
4521           0.0873580182795               
11862          0.026876292777                
10430          0.03772289505                 
5293           0.0299426350777               
6477           0.0388277487259               
6235           0.0160932626348               
10279          0.0403377801495               
5981           0.0618687488193               
10240          0.0464921355739               
692            0.0856271100185               
413            0.0327942437974               
4753           0.0175189493214               
1714           0.0941001175797               
5889           0.0886294876881               
6559           0.0546001225638               
12122          0.154750110299                
5046           0.0355236793559               
4781           0.0761568013123               
4222           0.0283977275605               
1341           0.026086521879                
1631           0.044314743844                
414            0.0457150089156               
7489           0.132944231532                
1490           0.0661206226105               
10120          0.0419747688412               
12108          0.0244865096052               
9625           0.055433297968                
4852           0.017417630552                
5603           0.0618687488193               
11905          0.058851996355                
8190           0.0160932626348               
7763           0.0618687488193               
8020           0.0482439333737               
7184           0.0294548070715               
10645          0.0565120213521               
4492           0.0419747688412               
3523           0.0330150185003               
8188           0.0239091301492               
1429           0.0661206226105               
8347           0.0252029332803               
363            0.0546001225638               
11763          0.132241245221                
10421          0.044314743844                
61             0.0388277487259               
2367           0.0661206226105               
5470           0.0546001225638               
8258           0.0313667058599               
8602           0.0226740088222               
10459          0.0449915213054               
8078           0.0631182449408               
9550           0.211966550179                
11890          0.0421247760157               
9247           0.0914300178311               
10466          0.0285423700062               
1750           0.0409753071182               
5015           0.0278383196788               
3427           0.0144134895277               
10744          0.0618687488193               
11975          0.0661206226105               
2708           0.074758094979                
3094           0.058851996355                
4974           0.0449915213054               
5459           0.0482439333737               
10717          0.0212737437507               
4084           0.0619843027274               
4451           0.0294548070715               
10932          0.0430796225171               
2938           0.0396347938383               
1834           0.0364103828843               
10028          0.052983635171                
805            0.0754457900999               
7348           0.0850253028208               
9611           0.261653332426                
5818           0.0315591224704               
8675           0.0196572563579               
11828          0.044314743844                
8784           0.0358109962616               
8059           0.155861480398                
2362           0.0910125815065               
10644          0.0661206226105               
8008           0.03772289505                 
10248          0.0209864268449               
6281           0.0784470186368               
9527           0.044314743844                
6393           0.0546001225638               
3485           0.0618687488193               
6261           0.027569422611                
6329           0.0151586320986               
9256           0.176555989065                
10156          0.0309921513637               
4518           0.0661206226105               
2734           0.0565120213521               
11292          0.00994925709423              
8849           0.0297774913331               
367            0.0118710533926               
927            0.0661206226105               
6395           0.0144894783461               
12059          0.0801257401057               
