241
12043          0.0404523503133               
6609           0.108924677742                
5683           0.0231693220142               
4326           0.0780798125389               
7004           0.0208592904061               
9135           0.0381972458505               
7303           0.0404523503133               
2003           0.0427074547762               
4802           0.0192496332148               
3824           0.0596247786415               
110            0.0224292729063               
10149          0.0302290401746               
8671           0.0567174433336               
9206           0.0464941331949               
5689           0.110091908442                
12051          0.0411451482811               
4398           0.0433596856213               
8304           0.0659085583909               
12066          0.0257114840508               
6192           0.0386236492284               
9853           0.0474573445921               
11882          0.0273677462698               
125            0.119249557283                
537            0.0474573445921               
6383           0.0221776564941               
1814           0.0596247786415               
6544           0.111167357699                
3875           0.0448058728367               
3258           0.0181910543608               
12156          0.0316048015267               
2550           0.0637224376124               
4408           0.0337670793495               
4887           0.0225145567078               
917            0.239125354342                
7013           0.0427074547762               
1287           0.0462651752401               
4237           0.209076494994                
10823          0.189829378368                
10735          0.113434886667                
6366           0.0567174433336               
3358           0.0526197843628               
1917           0.0386097958054               
12229          0.0374194721425               
3587           0.0567174433336               
291            0.0474573445921               
11730          0.020786845146                
6264           0.0602687949667               
2276           0.0637224376124               
10489          0.119249557283                
2881           0.0433849438801               
11275          0.0659085583909               
2446           0.044056932445                
10692          0.0454993161817               
10662          0.0381972458505               
4853           0.0327164783296               
347            0.0420947780736               
9201           0.0688563518385               
8084           0.044056932445                
8306           0.0296923085354               
9633           0.124076499433                
7476           0.0293749553226               
4982           0.0405969167503               
2536           0.08811386489                 
6497           0.0637224376124               
9405           0.0354012733279               
7923           0.0456147900841               
8690           0.0236941804539               
4784           0.0285407798165               
9534           0.0743586211432               
805            0.0727093826851               
12218          0.0193713899324               
236            0.0185317406831               
6858           0.0357024604975               
4648           0.0433596856213               
9310           0.0370036115445               
3796           0.0209322587412               
6040           0.0366066903767               
3272           0.0381972458505               
10456          0.0420947780736               
10561          0.0386097958054               
26             0.0236941804539               
12109          0.0372958073841               
11940          0.0526197843628               
12057          0.0390399062695               
9145           0.0316048015267               
726            0.0190046255665               
9090           0.0526197843628               
4099           0.0345121368346               
8502           0.0415171311133               
6370           0.044056932445                
150            0.0567729713333               
9893           0.0350897837949               
6648           0.0163578099138               
4134           0.0277918394247               
1342           0.0313964215564               
6102           0.0226873142566               
9579           0.0456147900841               
6620           0.0938270873195               
10889          0.0637224376124               
2059           0.0573531554304               
6809           0.0228630764347               
1571           0.0399592734742               
534            0.0394891389162               
5889           0.0854149095524               
9888           0.0636351375289               
2336           0.0304144778637               
567            0.0420947780736               
10911          0.0637224376124               
11552          0.0596247786415               
3855           0.0342352408696               
9578           0.0363546913425               
8515           0.0567174433336               
10923          0.0190046255665               
9278           0.013691846802                
6518           0.0334473560346               
103            0.0211543791222               
11976          0.0596247786415               
4873           0.0668947120693               
6016           0.0464941331949               
1716           0.0242888266958               
11692          0.207072821007                
8121           0.0177539669751               
3801           0.0225145567078               
12058          0.0596684147237               
11777          0.0567174433336               
9640           0.0619304826739               
10613          0.0240866985479               
3802           0.0290183208024               
11434          0.0456147900841               
2754           0.0596247786415               
11029          0.0251189905167               
11919          0.0302290401746               
4074           0.0427074547762               
3259           0.017807580207                
7518           0.0418918414629               
1960           0.0394891389162               
10984          0.0474573445921               
4591           0.0420947780736               
4521           0.0841895561473               
11862          0.0259014936962               
10430          0.0363546913425               
5293           0.0288566202246               
6477           0.0374194721425               
6235           0.0155095624291               
10279          0.0388747349544               
5981           0.0596247786415               
10240          0.0448058728367               
692            0.0825214276675               
3868           0.0172329201154               
4753           0.0168835396748               
1714           0.0906871205238               
7589           0.0612067637558               
4029           0.0110750032446               
6559           0.0526197843628               
12122          0.149137347165                
5046           0.0342352408696               
4781           0.0733946056281               
4222           0.0273677462698               
1341           0.0502807353388               
1631           0.0427074547762               
414            0.044056932445                
7489           0.128122364329                
1490           0.0637224376124               
10120          0.0404523503133               
12108          0.0235983875992               
9625           0.0712303208279               
4852           0.0167858957219               
5603           0.0596247786415               
11905          0.0567174433336               
8190           0.0155095624291               
7763           0.0596247786415               
8020           0.0464941331949               
7184           0.0283864856666               
10645          0.0544623388708               
4492           0.0404523503133               
3523           0.0318175687644               
8188           0.0230419496088               
1429           0.0637224376124               
8347           0.0242888266958               
363            0.0526197843628               
11763          0.127444875225                
10421          0.0427074547762               
61             0.0748389442849               
2367           0.0637224376124               
5470           0.0526197843628               
8258           0.0302290401746               
8602           0.0218516259459               
10459          0.0433596856213               
8078           0.0608289557275               
9550           0.20427855541                 
11890          0.0405969167503               
9247           0.08811386489                 
10466          0.0275071425558               
1750           0.0394891389162               
5015           0.0268286280275               
3427           0.0138907144389               
10744          0.0596247786415               
11975          0.0637224376124               
2708           0.0720466301623               
3094           0.0567174433336               
4974           0.0433596856213               
5459           0.0464941331949               
10717          0.0205021482771               
4084           0.0597361414269               
4451           0.0283864856666               
10932          0.0415171311133               
2938           0.0381972458505               
1834           0.0350897837949               
10028          0.0510619267237               
3878           0.0295195509865               
7348           0.081941447926                
9611           0.252163205568                
5818           0.0304144778637               
8675           0.018944290638                
6329           0.0146088308013               
11828          0.0427074547762               
8784           0.0345121368346               
8059           0.150208408038                
3808           0.0283864856666               
9949           0.0363546913425               
2362           0.0877115689179               
10644          0.0637224376124               
3332           0.0394891389162               
8008           0.0363546913425               
10248          0.0202252523121               
6281           0.0756017571161               
9527           0.0427074547762               
6393           0.0526197843628               
3485           0.0596247786415               
5999           0.0175423137836               
11573          0.0334473560346               
9256           0.170152330001                
10156          0.0298680707134               
4518           0.0637224376124               
2734           0.163387016612                
11292          0.00958839904172              
8849           0.0286974662187               
367            0.0114404920785               
927            0.127444875225                
6395           0.0139639471543               
12059          0.0772195916108               
