168
6612           0.0361606887123               
7784           0.254241789328                
7454           0.0115624116782               
8294           0.0321601978898               
8414           0.0622254412472               
8932           0.0577291090564               
3873           0.0472654525776               
7906           0.0591903502277               
6766           0.668956966712                
9164           0.0584414565079               
8089           0.0405740579306               
105            0.0364815857303               
7955           0.0540598614623               
6192           0.0278997672456               
11882          0.0395381465096               
7453           0.0160800438478               
12054          0.0718195088008               
8331           0.0596472571089               
9625           0.0514531747162               
2106           0.115458218113                
10105          0.0360028468877               
8997           0.0224686409504               
7186           0.0658054846093               
11654          0.0557795204694               
3871           0.041689120725                
1916           0.0520428352192               
5290           0.0360028468877               
1533           0.0296194262527               
7237           0.00851795735905              
8911           0.0146666315426               
478            0.0253433573103               
840            0.043939755577                
7128           0.0380198731308               
132            0.0329027423046               
1326           0.0315690148398               
4600           0.0515792970303               
9836           0.0506941638159               
6181           0.0353880096603               
2739           0.0257265873581               
8323           0.0760197322399               
12239          0.0861398381251               
9130           0.0391435217688               
8595           0.0626416799469               
6364           0.0861398381251               
2632           0.035238262434                
6701           0.0466016916155               
4690           0.0369765560659               
9405           0.0255720861643               
668            0.0857928770243               
10425          0.0266068675805               
9529           0.0861398381251               
8970           0.0294180406244               
12218          0.0279858211813               
549            0.0718195088008               
2075           0.0716933864867               
6123           0.0861398381251               
9310           0.0178196894038               
481            0.0251181565487               
7992           0.0861398381251               
6358           0.064730984687                
8444           0.0506941638159               
2640           0.0412328265088               
10183          0.0260405828271               
12177          0.0469298004027               
6947           0.100541878419                
6052           0.0251928381774               
9638           0.0511300238418               
1436           0.0786816682784               
2267           0.0319208445527               
480            0.0356921920495               
7362           0.0685615623931               
6042           0.0188547235089               
11041          0.0200678966106               
2938           0.0551835101002               
7412           0.0498596380232               
8404           0.0511300238418               
4297           0.0227826364194               
6772           0.0254192028137               
10579          0.0760197322399               
873            0.0257265873581               
1500           0.0515792970303               
8082           0.0616994029156               
614            0.0251181565487               
10455          0.0355393086989               
4479           0.0353880096603               
9278           0.00989029640047              
3438           0.0925615891951               
2242           0.0685615623931               
8291           0.0200011889913               
104            0.0356921920495               
5251           0.0535288856174               
4567           0.0479608328841               
7559           0.0462807945976               
1938           0.101938111889                
1881           0.0421601366229               
3614           0.112801800966                
1353           0.0327763326269               
8293           0.0233654279316               
5189           0.0700998497937               
214            0.0387592831045               
11292          0.0277046945968               
5089           0.0479608328841               
4311           0.0861398381251               
4359           0.0329027423046               
3799           0.0786816682784               
5588           0.0700998497937               
10586          0.0203876223777               
6477           0.0540598614623               
6197           0.0235649785537               
1448           0.109444757191                
5205           0.019248019386                
12020          0.0547375828014               
8721           0.0297211704036               
3868           0.0248963766908               
6133           0.0306702556546               
3532           0.0393395009069               
2246           0.0227826364194               
4182           0.039739532138                
7531           0.0658996263546               
3603           0.0453583683192               
2229           0.0584414565079               
3312           0.0483213506227               
2342           0.0382012447374               
2340           0.111559040939                
4113           0.0405740579306               
6242           0.0233654279316               
4986           0.019248019386                
8422           0.035238262434                
12129          0.0179154784009               
852            0.0700998497937               
8741           0.037488897286                
8550           0.0442126649541               
4566           0.0819396146861               
6048           0.0426468559119               
230            0.0282647919224               
110            0.0324035406324               
8083           0.0520428352192               
9639           0.0718195088008               
9546           0.0888983068016               
8720           0.0933381618708               
7802           0.0254192028137               
938            0.0284507845851               
11771          0.0520428352192               
8962           0.0786816682784               
4203           0.0368096945175               
3106           0.0671700121732               
3581           0.0466016916155               
6435           0.137123124786                
11391          0.102179826457                
11967          0.030903960558                
3812           0.0380198731308               
7722           0.0525215740617               
2925           0.0346541754844               
2206           0.0620016818906               
6019           0.030779621159                
1739           0.0253433573103               
10248          0.0292193950217               
1048           0.0426468559119               
499            0.0599797439084               
9047           0.0453583683192               
5405           0.0506941638159               
4463           0.0456594145842               
5456           0.0279901714141               
136            0.0920597205713               
5498           0.043671853995                
11879          0.0737690973879               
7547           0.0308898120713               
3706           0.0335517481098               
