36
1938           0.0963225682377               
7784           0.171597267959                
11918          0.113259320524                
5190           0.258012435312                
7525           0.248141387346                
11458          0.0737337757571               
9310           0.0280634039741               
11138          0.255409120207                
9012           0.211538829424                
10285          0.0430077729199               
11029          0.0857256783839               
4316           0.154261683396                
1445           0.165785017855                
1393           0.128489191152                
7237           0.0402436102534               
6383           0.151375083856                
3868           0.117624453614                
9875           0.210199376406                
5205           0.0909384442382               
4408           0.115239733952                
8218           0.0827353795827               
7919           0.0564593704998               
7154           0.0823185827679               
6904           0.158517284994                
8379           0.163052792858                
117            0.195876483003                
1463           0.371736351664                
2538           0.173130212445                
5684           0.163725770518                
12129          0.0846427728946               
1352           0.186800390188                
7453           0.075971150147                
11852          0.181351796196                
8291           0.141745260121                
10393          0.163725770518                
7341           0.305825494218                
