36
3360           0.255558934109                
9353           0.163807915577                
11100          0.139645123621                
9550           0.13149194829                 
11030          0.180049535674                
2354           0.230076159997                
10191          0.266019924104                
7518           0.0629191169587               
11458          0.048674573168                
7970           0.153043669886                
199            0.286728860874                
2362           0.0790426145614               
2686           0.100303448154                
1465           0.237095595542                
11029          0.0565909010088               
10285          0.0283911269739               
10717          0.184758227899                
692            0.247884799411                
6631           0.166949588484                
3868           0.155297081019                
413            0.142405738273                
1714           0.136206796923                
8675           0.0853596784047               
10193          0.159467852565                
416            0.195371201333                
10841          0.15186084505                 
8059           0.0966875655787               
6162           0.287122219865                
4781           0.165351663273                
11230          0.0654732178964               
11262          0.081714837993                
9278           0.00440664857862              
6517           0.182271254144                
8511           0.162314791784                
2608           0.146367905375                
2607           0.187068971218                
