137
8914           0.0710901816792               
4809           0.015089532552                
3624           0.0659301758645               
4802           0.0229511950178               
8414           0.0256769574892               
5787           0.02246974541                 
1798           0.0333093797252               
1139           0.0455422931376               
7350           0.0565830402381               
7784           0.0299746740502               
2659           0.0443286164487               
10882          0.0275808127776               
8331           0.0492261703392               
8232           0.0930939818198               
10249          0.0608807567991               
6383           0.0264422554734               
9595           0.0246982402446               
7186           0.0271542410468               
9596           0.176738044038                
4740           0.168655585728                
2548           0.0100382503315               
4428           0.041023789844                
7440           0.0321450850108               
2880           0.0152445108037               
2882           0.082976013872                
9010           0.0460341733912               
1112           0.115705140989                
6517           0.0482310374754               
5382           0.0525287540365               
10853          0.168655585728                
12181          0.0395815037203               
9633           0.0184919363387               
7690           0.0446149593098               
9405           0.0422086758206               
668            0.0708038388181               
3642           0.0212961094855               
6027           0.0327965622065               
12218          0.00769878821661              
2238           0.0455422931376               
9310           0.0392170060452               
3796           0.0998295078503               
10591          0.0379358514293               
4391           0.122455271887                
7474           0.053421710115                
1497           0.0843277928639               
5303           0.0866908581067               
5291           0.0592717845759               
2267           0.0263438925356               
480            0.0589126813459               
2642           0.142180363358                
3259           0.0212318459041               
9243           0.0175589308737               
5515           0.0509197818133               
8404           0.0421969992431               
4297           0.0188022382841               
2638           0.0992057555459               
6602           0.0525287540365               
7919           0.0197246873209               
7755           0.101839563627                
3036           0.0404970877735               
10871          0.0488490905361               
3191           0.0791630074406               
2610           0.035195941864                
11262          0.0216226712876               
9278           0.00816234373402              
1865           0.0592717845759               
8291           0.0247601143119               
1722           0.0244445594439               
2351           0.041488006936                
1938           0.0841283087121               
8121           0.021167923245                
9444           0.0315270319502               
12082          0.0321450850108               
11835          0.0431132941027               
9073           0.0592717845759               
2358           0.0398790347128               
11005          0.0676237873386               
628            0.0267422558568               
1875           0.0194478959226               
6595           0.0843277928639               
5624           0.0390076146418               
1503           0.0152445108037               
1720           0.627381789165                
6133           0.0253117964241               
7061           0.0367177045897               
6067           0.0543861761539               
9807           0.0843277928639               
5664           0.0699868525815               
7799           0.0509197818133               
6169           0.0309391400892               
6163           0.0466531917548               
7689           0.0509197818133               
1612           0.0450312547322               
5650           0.103216603289                
2087           0.192924149902                
4566           0.0676237873386               
6048           0.035195941864                
1886           0.0257700034571               
110            0.0267422558568               
8352           0.0288382876123               
7977           0.0509197818133               
6484           0.0649350430007               
8883           0.0565830402381               
5277           0.02280424938                 
9916           0.0543861761539               
5223           0.0592717845759               
2145           0.0460341733912               
5002           0.337311171455                
2362           0.0836622828535               
11179          0.0312295009577               
8720           0.0256769574892               
7364           0.0331360041733               
5299           0.0395815037203               
1393           0.0224445392958               
8832           0.0695885164721               
3589           0.0255846245242               
11553          0.0843277928639               
3319           0.0642901700216               
9166           0.053421710115                
6105           0.0319875743631               
2603           0.0425677790507               
11118          0.0470826076652               
6019           0.0254020544714               
5655           0.0460341733912               
5755           0.0344055344297               
12041          0.0511692490484               
1909           0.0212961094855               
10943          0.0281361826405               
7951           0.0824182372457               
6388           0.0376821706286               
11292          0.0228643542305               
10998          0.00961542122941              
264            0.0649350430007               
8715           0.0592717845759               
4017           0.0627381789165               
7547           0.0254929937179               
8399           0.0446149593098               
