365
1999           0.0446727809681               
1186           0.0127466911954               
7784           0.24194135072                 
6587           0.239443317996                
8345           0.0312351746235               
3995           0.0282208571882               
6933           0.0246925019064               
8414           0.0188411110201               
9934           0.0301937907258               
8569           0.0675574566769               
10877          0.0213394393472               
1327           0.0460357109936               
10242          0.0243143734477               
2657           0.0208994707687               
7689           0.0373636659511               
7971           0.0330710272129               
3624           0.0483779187454               
105            0.0220923658606               
547            0.0434921572787               
1448           0.0662770975818               
2659           0.0162636165954               
9046           0.0306991593594               
12153          0.0330710272129               
9595           0.0543688581461               
6918           0.0312351746235               
11366          0.0496206486063               
3734           0.0318057948008               
1916           0.031515882138                
10385          0.0161625692779               
7158           0.0726445641068               
4113           0.0982826721272               
4428           0.0100340779503               
7165           0.148861945819                
6112           0.0521642023212               
4686           0.0212496767078               
2880           0.0223720836569               
4820           0.0304428647753               
6181           0.0428602452905               
1352           0.0478866902661               
9539           0.0166266635395               
9145           0.0553004740217               
10662          0.0334177988758               
4432           0.0379342861284               
5049           0.0476461003222               
2080           0.0406765345882               
10479          0.0618776312614               
1608           0.041519223741                
7163           0.0274679306748               
9835           0.0372787880835               
10425          0.0161124754099               
11591          0.0224294032795               
8083           0.0630317642761               
3718           0.0199251048511               
1951           0.0127466911954               
5781           0.0630317642761               
12111          0.029043920264                
10536          0.0446727809681               
9310           0.0179852881004               
2833           0.130476471836                
1791           0.0460357109936               
7804           0.0256773034732               
3859           0.0436049063956               
5230           0.0274679306748               
480            0.0216143281423               
2642           0.0521642023212               
6395           0.0122167022026               
3470           0.0476477150686               
5678           0.0385442896405               
4498           0.0557491399338               
10847          0.042450773381                
3678           0.030963105648                
1575           0.0272893075482               
6759           0.0119944613878               
11114          0.0406765345882               
3191           0.058087840528                
5999           0.0460419724603               
5508           0.0262873069854               
137            0.0292622410859               
10126          0.169803093524                
4567           0.058087840528                
2259           0.0306991593594               
2351           0.0304428647753               
45             0.0618776312614               
2763           0.015963874533                
9183           0.084901546762                
11882          0.023943345133                
6208           0.0345480432606               
5407           0.0483560970304               
1415           0.0460357109936               
8842           0.0174007928065               
5233           0.0556727633112               
3811           0.0391995185405               
9424           0.0247016562653               
3784           0.0401604472753               
6115           0.0327373444408               
3885           0.039907219666                
1960           0.0345480432606               
1131           0.0434921572787               
2971           0.0237043699356               
4451           0.0248346143204               
2084           0.0200802236377               
6119           0.0321055368632               
12062          0.028622814771                
6197           0.0142703809959               
562            0.0184421767042               
5616           0.039907219666                
2087           0.10617219724                 
8405           0.153186953532                
5455           0.023943345133                
9079           0.0613983187188               
9139           0.0278363816556               
7919           0.0072367418104               
12132          0.0181229527154               
6091           0.039907219666                
9133           0.0496206486063               
10333          0.0446727809681               
5830           0.0172291069451               
4906           0.0181229527154               
3321           0.0157216252959               
230            0.0171164742876               
1612           0.0330428116393               
4982           0.0355172099122               
8966           0.0261308153948               
1566           0.0212496767078               
8133           0.0385442896405               
5650           0.0504918461754               
4884           0.0318057948008               
4430           0.0233575982727               
7099           0.0231337497583               
6099           0.0496206486063               
232            0.0476477150686               
8859           0.0212630627246               
11962          0.0434921572787               
10213          0.0481305987964               
3439           0.0334177988758               
9029           0.0496206486063               
10776          0.029043920264                
203            0.0228082573934               
5102           0.0312351746235               
2638           0.014558941844                
3508           0.0406765345882               
10097          0.0545786150965               
7811           0.0871317607921               
2436           0.0414588716702               
3738           0.0460357109936               
2237           0.042450773381                
3427           0.024305265525                
11179          0.0229154289364               
8720           0.0188411110201               
464            0.0406765345882               
6612           0.0218980383887               
9278           0.0145455017804               
1901           0.0297157530075               
3871           0.0504918461754               
447            0.0271142217468               
3581           0.0282208571882               
2156           0.025531158922                
12022          0.250909710345                
103            0.018507428248                
3319           0.0235872616799               
9166           0.0391995185405               
8594           0.0219946682472               
6333           0.0992412972125               
2362           0.0153473241534               
2690           0.0460357109936               
6019           0.0372787880835               
628            0.0196228003937               
6421           0.029201889015                
9772           0.0428602452905               
5755           0.0252459230877               
10616          0.0608857295507               
373            0.0271142217468               
697            0.012884305554                
5277           0.0334663789104               
1794           0.0303319055749               
5498           0.0264466183954               
3468           0.0247016562653               
10660          0.036827650687                
264            0.0952954301373               
7547           0.0748244919713               
6063           0.0261896569063               
3853           0.0557491399338               
1556           0.032415798313                
5683           0.0101351252678               
7083           0.042450773381                
7454           0.00700191682769              
6828           0.130476471836                
5787           0.0164877387846               
5021           0.0256773034732               
6042           0.0228359289555               
6766           0.036827650687                
2522           0.0199251048511               
1522           0.0345719318905               
11966          0.0521642023212               
9182           0.030963105648                
9986           0.0699187040558               
7844           0.0434921572787               
5915           0.0341550210439               
5996           0.0170052584307               
7453           0.00973768559206              
8331           0.270907020676                
8232           0.0341550210439               
9410           0.0243143734477               
9584           0.0189781919683               
4275           0.0207294358351               
2342           0.0231337497583               
8997           0.0272129309256               
9596           0.151300296996                
5987           0.0228082573934               
5003           0.0434921572787               
2548           0.014731635477                
7154           0.0211025494764               
10675          0.0496206486063               
4633           0.0193304913238               
12138          0.0132741762668               
8919           0.0195488121456               
3942           0.0240652993982               
832            0.0733247763111               
10849          0.0382348635202               
11891          0.0151659527875               
9118           0.0264466183954               
8885           0.0476477150686               
1112           0.042450773381                
10786          0.0240652993982               
88             0.0312351746235               
10692          0.00796123889716              
9130           0.0237043699356               
11985          0.0170606914903               
552            0.032415798313                
2480           0.0379342861284               
7476           0.0128497006407               
2632           0.106697196736                
7171           0.0137966135235               
6701           0.0282208571882               
9405           0.0309716736293               
2626           0.0167331894552               
3596           0.0835091449668               
6835           0.0920714219872               
12218          0.0282458939247               
4921           0.0108767671031               
8144           0.0460357109936               
441            0.0167869376088               
2278           0.0240652993982               
3796           0.0732524031044               
564            0.036827650687                
4391           0.0299515414887               
8892           0.0292622410859               
5524           0.0301937907258               
106            0.0358442443351               
6052           0.0152561734075               
9638           0.061926211296                
2267           0.15464393059                 
4425           0.0234716842949               
7362           0.041519223741                
10869          0.0668355977516               
548            0.0446727809681               
5171           0.039907219666                
4759           0.0334177988758               
7901           0.039907219666                
8082           0.0747273319021               
5402           0.0476477150686               
6861           0.0460357109936               
4146           0.014351870458                
10246          0.0274679306748               
2925           0.0209857304192               
10871          0.0716884886701               
5684           0.0209857304192               
4123           0.0292622410859               
6465           0.0341550210439               
614            0.0152109480197               
8795           0.0200802236377               
2610           0.0258259043501               
11262          0.0158661769196               
367            0.020017991078                
5351           0.0321055368632               
8291           0.0363367087255               
10924          0.0139126967321               
1870           0.0893455619363               
11182          0.042450773381                
1938           0.172847513345                
1881           0.025531158922                
4547           0.0231337497583               
9069           0.0149882273251               
7698           0.0353907324134               
214            0.0234716842949               
7918           0.019187882683                
532            0.0156739618702               
6126           0.0358442443351               
8524           0.0288682359449               
9538           0.0225977344942               
7870           0.0385442896405               
5205           0.0349684048422               
10677          0.111498279868                
5110           0.028419551933                
5604           0.018507428248                
3868           0.0301532870047               
4863           0.0258259043501               
7061           0.0269425358854               
4986           0.0233122698948               
1471           0.0312351746235               
1392           0.028419551933                
4910           0.042450773381                
4469           0.036827650687                
11733          0.0318057948008               
9651           0.042450773381                
395            0.0297157530075               
4068           0.0391995185405               
9625           0.0155793990004               
1856           0.0337787283384               
4775           0.084901546762                
4470           0.0521642023212               
8190           0.0135689216949               
5483           0.030963105648                
4714           0.0557491399338               
1720           0.138107132981                
8741           0.0454047387455               
5023           0.0446727809681               
4799           0.0952954301373               
8347           0.0212496767078               
7407           0.0391995185405               
2181           0.0491413360636               
2216           0.0363222820534               
9357           0.023943345133                
6329           0.0127808945032               
4173           0.023943345133                
319            0.0481305987964               
8560           0.0321055368632               
1990           0.0434921572787               
4742           0.0238230501611               
8935           0.0358442443351               
420            0.0560530594327               
9416           0.0210728399321               
6638           0.0496206486063               
7951           0.0403176313155               
11771          0.031515882138                
6873           0.0330710272129               
9153           0.0258259043501               
1706           0.0264466183954               
6158           0.0446727809681               
2133           0.0207294358351               
4103           0.0299515414887               
3035           0.0330710272129               
3574           0.0385442896405               
8941           0.0227023693727               
12051          0.0179984218673               
12196          0.0321055368632               
12072          0.036827650687                
3571           0.0476477150686               
366            0.0189781919683               
6885           0.039907219666                
1739           0.0613892966137               
11115          0.029043920264                
3098           0.0146009445075               
3462           0.0557491399338               
12041          0.0187733593932               
1909           0.0156265540138               
2215           0.0460357109936               
8925           0.0262873069854               
3702           0.0156739618702               
11292          0.0251659393432               
11059          0.042450773381                
10998          0.0141111125775               
3528           0.0225977344942               
2686           0.019475437915                
1515           0.0135689216949               
