201
6349           0.126284733793                
7784           0.186364737751                
6587           0.483058533215                
7454           0.00847549816996              
6828           0.0526452553629               
6933           0.0896674124543               
5021           0.0310811944718               
3810           0.0600635121502               
4387           0.0165614734802               
1938           0.134501118681                
3873           0.0692932007566               
5415           0.0222450010486               
50             0.0346466003783               
8827           0.0433878086161               
9182           0.0374794148109               
6200           0.0269823032774               
5580           0.032820517931                
9986           0.126950061573                
3544           0.0439664512802               
6192           0.0204511336228               
7453           0.0117870203897               
1448           0.0802253772915               
8331           0.0874454625108               
10333          0.0540743460199               
9410           0.0294314303828               
8686           0.0288367061495               
1612           0.0199984016142               
6468           0.0312610689963               
2852           0.0202547559612               
3734           0.0769989025184               
9596           0.156978898598                
1916           0.0381485253195               
5508           0.0318195756577               
10385          0.0195640464901               
5792           0.0241184226917               
11235          0.14980005145                 
447            0.032820517931                
5827           0.0159369965607               
1423           0.0540743460199               
4428           0.0121457897027               
12127          0.0530131359332               
832            0.0295854227126               
2538           0.0268613722475               
10849          0.0231407715751               
4425           0.0284113939344               
6145           0.0122681028315               
10786          0.0291299377054               
4560           0.0374794148109               
2480           0.0459177080466               
6181           0.0259401774873               
2739           0.0188581457002               
2880           0.0270803779534               
10692          0.0481835669889               
9130           0.0286930491969               
5049           0.057673412299                
492            0.134963537875                
552            0.0784756648902               
9069           0.0181425595863               
2632           0.0516608190547               
7163           0.0332486663147               
9405           0.0562346789371               
4546           0.134963537875                
12218          0.0273522840284               
3718           0.0241184226917               
4921           0.0263316523021               
9333           0.0631423668963               
12001          0.0631423668963               
12111          0.035156329203                
9625           0.113148874201                
9310           0.0522488730326               
3796           0.0221671659253               
9121           0.0266235339645               
9260           0.074900025725                
2640           0.0302245548199               
5303           0.0769989025184               
4768           0.0289823176784               
2267           0.187189362994                
480            0.0261631497664               
8441           0.0202547559612               
5743           0.0540743460199               
5407           0.0585328306482               
9243           0.0311917181627               
5670           0.035156329203                
7744           0.16222303806                 
10326          0.0459177080466               
5591           0.0252978478054               
5678           0.0466560892325               
8842           0.0210628591023               
3811           0.0948984273392               
9139           0.0673893185499               
10380          0.0439664512802               
2336           0.0966263773544               
5684           0.0254022611436               
2084           0.0486123736919               
8344           0.115350733751                
8795           0.0243061868459               
10923          0.0603774337241               
9278           0.00517842961286              
11852          0.0281369614037               
103            0.0224023903892               
6102           0.0240257616602               
4567           0.175781646015                
10924          0.0336813585748               
2070           0.0277380724156               
10812          0.0291299377054               
2763           0.0193235356431               
1602           0.0382932687755               
6208           0.0836376337044               
5227           0.0259401774873               
579            0.0193235356431               
835            0.0600635121502               
11919          0.0320124147899               
11835          0.0191466343878               
11856          0.1201270243                  
441            0.0203198156283               
6822           0.0674817689376               
11460          0.0906736644597               
8524           0.0174718357089               
6235           0.0164245554216               
6197           0.0172736396321               
7908           0.0492370736396               
162            0.0474492136696               
5205           0.0141092150688               
10288          0.0251944433075               
10277          0.14980005145                 
3868           0.018249583301                
4147           0.0280023397258               
3896           0.0756174835762               
4863           0.0625221379927               
10226          0.0674817689376               
7919           0.017519486015                
4479           0.0259401774873               
2246           0.0167001659043               
623            0.0445781767597               
4182           0.0291299377054               
6138           0.053483584861                
6169           0.0274801736164               
4469           0.0445781767597               
2089           0.0285512950414               
4906           0.0219370004462               
12108          0.024990584148                
2342           0.0560046794516               
2340           0.0408875965341               
4113           0.11896665274                 
11334          0.0466560892325               
4982           0.0143306494979               
4986           0.0141092150688               
9627           0.0180365955298               
1044           0.0557241101089               
5650           0.0305590283624               
11962          0.0526452553629               
8347           0.0257217559821               
11497          0.0576753668753               
8083           0.152594101278                
2216           0.0879329025604               
11890          0.0286612989958               
3064           0.0263908664908               
11100          0.032820517931                
4959           0.0526452553629               
6133           0.0224819616277               
203            0.0276083461936               
420            0.033924824754                
428            0.0492370736396               
3861           0.0354205965132               
10097          0.0330324512382               
7811           0.105468987609                
2436           0.0250920283415               
12129          0.0131324336675               
9416           0.0255077032013               
2237           0.0513847080676               
11179          0.0554761448313               
9551           0.0265065679666               
6395           0.0147877559402               
5383           0.0236629376844               
1834           0.0371599199724               
8136           0.0167467990163               
12022          0.216939043081                
5037           0.0404507080256               
6080           0.0492370736396               
5003           0.105290510726                
8291           0.0219919570515               
8675           0.040123833658                
2206           0.0227242878053               
5177           0.0312610689963               
6019           0.0676863867329               
550            0.074900025725                
1739           0.0185772297754               
5957           0.0324088409354               
3098           0.0176737715541               
8225           0.0356915548409               
10616          0.0736993743403               
2146           0.0223234063976               
8362           0.0749588296217               
4463           0.0334693397468               
3702           0.0189726097034               
2821           0.100514220176                
10788          0.0502571100879               
755            0.0288367061495               
10998          0.0256212788091               
8482           0.029900218415                
2652           0.0281369614037               
