75
7524           0.0795692490952               
5683           0.0340209129892               
3801           0.132237926389                
9353           0.10676357212                 
3001           0.105790412616                
8161           0.154529606367                
9069           0.100622965028                
7518           0.0820164234124               
199            0.0934393106368               
11862          0.076065450926                
12066          0.0755074456803               
11029          0.0368837288472               
1299           0.154529606367                
8514           0.111010619953                
692            0.0807807930592               
6544           0.0816168682278               
413            0.0928144726999               
3258           0.0534220446512               
3064           0.0731850217532               
8580           0.109890535863                
691            0.114649298196                
917            0.0780271512919               
4479           0.0719352073703               
416            0.127335283342                
4995           0.125419863563                
5827           0.0441951930751               
12138          0.0445578701638               
10980          0.1365402802                  
9625           0.0522958881921               
5824           0.108811191253                
6145           0.0680418259785               
2880           0.0375485596561               
7845           0.0887742459533               
11883          0.175101317589                
2881           0.063704729896                
4819           0.133957895145                
3093           0.125419863563                
9918           0.0871980150747               
10692          0.0801712683318               
6517           0.118797251761                
6620           0.0551087886262               
6599           0.0713294984742               
9633           0.136641755916                
8690           0.0695831885871               
7828           0.0610451570054               
9534           0.0545926242116               
9550           0.514207755651                
11030          0.117349222834                
4921           0.0365104068713               
10191          0.0866906744168               
3580           0.0758545690031               
7970           0.19949571826                 
5015           0.0787881854452               
3873           0.0960791569027               
9278           0.00287208064197              
10997          0.127335283342                
12109          0.054763683508                
4451           0.0833631781149               
1975           0.092202518942                
4423           0.062345162155                
9893           0.103048892028                
4759           0.112174639958                
8059           0.189051484681                
3332           0.115968568978                
7589           0.0898735829566               
9304           0.107769726297                
3098           0.0490114773647               
5687           0.149954613697                
6460           0.109890535863                
5105           0.166563286008                
10943          0.0693018717342               
2415           0.118797251761                
367            0.0335975291222               
10998          0.0236836210947               
2078           0.0744897903577               
