221
7598           0.0568845273263               
5683           0.0348563648266               
5246           0.0527747970564               
10081          0.0248856698823               
8161           0.0527747970564               
6750           0.0512123501224               
7806           0.0332956082261               
131            0.0486650667865               
9673           0.063910157627                
3873           0.0328128578471               
3855           0.0343360945117               
9206           0.0466311003244               
1139           0.0383097711684               
8304           0.0330513592509               
12066          0.0515744550926               
6192           0.0193687153443               
1010           0.044990694663                
113            0.0416394364857               
2385           0.0716152728478               
10003          0.0486650667865               
8514           0.113736708651                
6544           0.139368557209                
6918           0.0358076364239               
8580           0.0750594124316               
4408           0.016933276917                
8997           0.0311965836067               
4661           0.034065789373                
8704           0.0512123501224               
3427           0.0139316351132               
998            0.063910157627                
1287           0.023200733941                
9971           0.0568845273263               
2595           0.0709357879278               
5331           0.0551763517682               
4014           0.0235727331964               
12138          0.0304347187629               
1075           0.0321292836811               
1559           0.0354957397537               
726            0.0190606113185               
11730          0.0833923245643               
6263           0.0582076118254               
6145           0.0348563648266               
6264           0.0604463408909               
1884           0.113769054653                
2880           0.0128235466471               
7845           0.0303180919447               
4560           0.0354957397537               
2881           0.0217563758223               
11230          0.0145735975365               
4819           0.0457491667556               
11956          0.031697906154                
10692          0.0638866937498               
6517           0.486858227359                
9972           0.0168353453146               
6545           0.0527747970564               
9627           0.0170819716423               
9473           0.0709357879278               
8084           0.0441867198216               
1113           0.0330513592509               
3185           0.0308866059162               
9792           0.0457491667556               
9835           0.0427359637367               
9534           0.0186444185763               
12218          0.0259046081814               
3718           0.0228419056022               
4677           0.0204924010681               
4591           0.042218785137                
3580           0.0259057767573               
1003           0.0724729667566               
875            0.0428332667247               
7970           0.102197368119                
9310           0.0329889960298               
6040           0.0734290601502               
7518           0.0700254178251               
2686           0.044652825442                
918            0.0361294362135               
8859           0.0243757247551               
5984           0.0228419056022               
4423           0.0212920576033               
7231           0.0527886912902               
1599           0.0546227795481               
435            0.0400769895517               
2081           0.0338025059471               
3364           0.0358076364239               
714            0.0512123501224               
2456           0.0457491667556               
5648           0.0449378665178               
6648           0.016405998408                
4134           0.0278737114419               
5553           0.0325798397228               
1342           0.0314889123169               
10178          0.0466311003244               
1117           0.063910157627                
5889           0.0428332667247               
2266           0.0546227795481               
9602           0.0284701094529               
2336           0.030504075915                
220            0.0306935364217               
6680           0.0263943456451               
11828          0.0428332667247               
3189           0.0709357879278               
6460           0.0375297062158               
8795           0.0230197319527               
10466          0.0275881758841               
2415           0.0405715189466               
9278           0.0107895712822               
11310          0.0387235364548               
2683           0.0618995367432               
2353           0.00990764661622              
10924          0.0159493517249               
1716           0.0243603791831               
10421          0.0856665334493               
6394           0.0520042466468               
2802           0.0338025059471               
9864           0.0321292836811               
7524           0.0271744105978               
2663           0.031697906154                
3801           0.0225808823707               
12058          0.0598441919869               
9353           0.510465041473                
11196          0.0709357879278               
2538           0.0508793578308               
9633           0.0622210082797               
11919          0.0303180919447               
4039           0.0434874189775               
11238          0.0192443476245               
441            0.0192443476245               
630            0.034065789373                
8753           0.0261471177302               
199            0.0957339005492               
8751           0.063910157627                
8420           0.0321292836811               
4692           0.0598004273572               
10680          0.0498588970255               
11029          0.0251929885846               
1509           0.034065789373                
1039           0.0338025059471               
692            0.0827645276523               
6631           0.0371610895208               
3868           0.0345673731959               
4147           0.0530405166899               
413            0.063395812308                
8059           0.0860862326798               
11100          0.124333698265                
1714           0.0606361838894               
7589           0.0306935364217               
9519           0.0405715189466               
3710           0.0783098279637               
4995           0.0856665334493               
11872          0.0358076364239               
1341           0.0252144287123               
5830           0.0197512453455               
3098           0.0502150526135               
12108          0.0236679061209               
9625           0.12502027707                 
9257           0.03013545922                 
6063           0.0150117571595               
4982           0.0135721704206               
8279           0.0217563758223               
3006           0.0368054094478               
8741           0.0260257289501               
11989          0.0387235364548               
9550           0.058537239966                
10972          0.0163130083797               
8347           0.0243603791831               
2608           0.0325798397228               
8987           0.0248856698823               
5870           0.0396054700236               
8121           0.0534188052309               
61             0.0375297062158               
11664          0.0210676386498               
8620           0.0338025059471               
3093           0.0428332667247               
11030          0.0400769895517               
6785           0.034065789373                
3809           0.0338025059471               
8078           0.091512227745                
9918           0.059559558294                
966            0.0498588970255               
7198           0.0167383508712               
10564          0.0515469820001               
2362           0.0175939917093               
8720           0.0215992278373               
11018          0.0312841408676               
11715          0.0332956082261               
10252          0.037912236217                
367            0.0114741946395               
10997          0.0434874189775               
4974           0.0434874189775               
4451           0.0284701094529               
2938           0.0383097711684               
2888           0.0260257289501               
12057          0.0783098279637               
2108           0.0238609756154               
7724           0.0364617886767               
8205           0.0312841408676               
10998          0.0323536266278               
8675           0.0190000986493               
10597          0.0371610895208               
2548           0.0168881734598               
1315           0.0387235364548               
3376           0.0457491667556               
11937          0.063910157627                
2078           0.0254396789154               
2603           0.0358076364239               
7833           0.0449378665178               
9304           0.0736108188956               
2358           0.0670917772915               
3091           0.0330513592509               
6261           0.106591019576                
11573          0.0670917772915               
4237           0.0299560591031               
5827           0.0301869965276               
6161           0.0332956082261               
11292          0.00961664551936              
2825           0.0238609756154               
9569           0.0364617886767               
11604          0.0338025059471               
5036           0.0466311003244               
10728          0.0196864793616               
6000           0.0294361583759               
