589
7784           0.0245269667735               
6587           0.0667527493325               
3086           0.0465618758342               
6933           0.0688385211141               
8414           0.021010332994                
4387           0.00762863995276              
4006           0.00800211773836              
1798           0.0136278053999               
2703           0.0290849955707               
547            0.0484995129043               
6255           0.034500875142                
3413           0.0211508754074               
9479           0.0621676711574               
11366          0.0276667960154               
3734           0.0709353433765               
1533           0.0100009577464               
6606           0.0462994308308               
4428           0.0167839878549               
5491           0.034500875142                
7165           0.0553335920309               
2882           0.0169739121419               
4800           0.0276667960154               
4820           0.0169739121419               
6181           0.0119487118461               
2739           0.00868654615154              
10869          0.0558979044461               
4763           0.0148361968649               
9627           0.00830811904718              
492            0.0310838355787               
10819          0.034500875142                
10830          0.0497054976101               
570            0.0290849955707               
6027           0.0268359946193               
11490          0.0276667960154               
6638           0.0276667960154               
10536          0.0249080323052               
4849           0.0147457402714               
2215           0.0770038680223               
2151           0.0151179733288               
7237           0.0143803817985               
480            0.0241028372066               
11041          0.0067758971544               
6772           0.0686620655286               
8404           0.0172639808634               
9391           0.0310838355787               
4297           0.00769252524464              
6648           0.0159586950167               
7350           0.0231497154154               
5678           0.0214909927419               
4728           0.0872549867121               
7166           0.0114191573016               
9740           0.0194921527339               
2415           0.0197326758521               
10032          0.0172639808634               
3682           0.0194921527339               
1722           0.0100009577464               
4567           0.178132987779                
12238          0.0613174169338               
2351           0.0678956485674               
3348           0.0061893279625               
1895           0.0809695398995               
1886           0.0210864684462               
6024           0.0231497154154               
7251           0.0289678446415               
1415           0.0256679560074               
10338          0.0290849955707               
3740           0.00807106635924              
10339          0.0429819854838               
6881           0.0205338529                  
3885           0.0222509164442               
4856           0.0166999668886               
3490           0.0226798604347               
2084           0.0447842151952               
6119           0.017900961884                
11460          0.0278444121206               
6960           0.103502625426                
5164           0.0164404466523               
1503           0.00623695872948              
625            0.0462994308308               
7456           0.0226798604347               
562            0.0102827342102               
1522           0.0289142105456               
2087           0.118396055113                
8405           0.0711765551007               
10799          0.0208327168889               
9079           0.0171168133367               
7919           0.00806992512626              
5031           0.0115580325706               
8838           0.0232104150675               
69             0.0107381112186               
2089           0.0394543789202               
7091           0.034500875142                
5103           0.0236691159994               
6596           0.0256679560074               
80             0.0106985146521               
5610           0.011024567081                
4986           0.0259962670361               
1566           0.0118481012921               
8133           0.0214909927419               
5650           0.0563050926505               
4885           0.0120514186033               
8859           0.00592778244127              
11616          0.0211508754074               
3917           0.0410677058                  
6620           0.00915377962409              
2258           0.00884644382349              
10213          0.0134179973096               
5057           0.0621676711574               
12226          0.103502625426                
8352           0.0117985556888               
9029           0.0553335920309               
11179          0.0511074736665               
10776          0.0323878159598               
203            0.0127171131876               
4852           0.0081881679705               
8795           0.0335881613964               
2338           0.0478773413831               
3661           0.00784489155482              
2436           0.0115580325706               
2610           0.0287993022114               
2237           0.0473382319989               
2145           0.0188338768809               
2362           0.0427857453159               
834            0.0265667549787               
9546           0.00600327773036              
8131           0.00809426520691              
1901           0.0331369984067               
2156           0.0142353110201               
10843          0.0186326348154               
7940           0.0256679560074               
3870           0.0485817239397               
664            0.0136997737735               
3755           0.0236691159994               
9166           0.0218563262236               
2603           0.0174156773256               
6019           0.0103926959298               
628            0.0328230301896               
4531           0.0142353110201               
6421           0.0244229790219               
663            0.0112398740521               
10616          0.0339478242837               
10228          0.0290849955707               
2343           0.0192628208714               
10232          0.0140762731626               
1644           0.0208598034737               
5277           0.00932986070009              
5498           0.0294914805427               
1870           0.0747240969155               
7450           0.0218563262236               
7547           0.0521495086842               
4192           0.0310838355787               
4993           0.0214909927419               
6286           0.034500875142                
3853           0.0310838355787               
7004           0.0101751718479               
11113          0.0134179973096               
4802           0.00938998029924              
3343           0.0690017502839               
10538          0.0119997977543               
6570           0.0354676716883               
4529           0.0171655163822               
8134           0.0121035857148               
6205           0.0208327168889               
7875           0.0690017502839               
6115           0.0182532364282               
1010           0.0109410100632               
7453           0.0108588085204               
10624          0.0168350368729               
10333          0.0249080323052               
9584           0.0211631963981               
6322           0.0197326758521               
7324           0.0202520764362               
8997           0.00758650511478              
8349           0.0236691159994               
9596           0.337439720893                
5508           0.0146569136153               
7154           0.0352982043666               
10675          0.0276667960154               
4633           0.0323340852259               
8919           0.0108997567176               
3945           0.0168350368729               
3942           0.0268359946193               
832            0.0681390269997               
8189           0.0199855387666               
1047           0.0276667960154               
10849          0.0319777007981               
4402           0.0553335920309               
8885           0.0265667549787               
3185           0.015022247097                
5911           0.0242497564522               
8408           0.103502625426                
9598           0.0146569136153               
1061           0.0290849955707               
9132           0.0249080323052               
9130           0.0396502657323               
5522           0.0770512834855               
552            0.0361479063572               
3444           0.0310838355787               
1873           0.0310838355787               
12022          0.1199132326                  
5348           0.0226574014162               
9405           0.00863437904005              
1352           0.0266999994691               
2181           0.0136997737735               
12218          0.0850443595593               
4677           0.0199336834414               
9652           0.0211508754074               
9073           0.0727492693565               
2416           0.0276667960154               
7233           0.0142353110201               
564            0.0205338529                  
6979           0.0236691159994               
2685           0.0290849955707               
8444           0.0171168133367               
4768           0.0133499997346               
5372           0.0202520764362               
4425           0.0130870175978               
2687           0.00963807018186              
548            0.0249080323052               
10285          0.00614724365926              
8450           0.034500875142                
538            0.0157349958361               
10266          0.0199855387666               
6154           0.0231497154154               
598            0.034500875142                
960            0.00651592060803              
6861           0.0256679560074               
3871           0.0140762731626               
8344           0.0531335099573               
1332           0.0146569136153               
5737           0.0160751131706               
10923          0.00927046545109              
8057           0.00797934750835              
11852          0.0129606069273               
8291           0.0236368069709               
10106          0.0214762224372               
8628           0.0468799362238               
10621          0.0186326348154               
1842           0.0205338529                  
4437           0.0256679560074               
10125          0.0197326758521               
7526           0.0160751131706               
5969           0.0690017502839               
7518           0.00681162010805              
11118          0.0192628208714               
1608           0.0231497154154               
4359           0.0111095648079               
8966           0.0145696591954               
5569           0.079700264936                
3036           0.0165684992034               
2602           0.0276667960154               
1875           0.0318267278777               
10394          0.0156266454079               
5110           0.0316915626162               
9445           0.0236691159994               
10391          0.0137728083838               
5205           0.00649906675902              
755            0.0265658546507               
4863           0.0143996511057               
7061           0.015022247097                
10288          0.0116052075338               
3532           0.0132829273253               
5664           0.0286335925617               
1269           0.0290849955707               
9625           0.11292509997                 
11166          0.034500875142                
8005           0.0186326348154               
5604           0.0309573487946               
5779           0.0256679560074               
12248          0.0211508754074               
8550           0.0149283443335               
4147           0.0128985967256               
2216           0.141764535053                
2125           0.0462994308308               
9357           0.0133499997346               
419            0.0218563262236               
8620           0.0328808933046               
8341           0.0157349958361               
8083           0.193294093797                
204            0.0242497564522               
6891           0.0265667549787               
4742           0.0265658546507               
7440           0.0131514596401               
11262          0.00884644382349              
1213           0.0447850330004               
4553           0.0290849955707               
9574           0.0429819854838               
5456           0.0283525264032               
5781           0.0175721903452               
9226           0.0231497154154               
10100          0.0146569136153               
1706           0.0147457402714               
6158           0.0249080323052               
3045           0.0242497564522               
9875           0.015022247097                
5341           0.0226798604347               
3035           0.0184392866603               
7722           0.0177338358441               
6487           0.0236691159994               
4475           0.034500875142                
1743           0.0188338768809               
7870           0.0214909927419               
1739           0.0684571925055               
2833           0.0969990258086               
8362           0.0172639808634               
1791           0.0256679560074               
3702           0.00873927121063              
1906           0.0188338768809               
9340           0.0265667549787               
10075          0.0110668827575               
6349           0.0290849955707               
1186           0.0213213721553               
4398           0.0211508754074               
7804           0.0286335925617               
8345           0.0174156773256               
8569           0.0376677537618               
3873           0.0638364551775               
1327           0.0256679560074               
1556           0.0361479063572               
97             0.0531335099573               
6216           0.0153151894683               
7352           0.0143167962809               
105            0.0246359125457               
5303           0.0177338358441               
6453           0.0445018328883               
1448           0.0492718250915               
1086           0.0144839223207               
9046           0.0171168133367               
2496           0.0290849955707               
1596           0.0531335099573               
6828           0.0484995129043               
9355           0.0242497564522               
11931          0.034500875142                
840            0.0148361968649               
9539           0.00927046545109              
3434           0.0156266454079               
9145           0.0154168373176               
4448           0.0222509164442               
10662          0.0372652696307               
6632           0.0249080323052               
10306          0.0730129457127               
12181          0.0161939079799               
2080           0.0226798604347               
6822           0.0310838355787               
9633           0.0151311439583               
8204           0.0290849955707               
9651           0.0236691159994               
6429           0.0249080323052               
6914           0.0444382592317               
8560           0.035801923768                
557            0.0207853918596               
1003           0.0117495030848               
2133           0.0115580325706               
9310           0.00601679314312              
10813          0.00918269317344              
6865           0.0310838355787               
3544           0.0202520764362               
1774           0.0747240969155               
99             0.034500875142                
8664           0.0690017502839               
77             0.0099668417207               
8327           0.0211508754074               
11945          0.0180739531786               
5642           0.0184392866603               
5513           0.0236691159994               
5591           0.0116528383008               
4898           0.034500875142                
3811           0.0437126524472               
4723           0.0872549867121               
5109           0.0175721903452               
3191           0.0809695398995               
9278           0.0114495247301               
8121           0.00866039359136              
6208           0.173365387842                
7844           0.0242497564522               
10549          0.034500875142                
5233           0.0155206252781               
6465           0.0190436849712               
11455          0.0143167962809               
12062          0.0319182275887               
9538           0.0251994654734               
1720           0.0770038680223               
10952          0.0208327168889               
6133           0.0103557688206               
8331           0.161118501876                
12132          0.0101047457068               
6484           0.079700264936                
9133           0.110667184062                
4182           0.0402539919289               
7689           0.0208327168889               
1612           0.0644824411363               
364            0.0310838355787               
11181          0.0694491462462               
4430           0.013023407089                
7099           0.0128985967256               
7183           0.00887360502737              
6759           0.00668770614354              
11114          0.0226798604347               
3258           0.00887360502737              
9640           0.0402796254689               
8466           0.0192628208714               
9121           0.0122634833868               
3203           0.034500875142                
7811           0.0323878159598               
5322           0.0218563262236               
8480           0.0168350368729               
4532           0.0205338529                  
2837           0.0238974236921               
4463           0.0462505119529               
8720           0.010505166497                
6395           0.00681162010805              
137            0.0163156362889               
6639           0.0165195756332               
4011           0.0142353110201               
2109           0.0161939079799               
10133          0.0199855387666               
4451           0.0138469413001               
7721           0.0312532908159               
3719           0.0208327168889               
2108           0.0116052075338               
6211           0.0249080323052               
3535           0.0171168133367               
2925           0.0117009337655               
8594           0.0122634833868               
11461          0.0290849955707               
4357           0.0222509164442               
1678           0.0099668417207               
11952          0.0132167552441               
7951           0.0449594962083               
1925           0.0473382319989               
12196          0.017900961884                
6885           0.0222509164442               
10156          0.0145696591954               
6063           0.0146024672328               
11772          0.0115113047702               
3624           0.0404608377915               
4775           0.0473382319989               
7428           0.0284706220403               
11969          0.0231497154154               
11773          0.0172639808634               
5787           0.0091930057047               
2763           0.00890091670959              
7856           0.0186326348154               
5970           0.0186326348154               
8309           0.0182532364282               
2638           0.00811757374221              
9183           0.0710073479983               
11514          0.0276667960154               
9986           0.0389843054678               
5939           0.0256679560074               
6192           0.00942031729364              
2250           0.0276667960154               
6333           0.110667184062                
578            0.0341211645981               
1876           0.0133499997346               
1783           0.0310838355787               
9410           0.0271137451572               
6544           0.0135568725786               
8686           0.0132829273253               
489            0.0208327168889               
6468           0.0143996511057               
1049           0.0236691159994               
11606          0.0256679560074               
5696           0.034500875142                
6273           0.0139222060603               
471            0.0136278053999               
9118           0.0294914805427               
6697           0.0214909927419               
8029           0.0208327168889               
10692          0.00887783528771              
6422           0.0124287417448               
1564           0.0276667960154               
7426           0.0290849955707               
264            0.0265667549787               
9899           0.0226798604347               
2881           0.0211631963981               
7476           0.0071645586358               
2632           0.0118981499051               
1455           0.0690017502839               
7072           0.0276667960154               
2626           0.00932986070009              
3099           0.0169739121419               
4546           0.0310838355787               
1921           0.0690017502839               
4921           0.0242580703962               
7971           0.0184392866603               
11148          0.0147457402714               
3796           0.15316148755                 
8378           0.0591980275564               
6045           0.0211508754074               
722            0.0143996511057               
6358           0.0218563262236               
6050           0.034500875142                
6052           0.00850632648901              
2267           0.172448454538                
6042           0.00636627095755              
5631           0.0166999668886               
5407           0.00674043120263              
9243           0.0143677063309               
8218           0.00591282113682              
7744           0.0498160646103               
2292           0.0290849955707               
10326          0.0423017508148               
2449           0.0202520764362               
3678           0.0172639808634               
2034           0.0169739121419               
2963           0.0166999668886               
8191           0.0121563107739               
10959          0.0205338529                  
9139           0.0155206252781               
5684           0.0117009337655               
6547           0.0160751131706               
8420           0.0156266454079               
1350           0.103502625426                
7090           0.0690017502839               
4171           0.0531335099573               
7694           0.0222509164442               
2078           0.0123730378072               
1123           0.0127171131876               
11182          0.0236691159994               
7697           0.0194921527339               
1938           0.0688385211141               
10038          0.034500875142                
4251           0.0484995129043               
1881           0.0142353110201               
11918          0.0161885304138               
835            0.0830003880463               
4547           0.0128985967256               
8595           0.0211508754074               
11856          0.0553335920309               
7918           0.0106985146521               
9087           0.0145696591954               
3844           0.0872549867121               
10586          0.0275354084456               
10501          0.0186326348154               
2520           0.0236691159994               
409            0.0830003880463               
2821           0.0231497154154               
10677          0.0310838355787               
1039           0.0164404466523               
11891          0.00845602252158              
7452           0.0105815981991               
4029           0.00540239188561              
2246           0.00769252524464              
1392           0.0158457813081               
5140           0.0389843054678               
5370           0.00795668196942              
7451           0.0208327168889               
6163           0.00954356736399              
2342           0.0386957901768               
1856           0.0376677537618               
4113           0.0410993213204               
5987           0.0254342263753               
668            0.0144839223207               
11591          0.0187588154139               
8741           0.0126580736073               
4799           0.0265667549787               
1872           0.034500875142                
9858           0.0155206252781               
8388           0.0199855387666               
3596           0.0155206252781               
5425           0.0310838355787               
5999           0.0256714471896               
3735           0.034500875142                
2947           0.0276667960154               
1990           0.0242497564522               
3861           0.0489469088666               
1762           0.0163156362889               
9153           0.0575986044228               
4103           0.0166999668886               
3574           0.0214909927419               
10676          0.0175721903452               
282            0.0290849955707               
8941           0.0253161472147               
12051          0.0301059345488               
3571           0.079700264936                
2206           0.0104673904805               
8767           0.0547597092845               
8894           0.0932515067361               
5957           0.0149283443335               
10447          0.079700264936                
11292          0.0187089025746               
7915           0.0290849955707               
10998          0.0157357585682               
8482           0.0137728083838               
3528           0.0125997327367               
2652           0.0129606069273               
4017           0.0256679560074               
2686           0.0108588457273               
