31
11692          0.377977782202                
9633           0.0849305570091               
150            0.15544474902                 
917            0.145494824257                
12058          0.108914994035                
6559           0.288146594468                
688            0.265707762914                
8690           0.12974962724                 
12051          0.112655672193                
4237           0.163557927187                
9550           0.319609118113                
8064           0.0815203838013               
4387           0.0856385534623               
1075           0.175423577006                
11878          0.152984745452                
7518           0.0764667485162               
10466          0.150629455194                
10248          0.110753733535                
4557           0.227348327007                
6108           0.129225064374                
26             0.12974962724                 
10924          0.0870823127676               
6192           0.105751792086                
363            0.288146594468                
1010           0.245645955513                
11989          0.211427722655                
10692          0.0498309644068               
10998          0.0441621183381               
8511           0.197264121999                
6422           0.139524144667                
10595          0.12974962724                 
