46
9766           0.0963382269181               
11672          0.200320877728                
9640           0.0649848973859               
2048           0.121542098988                
4587           0.156492809089                
6674           0.312985618179                
4173           0.172305149862                
203            0.164136639489                
10608          0.110461241415                
1645           0.130694274709                
5272           0.132512684327                
4786           0.112389923266                
3784           0.0722523507874               
10877          0.153566482639                
557            0.0670679799723               
10137          0.145640928459                
10495          0.42438557012                 
9271           0.321481822056                
8745           0.152745717621                
5508           0.0945865822929               
8131           0.0522353410948               
9572           0.104505385648                
2579           0.0752001531705               
12157          0.0761405223423               
6711           0.109539046198                
6491           0.0813108194977               
578            0.146797815142                
1785           0.156492809089                
5299           0.104505385648                
4084           0.0940234966671               
8331           0.129969794772                
6214           0.0761405223423               
5989           0.110461241415                
10285          0.0396704779404               
10385          0.0581559073326               
7790           0.198981312152                
6655           0.107771174331                
2626           0.0602091040481               
5037           0.120243408166                
6412           0.171445272995                
4711           0.128974206769                
8859           0.0382542120674               
3528           0.162621638995                
2652           0.0836396765284               
626            0.121542098988                
9109           0.0918658220011               
