123
11692          0.0600793699323               
12043          0.0704202040795               
12066          0.044759029822                
4398           0.0754813474772               
11060          0.0610849485086               
12058          0.103871886538                
7004           0.0363122408456               
7393           0.071137541939                
3395           0.110929205011                
1585           0.0638833475265               
9633           0.134996674233                
4422           0.123123629386                
4387           0.0272244061752               
692            0.0957698911149               
9463           0.123123629386                
10403          0.132988952544                
3855           0.0595973442846               
5689           0.0638833475265               
414            0.0766951277209               
10893          0.0393434863854               
8304           0.0573674223688               
3224           0.123123629386                
5580           0.0539516675314               
11029          0.0218638030269               
6294           0.0704202040795               
1010           0.0390452955929               
10279          0.0676738619095               
10998          0.0280781820474               
537            0.0826146284544               
6631           0.064500703346                
3868           0.0899981639148               
2540           0.0809378521327               
4887           0.0391937592214               
1714           0.0526232755757               
189            0.0546554748053               
917            0.0462526517767               
9519           0.0704202040795               
4479           0.0852829827027               
10841          0.117342383475                
11941          0.123123629386                
2938           0.0664944762722               
9892           0.103795924034                
11515          0.158814150569                
1917           0.134425301819                
10120          0.0704202040795               
4137           0.110929205011                
11177          0.0391937592214               
1244           0.0948090528293               
11730          0.0361861267889               
7009           0.165229256909                
10347          0.0987347806365               
12129          0.0215876146927               
899            0.0464767673626               
1331           0.0595973442846               
570            0.103795924034                
12067          0.123123629386                
1708           0.110929205011                
10645          0.189618105659                
4492           0.0704202040795               
11561          0.0722737943072               
10662          0.0664944762722               
8511           0.125420114282                
347            0.0732793728835               
9201           0.0399554728059               
9309           0.0215799084569               
9069           0.0298234581498               
11664          0.03656721394                 
2536           0.0766951277209               
11100          0.107903335063                
2246           0.027452394276                
7828           0.0361861267889               
9534           0.0323612177995               
9550           0.25400850718                 
12218          0.0112406920057               
9554           0.037088521283                
10191          0.0513881835963               
10846          0.0987347806365               
1003           0.0419305729878               
7348           0.0713225985736               
3427           0.04836242829                 
7518           0.0486173980372               
7203           0.0794070752844               
367            0.0398316429427               
9269           0.246247258773                
7645           0.155997794179                
5789           0.103795924034                
4423           0.036956739127                
7857           0.110929205011                
11041          0.024181214145                
4099           0.120158739865                
3165           0.0550182265346               
6370           0.0766951277209               
5647           0.123123629386                
9611           0.125420114282                
150            0.148247167217                
9893           0.0610849485086               
6648           0.0284759798504               
12051          0.0716262396719               
8188           0.0401118545962               
8059           0.186775422487                
1036           0.123123629386                
6913           0.0293059845038               
2060           0.0732793728835               
2614           0.123123629386                
12228          0.123123629386                
5582           0.123123629386                
2793           0.0754813474772               
9888           0.0553886157009               
9526           0.110929205011                
3269           0.0610849485086               
3702           0.0623758548278               
6956           0.123123629386                
11573          0.0582257797046               
9261           0.0376257488448               
10943          0.0410805122028               
2415           0.0704202040795               
9278           0.00851250773662              
6518           0.0582257797046               
8010           0.050801701436                
2003           0.0743459318867               
4873           0.116451559409                
10106          0.0383212083911               
6063           0.0260559878017               
