130
5264           0.0940930852598               
9782           0.0507798032965               
7007           0.0898247432141               
9115           0.239024285722                
7004           0.039481357848                
6933           0.0534209805292               
5787           0.0178351949899               
11728          0.0450301339762               
2020           0.0610543989459               
10538          0.0465612096116               
10877          0.0461667990629               
7721           0.0606339812771               
8626           0.0775472119417               
6981           0.0543170410429               
10975          0.0505329839506               
4275           0.0448470872788               
4408           0.0319562678626               
2852           0.0362014101068               
917            0.0502893088857               
9596           0.0467615070849               
10385          0.0349669021781               
4423           0.0401821041167               
9456           0.0575669095603               
9118           0.114431845887                
7845           0.0572159229437               
2480           0.0820689117828               
6701           0.0610543989459               
2032           0.0675757224485               
771            0.0637916653562               
4639           0.0820689117828               
11985          0.0369099442159               
5049           0.0515399655987               
3337           0.103079931197                
7476           0.0277996782317               
3740           0.0313170788571               
7817           0.179649486428                
2923           0.051283206926                
4092           0.0918401038028               
3099           0.0658616001157               
12218          0.085551990525                
4921           0.0705940085582               
10191          0.0558730394622               
9652           0.164137823566                
557            0.120976162313                
9310           0.00778205245516              
4249           0.147785325365                
8550           0.0579244570528               
10620          0.0390729102884               
2267           0.0836410829929               
2687           0.0373973141195               
5820           0.0995959352341               
6066           0.0637916653562               
3788           0.107351766665                
6648           0.0619223889445               
5642           0.0715474967875               
6680           0.049811078129                
2522           0.0431069578258               
1342           0.0594254804685               
9278           0.00185108578434              
690            0.0785814223972               
8032           0.133869129477                
5293           0.0546182792987               
9095           0.0738926626827               
6305           0.267738258953                
4925           0.0738926626827               
11035          0.107351766665                
6492           0.0669871149637               
2789           0.0555515489716               
532            0.0339098247338               
1643           0.0606339812771               
11460          0.0540204733362               
7239           0.0756327921357               
9074           0.0863372538285               
6197           0.0308732484143               
5624           0.0619240138715               
10391          0.0534407855223               
4753           0.0639125357252               
7061           0.116577630764                
752            0.166777247134                
4976           0.0528781498458               
11064          0.031049546749                
9799           0.107351766665                
4910           0.0918401038028               
1796           0.060222605553                
5830           0.037274302545                
7068           0.0756327921357               
12108          0.0893315512945               
9625           0.235936699193                
319            0.0520640595859               
9911           0.11285461664                 
7289           0.120610448071                
7183           0.0344310622686               
6732           0.0880016278006               
1886           0.0409095010346               
4246           0.0995959352341               
9141           0.161668807708                
1554           0.0369099442159               
4852           0.0317714525706               
206            0.259011761485                
12107          0.110470745235                
10956          0.10308342462                 
5989           0.0664160805016               
9416           0.0455900246956               
8635           0.18818617052                 
3142           0.0432740176992               
5781           0.0681830189763               
3968           0.0642885305361               
4711           0.0775472119417               
9572           0.0628350543334               
4316           0.0427771525193               
1428           0.0940930852598               
2627           0.0579244570528               
6133           0.0803642082333               
5341           0.0880016278006               
9727           0.074742946395                
8308           0.0681830189763               
621            0.140259884323                
10233          0.0918401038028               
1129           0.0664160805016               
1899           0.060222605553                
6421           0.0315884058732               
10605          0.0582888153819               
12041          0.0812304294166               
9783           0.0785814223972               
11952          0.051283206926                
5999           0.0332031605337               
2372           0.0531573990959               
3179           0.0540204733362               
3468           0.0534407855223               
1515           0.0293556766509               
