303
9766           0.027974001373                
9782           0.024523566718                
673            0.037450602452                
9790           0.0199011522727               
9115           0.0384780801131               
6933           0.0128995476065               
6753           0.0382676030449               
8571           0.0251437846541               
4387           0.0142951944131               
4006           0.0149950488547               
3786           0.0213130468232               
10877          0.133774591882                
3855           0.0312938184059               
8626           0.037450602452                
6216           0.0286989046907               
9734           0.0402716501603               
722            0.0269832910338               
105            0.0230824341932               
10285          0.0345576841055               
5510           0.0301229143609               
1104           0.0480987992075               
12153          0.0345531037355               
10110          0.037450602452                
6601           0.0360963121876               
7186           0.0208180474839               
3664           0.024644323698                
3243           0.0780762337519               
5216           0.0301229143609               
478            0.032070227521                
3598           0.0454412562529               
7231           0.0240557311862               
6242           0.0591345953669               
840            0.0278013276087               
8132           0.0805433003206               
6701           0.0294855735702               
4578           0.114049106308                
4249           0.0356856766988               
11672          0.0290838677848               
7828           0.0380017631368               
10191          0.0269832910338               
557            0.0584241528162               
8638           0.0402716501603               
9310           0.0901982300983               
5317           0.0603659584607               
9012           0.0283293443137               
3803           0.174742605021                
5435           0.105877561361                
8014           0.043379905792                
10620          0.037739694135                
7237           0.00538943651338              
726            0.0347435733615               
11041          0.0126972524258               
77             0.0186767157664               
2558           0.0312938184059               
6058           0.0201219861536               
7785           0.0268280306156               
3788           0.0518443956299               
6648           0.0149523800609               
5642           0.0345531037355               
12246          0.0480987992075               
10107          0.0318071603224               
10475          0.0545019385845               
5436           0.0416956598305               
1164           0.0162775890308               
11279          0.0402716501603               
11234          0.0545019385845               
9278           0.00268188666276              
3682           0.0365260537379               
1722           0.0374812905543               
2053           0.0318071603224               
2351           0.0318071603224               
9095           0.214114060193                
5530           0.049783045169                
3772           0.024644323698                
2952           0.0409562431125               
579            0.0166792948162               
11878          0.0255369408994               
3740           0.0151242506451               
7847           0.036976766415                
3784           0.0209801179116               
11458          0.00987444965381              
10132          0.0195444370112               
2084           0.0209801179116               
11991          0.0200477867392               
7239           0.0365260537379               
6491           0.0236104508982               
6133           0.0388110408944               
7919           0.00756105605283              
3126           0.0582475350069               
10780          0.0402716501603               
1341           0.0229803582659               
1796           0.0290838677848               
10923          0.0173717866807               
4906           0.0189351319853               
1474           0.0582475350069               
9117           0.037450602452                
9499           0.0466747895373               
2495           0.049783045169                
9438           0.0545019385845               
1977           0.0454412562529               
4261           0.0582475350069               
1614           0.0352925204535               
8717           0.0480987992075               
4885           0.0225829732371               
5542           0.0424994515646               
7183           0.016628115863                
7430           0.0292825373218               
6048           0.0269832910338               
2647           0.0288893810765               
6247           0.0352925204535               
3415           0.0855368297313               
4776           0.0299055448631               
9640           0.037739694135                
8381           0.0292825373218               
9949           0.0332311699926               
9141           0.0390381168759               
9916           0.083391319661                
2746           0.0582475350069               
2436           0.043316849046                
10375          0.0349154159541               
8635           0.0454412562529               
10564          0.0156599240248               
3427           0.0126972524258               
9546           0.0112494524323               
8131           0.0455031678572               
7802           0.0160831023226               
938            0.0180012285591               
12157          0.0442182744002               
137            0.030573627038                
8036           0.0443532027851               
4316           0.0206587715137               
8180           0.043379905792                
10518          0.0345531037355               
5299           0.333800743968                
5987           0.0238304083712               
447            0.0283293443137               
11967          0.00977669448312              
5746           0.037450602452                
1093           0.0274653714063               
3725           0.0390381168759               
11893          0.0518443956299               
8721           0.0188050202932               
663            0.0210622320294               
8850           0.0887064055701               
1670           0.0582475350069               
373            0.0283293443137               
11952          0.0247666801547               
697            0.215387441581                
8859           0.0111079829382               
461            0.0345531037355               
5277           0.0174830865503               
1794           0.0158456142453               
4581           0.0443532027851               
2057           0.036976766415                
6981           0.052463676244                
9023           0.031047463075                
12059          0.0352925204535               
6063           0.0273633451436               
12118          0.120814950481                
7454           0.00731570739961              
7538           0.043379905792                
5787           0.0172266360195               
4786           0.032634977499                
6914           0.0416360949679               
9799           0.0518443956299               
4657           0.0416956598305               
2762           0.0365260537379               
5996           0.0177673482841               
578            0.0852521872929               
7453           0.0406963180478               
8331           0.15095877654                 
12262          0.232990140028                
4408           0.0154329401871               
9596           0.0225829732371               
5788           0.0365260537379               
2548           0.00769591651256              
5827           0.0137561711806               
3942           0.0251437846541               
10817          0.0466747895373               
6145           0.0211786608559               
9118           0.110527289399                
7845           0.0276318223497               
2881           0.03965739749                 
4639           0.158537237478                
10692          0.024954064327                
5171           0.0416956598305               
6422           0.0232900334337               
11123          0.0409562431125               
6599           0.0222019799658               
12184          0.0533506732064               
7476           0.013425559368                
6987           0.149802409808                
1565           0.162847233626                
10204          0.0338685107833               
9405           0.0323596677202               
2626           0.0174830865503               
4623           0.112351807356                
3099           0.0318071603224               
12218          0.00590234646537              
4921           0.0454568356284               
3567           0.0263773179385               
10920          0.0480987992075               
9271           0.0933495790746               
6040           0.0167307588904               
11939          0.0646506743839               
11205          0.049783045169                
10625          0.0409562431125               
2267           0.161574291036                
5407           0.0126307933087               
9243           0.0269234301976               
8218           0.0110799471733               
4106           0.0338685107833               
7285           0.0315976811776               
960            0.0122100862603               
8488           0.0454412562529               
11336          0.0545019385845               
5684           0.0438524098734               
532            0.0327527794623               
11382          0.0582475350069               
10610          0.0266753366032               
9435           0.0582475350069               
4749           0.104746247862                
7624           0.033879062215                
103            0.0193368377708               
10106          0.0201219861536               
4587           0.0454412562529               
2048           0.070585040907                
2763           0.0500378844486               
7664           0.0384780801131               
3187           0.0360963121876               
6848           0.018120427341                
366            0.019828698745                
1841           0.0265251255306               
11862          0.0118380449441               
2180           0.0352925204535               
533            0.0390381168759               
11466          0.031047463075                
9074           0.0416956598305               
10393          0.0219262049367               
5624           0.0299055448631               
5205           0.0243570081691               
2262           0.0780762337519               
10391          0.0774259794725               
6182           0.0338685107833               
7061           0.0281499643585               
5303           0.0332311699926               
7790           0.202225667536                
10612          0.0769561602262               
5089           0.0303455221789               
1959           0.0296931728106               
320            0.0356856766988               
4469           0.0384780801131               
7068           0.0365260537379               
4068           0.0409562431125               
9625           0.0162775890308               
8451           0.0199741785615               
4500           0.037450602452                
11167          0.0409562431125               
6567           0.0320749407361               
8871           0.0582475350069               
4147           0.0241704876611               
576            0.06209492615                 
4406           0.0248906790289               
3792           0.037450602452                
9357           0.0250163650143               
6674           0.0454412562529               
6887           0.0352925204535               
4173           0.0750490950429               
4626           0.0646506743839               
12007          0.0356856766988               
5989           0.0320749407361               
1128           0.0480987992075               
8240           0.036976766415                
323            0.0360963121876               
9551           0.0228793979449               
3512           0.0480987992075               
5762           0.0480987992075               
5781           0.0329282649075               
11890          0.086587461326                
4711           0.074901204904                
7452           0.03965739749                 
11011          0.0539665820675               
2816           0.0237197749839               
1785           0.0454412562529               
5883           0.0646506743839               
10595          0.021658424523                
6329           0.0267073393734               
1144           0.049783045169                
8064           0.0272155399165               
6913           0.0615528204001               
7730           0.036976766415                
5046           0.0312938184059               
11968          0.0260886138976               
7877           0.0223905125794               
1762           0.030573627038                
210            0.0153882051                  
269            0.037450602452                
5999           0.0160351137605               
2372           0.0256718013591               
10998          0.0221152521317               
3528           0.141662705389                
4017           0.0480987992075               
6979           0.0443532027851               
