213
1976           0.0512416563863               
9782           0.0634111303625               
11697          0.0603440192453               
5683           0.0410715998171               
2003           0.0504708623095               
6750           0.0603440192453               
4006           0.0193865151968               
1705           0.0497468125703               
5689           0.0433681783934               
2805           0.0268114388933               
2522           0.0269148435477               
3624           0.0326744607852               
11014          0.0867363567867               
11272          0.0339141228094               
6200           0.0301107779955               
12066          0.0303853455586               
3772           0.031861687182                
1010           0.0530129810118               
10882          0.0273376545325               
1559           0.585549742746                
8514           0.0446723633351               
9410           0.0328438701928               
6544           0.164219350964                
6918           0.0421924925595               
4887           0.0266072772895               
4084           0.0705950421222               
6568           0.0398298274643               
11922          0.0287040760038               
2548           0.0099497510058               
10841          0.0796596549285               
912            0.0520656494953               
4237           0.0705950421222               
5803           0.0587492320596               
3730           0.0331900730702               
11515          0.0539066961887               
1917           0.0456283264386               
4509           0.0643625620072               
11730          0.0491310008855               
12229          0.0442216244469               
6263           0.068586605376                
3581           0.0381207507654               
6145           0.0136905332724               
6264           0.0712245220013               
2880           0.0151101119909               
3160           0.0418249816247               
8867           0.0442216244469               
10692          0.010754046263                
7285           0.0204257062538               
11985          0.0230455922671               
347            0.0497468125703               
11965          0.0435294828373               
1113           0.0389447438743               
9633           0.128302352776                
7476           0.0173573833094               
11973          0.0520656494953               
4690           0.0604945455449               
1352           0.0323426849234               
9534           0.109844515112                
8970           0.0240643151734               
12218          0.0228927422424               
8560           0.0433681783934               
1951           0.0344364761781               
4677           0.0241463990909               
1585           0.0433681783934               
1003           0.0284652047815               
875            0.0504708623095               
7970           0.040140056932                
9310           0.0388712606734               
481            0.0205469576808               
6040           0.0216305471643               
2160           0.0267089218433               
7518           0.0825116432033               
10953          0.0643625620072               
2239           0.0478058225071               
12109          0.0440754797744               
11045          0.031249083007                
2198           0.0442216244469               
2146           0.0249117033201               
11309          0.0621850659387               
435            0.0472231136244               
3364           0.0421924925595               
6370           0.0520656494953               
11097          0.0378582531002               
6648           0.0193313503736               
2153           0.0331900730702               
3171           0.0461366228502               
5553           0.0383891477455               
4134           0.0328438701928               
8347           0.0287040760038               
3259           0.021044661486                
5889           0.0504708623095               
5994           0.0520656494953               
3909           0.0442216244469               
567            0.0497468125703               
3776           0.0433681783934               
3973           0.0389447438743               
9578           0.0859265732725               
3191           0.0392325448604               
9201           0.0271243780974               
9278           0.00924615176606              
6518           0.0395274527571               
4527           0.0539066961887               
5177           0.0697712940791               
4873           0.0790549055142               
10924          0.0187932790653               
11692          0.0407857905678               
6278           0.0368624129547               
7524           0.0320198770838               
8121           0.0419626047651               
3801           0.0532145545791               
12058          0.0470100026569               
9353           0.0429632866362               
9640           0.0243960910351               
11956          0.0373499566886               
11238          0.0453516107206               
6848           0.0234271954312               
9579           0.0539066961887               
4521           0.0994936251405               
2460           0.027888128138                
3121           0.0378582531002               
6678           0.0383891477455               
4678           0.0407857905678               
1517           0.0446723633351               
5205           0.0157451140571               
6265           0.0505364842493               
10998          0.0381225986157               
12108          0.027888128138                
692            0.0975222624532               
5780           0.0560841922572               
3868           0.0610966171757               
10952          0.0504708623095               
4121           0.0265064905059               
1714           0.0357241079431               
8840           0.0539066961887               
3433           0.0490641603178               
9097           0.0560841922572               
11064          0.0193865151968               
11906          0.0275548089328               
2298           0.0414684428202               
1341           0.0297104110208               
9984           0.0407857905678               
5755           0.0341022080035               
2336           0.0359432546969               
5792           0.0269148435477               
4982           0.015992222796                
12129          0.0146550793177               
9918           0.140359234573                
3507           0.036166497888                
3523           0.037601400986                
6620           0.0221766154402               
6809           0.0270191513111               
10842          0.0490641603178               
2608           0.0767782954911               
6460           0.0442216244469               
5870           0.0466675174956               
10092          0.036166497888                
61             0.0442216244469               
11664          0.0248242072293               
8602           0.0774715147603               
11100          0.0732518138987               
2676           0.0359432546969               
11018          0.0368624129547               
9550           0.137950018956                
9069           0.0202461064334               
11890          0.015992222796                
4921           0.014692343507                
420            0.0378582531002               
6161           0.0392325448604               
4591           0.0497468125703               
2832           0.0539066961887               
938            0.0930923518567               
6711           0.0411222399428               
10703          0.0512416563863               
4451           0.134186447499                
7237           0.00696779276154              
9569           0.34370629309                 
10495          0.0398298274643               
2108           0.0281156238351               
8197           0.0753059715596               
3576           0.0339141228094               
805            0.0429632866362               
7348           0.048418426682                
9611           0.042571672438                
10385          0.0218324082455               
8308           0.042571672438                
8675           0.0223880043743               
6329           0.0517933198131               
7722           0.0429632866362               
10319          0.0643625620072               
12051          0.0486245580422               
8059           0.101436260378                
3808           0.0670932237493               
2603           0.0421924925595               
2362           0.0414623492878               
8008           0.0429632866362               
8721           0.0243122790211               
9304           0.0433681783934               
9527           0.0504708623095               
3091           0.0389447438743               
7009           0.0560841922572               
7478           0.0573425300678               
6261           0.0313993134531               
10456          0.0497468125703               
1678           0.0241463990909               
3702           0.0211723970671               
7951           0.0272305402451               
8784           0.0407857905678               
12169          0.0573425300678               
8205           0.0368624129547               
6981           0.0339141228094               
11092          0.0753059715596               
6000           0.0346849168862               
6063           0.017688502105                
