227
1976           0.0476286186377               
9782           0.0589400257215               
11697          0.0560891759243               
5683           0.0509008673147               
2003           0.0469121730792               
6750           0.0560891759243               
4006           0.0180195763397               
1705           0.0462391759253               
5689           0.0403102978198               
2805           0.0249209703244               
2522           0.0250170839398               
3624           0.030370591852                
11014          0.0806205956395               
11272          0.0315228455838               
6200           0.0279876737634               
12066          0.0564857632578               
3772           0.0296151267341               
1010           0.0492750475594               
11018          0.0342632524493               
10882          0.0254100826164               
1559           0.58313867266                 
8514           0.0415225249726               
9410           0.0305280562401               
6544           0.183168337441                
6918           0.0392175093315               
8580           0.0411035675827               
4887           0.0247312041098               
4084           0.0984261022011               
6568           0.0370214352245               
917            0.0291853548736               
11922          0.0266801580149               
2548           0.00924819628435              
10841          0.074042870449                
912            0.0483945121766               
4237           0.0656174014674               
5803           0.0546068368269               
3730           0.03084984843                 
11515          0.0501057470788               
1917           0.0424110833311               
4509           0.0598243721335               
11730          0.0456667849849               
12229          0.0411035675827               
6263           0.0637505791476               
3581           0.035432865142                
6145           0.0127252168287               
6264           0.0662024968608               
2880           0.0140447013688               
11030          0.0438934224285               
3160           0.0388759115107               
8867           0.0411035675827               
10692          0.00999578086255              
6261           0.0291853548736               
11985          0.0214206527028               
347            0.0462391759253               
11965          0.0404602287234               
1113           0.0361987586809               
9633           0.119255782534                
7476           0.0161335180885               
11973          0.0483945121766               
4690           0.0562290886481               
1352           0.0300622094322               
9534           0.102099402882                
8970           0.0223675456845               
2298           0.0385445121777               
8560           0.0403102978198               
1951           0.0320083679331               
4677           0.0224438418833               
4591           0.0462391759253               
1585           0.0403102978198               
1003           0.0264581295492               
875            0.0469121730792               
7970           0.0373097904818               
9310           0.0361304567641               
481            0.0190981962833               
6040           0.0201053821143               
2160           0.0248256817288               
7518           0.0766937656675               
2686           0.0244525019429               
10953          0.0598243721335               
2239           0.0444350446381               
12109          0.0409677275384               
11045          0.0290457171427               
2198           0.0411035675827               
2146           0.0231551846823               
11309          0.0578004108265               
435            0.0438934224285               
3364           0.0392175093315               
6370           0.0483945121766               
9893           0.0385445121777               
6648           0.0359366023517               
2153           0.03084984843                 
3171           0.0428835398762               
5553           0.035682337511                
4134           0.0305280562401               
8347           0.0266801580149               
3259           0.0195608071043               
5889           0.0469121730792               
5994           0.0483945121766               
3909           0.0411035675827               
567            0.0462391759253               
3776           0.0403102978198               
3973           0.0361987586809               
9578           0.0798679097801               
3191           0.0364662668837               
9201           0.0504236885102               
9278           0.00966848362861              
6518           0.0367403808904               
4527           0.0501057470788               
2078           0.027862236799                
4873           0.0734807617808               
10924          0.0174681691553               
11692          0.0379099935831               
11097          0.0351888761286               
6278           0.0342632524493               
7524           0.0297621627013               
8121           0.0390038308741               
3801           0.0494624082195               
12058          0.0436953378678               
9353           0.03993395489                 
9640           0.0226759281044               
11956          0.0347164195834               
11238          0.0632308181649               
6848           0.0217753491131               
9579           0.100211494158                
199            0.104850403799                
4521           0.0924783518507               
2460           0.0259217424509               
3121           0.0351888761286               
6678           0.035682337511                
4678           0.0379099935831               
1517           0.0415225249726               
5205           0.0146349295811               
6265           0.0469731680306               
10998          0.0354345827008               
12108          0.0259217424509               
692            0.0906459895062               
5780           0.0521297083858               
3868           0.0567887083427               
413            0.0347164195834               
4121           0.0246375237797               
11100          0.0680868448592               
1714           0.0664104181399               
8840           0.0501057470788               
3433           0.0456046573308               
9097           0.0521297083858               
11064          0.0180195763397               
4995           0.0469121730792               
11906          0.0256119255084               
1341           0.0276155365746               
9984           0.0379099935831               
5755           0.0316976689328               
2336           0.033408903835                
5792           0.0250170839398               
4982           0.014864614738                
12129          0.0136217529477               
3093           0.0469121730792               
9918           0.130462536288                
3507           0.0336164061986               
3523           0.0699002691993               
6620           0.020612947238                
6809           0.025114036986                
10842          0.0456046573308               
2608           0.0713646750221               
5870           0.0433770012587               
10092          0.0336164061986               
61             0.0411035675827               
11434          0.0501057470788               
11664          0.0230738579213               
8602           0.0720090155554               
12218          0.0212785800993               
11573          0.0367403808904               
2676           0.033408903835                
10952          0.0469121730792               
9550           0.160278992408                
9069           0.0188185579902               
11890          0.014864614738                
4921           0.0136563896474               
420            0.0351888761286               
6161           0.0364662668837               
2362           0.0385388482988               
7951           0.0253105209335               
2832           0.0501057470788               
938            0.0865284309166               
6711           0.0382227199878               
10703          0.0476286186377               
4451           0.124724991052                
7237           0.00647649524997              
9569           0.31947163912                 
10495          0.0370214352245               
2108           0.0261331974772               
8197           0.0699961643222               
3576           0.0315228455838               
805            0.03993395489                 
7348           0.0450044542294               
9611           0.0395699533215               
10385          0.0202930100157               
8308           0.0395699533215               
8675           0.0208094311855               
6329           0.0481413843995               
7722           0.03993395489                 
10319          0.0598243721335               
12051          0.0451960513135               
6460           0.0411035675827               
3808           0.062362495526                
5177           0.0648517357149               
2603           0.0392175093315               
7833           0.0492171887202               
8008           0.03993395489                 
8721           0.0225980256567               
7285           0.0379709885345               
9304           0.0403102978198               
9527           0.0469121730792               
3091           0.0361987586809               
7009           0.0521297083858               
7478           0.0532993210784               
6517           0.0888700892762               
10456          0.0462391759253               
1678           0.0224438418833               
3702           0.0196795360781               
8059           0.117855015389                
8784           0.0379099935831               
12169          0.0532993210784               
8205           0.0342632524493               
6981           0.0315228455838               
11092          0.0699961643222               
6000           0.0322392911424               
6063           0.0164412897717               
