238
9782           0.023868634433                
4809           0.0112595763642               
5683           0.0103065292166               
3093           0.0379955555151               
2003           0.0379955555151               
4014           0.0209103615319               
4387           0.0139134235048               
9206           0.0413644509651               
5689           0.0326485016172               
6200           0.0226680441859               
6192           0.0171811574366               
1010           0.019954658697                
1690           0.0267318745761               
10882          0.0205803769326               
12058          0.0884753640012               
8514           0.100890960651                
9410           0.0247255750375               
4952           0.0145945874649               
4275           0.0210800094161               
6918           0.0317634199221               
8580           0.166454971221                
4408           0.0300415687316               
4887           0.0400610663301               
7186           0.0202620756889               
5824           0.0329640101691               
917            0.16546657061                 
8704           0.0454282813553               
3427           0.0247163130827               
2548           0.0074903875108               
10841          0.0299847545955               
1287           0.0205803769326               
4237           0.159436418518                
3743           0.0422213915696               
5376           0.03986245581                 
1075           0.0285005108205               
1102           0.0207438554565               
11515          0.0405821254868               
1917           0.0343499898938               
6145           0.0103065292166               
12229          0.0332909942441               
6263           0.0516334782666               
11730          0.0369868788888               
6264           0.035746239261                
4802           0.0171258275936               
7845           0.0268938802404               
2881           0.0578974462077               
4134           0.0247255750375               
11275          0.0293184445478               
3776           0.0979455048516               
10692          0.0404793917816               
6517           0.287914047813                
11985          0.0173492197338               
6591           0.0566919622944               
347            0.0374504752291               
9201           0.0204198178246               
11202          0.0385758259483               
8306           0.0264163660241               
9633           0.13798397572                 
582            0.0422213915696               
10653          0.0299847545955               
9792           0.0405821254868               
7828           0.0184934394444               
9534           0.132309318478                
11591          0.0114043632468               
11030          0.0355505801408               
8560           0.0326485016172               
4921           0.0442428544171               
1585           0.0326485016172               
1003           0.0428584422391               
875            0.0379955555151               
7970           0.030218302041                
9310           0.0365789060083               
9611           0.0320488747264               
6040           0.0325678864198               
8867           0.0332909942441               
7518           0.0993864761255               
2686           0.0396096080856               
918            0.0640977494528               
8859           0.0108113304678               
12109          0.0829524334435               
2695           0.0827289019302               
9640           0.0183659043825               
4423           0.0566618158192               
11309          0.0468142610799               
435            0.0355505801408               
3507           0.0272269209482               
6370           0.0391961457622               
9243           0.0262044065799               
8675           0.0674166934465               
6261           0.0472761630315               
9642           0.0320488747264               
9579           0.0405821254868               
9402           0.0385758259483               
1342           0.0558649296463               
4121           0.019954658697                
101            0.0484535271627               
3259           0.0316857516277               
11869          0.0216090485362               
5553           0.028900179779                
567            0.0374504752291               
421            0.0405821254868               
11828          0.113986666545                
9578           0.226405832486                
11965          0.0163849675437               
9278           0.0165316691562               
2353           0.0087886487727               
1722           0.0182401530863               
4873           0.059514240767                
10924          0.0141479864889               
1716           0.0216090485362               
6544           0.123627875187                
11692          0.0307044242724               
9549           0.0619154212611               
8121           0.0631807108479               
3801           0.0400610663301               
1559           0.157433748753                
9353           0.161718451776                
12218          0.0459577358216               
61             0.0332909942441               
4547           0.0235249847904               
9069           0.0152417063184               
6235           0.013798397572                
10535          0.0374504752291               
7476           0.0261340262857               
11238          0.0170708361615               
6848           0.0176364988399               
11292          0.0255915425071               
6210           0.0442276911082               
199            0.339685764                   
4521           0.0749009504582               
11862          0.0115218952618               
4164           0.0297571203835               
1643           0.0285005108205               
3121           0.0570010216411               
11029          0.0111738103296               
6491           0.0459598090088               
10279          0.0172928491973               
660            0.0114629372072               
1503           0.0113752187444               
6265           0.0380449571291               
10998          0.0430492737533               
692            0.171306020755                
3868           0.0306632355576               
413            0.112471417203                
8059           0.11454511235                 
3932           0.03986245581                 
4690           0.0227708004028               
6661           0.0468142610799               
1714           0.134469401202                
4060           0.0219798669094               
5889           0.0379955555151               
5018           0.0504598267013               
4995           0.113986666545                
5046           0.030458078147                
6904           0.0206617446473               
11122          0.0286981247339               
1341           0.0447332785556               
5042           0.0442276911082               
1631           0.0379955555151               
10959          0.0374504752291               
4906           0.0184294457856               
1390           0.0969070543254               
12108          0.0209947853552               
9625           0.0792143790692               
5792           0.0202620756889               
7009           0.0422213915696               
10403          0.033982956438                
12129          0.0110326603175               
12116          0.0566919622944               
3006           0.0326485016172               
3032           0.0442276911082               
11906          0.0207438554565               
8741           0.0461726179094               
7183           0.016184041392                
9918           0.184914562169                
6906           0.0405821254868               
3523           0.084921441                   
6620           0.0333900704105               
6475           0.0336303202169               
6460           0.0332909942441               
5870           0.105396946116                
10421          0.0379955555151               
4406           0.024225942554                
9309           0.00551436096756              
11664          0.0186881995024               
3064           0.022171173512                
9247           0.117588437287                
8602           0.0388814866667               
11100          0.137863870073                
688            0.0431686954586               
3079           0.0291068801722               
11062          0.0211660490307               
8078           0.0270588586511               
9550           0.103851754531                
6648           0.0436591745827               
3702           0.0159390379189               
1750           0.035132315372                
5015           0.023868634433                
4591           0.0374504752291               
11018          0.0277508208449               
6395           0.0124233095157               
2832           0.0405821254868               
10955          0.0468142610799               
4084           0.0265727364197               
4451           0.176782299103                
2608           0.0867005393369               
12057          0.104197939241                
2156           0.0259629386328               
1953           0.0326485016172               
3165           0.0281178543007               
805            0.0323436903552               
7348           0.0364504376341               
8090           0.0454282813553               
5818           0.0541177173021               
4668           0.0347326464136               
12051          0.0366056177753               
8863           0.0969070543254               
1315           0.0343499898938               
3808           0.0252546141576               
6913           0.0149772439847               
5177           0.0262626687581               
2362           0.0468206284397               
7285           0.0153769129432               
9304           0.0652970032344               
9527           0.0379955555151               
5755           0.0256728789264               
8225           0.0299847545955               
5999           0.0156068761466               
2390           0.0566919622944               
6161           0.0295351073477               
10661          0.0359892559766               
1123           0.0231939877401               
2065           0.0193696673022               
6518           0.0297571203835               
9569           0.0970310710656               
3746           0.016184041392                
938            0.0175204834094               
1515           0.013798397572                
