219
9782           0.0236625980406               
4809           0.0223247651944               
9790           0.0192024664352               
5403           0.0450361399772               
4802           0.0169779957709               
4387           0.0413799644073               
9206           0.0410073889693               
10486          0.0624299060802               
8304           0.0290653648603               
4952           0.0144686055552               
6192           0.0340656960026               
1010           0.0593472243806               
1690           0.0265011224141               
10882          0.0408054502027               
12058          0.0701693087885               
8514           0.0333400199959               
9410           0.0245121414499               
6214           0.0213329338512               
6906           0.0402318166013               
4275           0.0208980447083               
3064           0.0219797897687               
8580           0.330036231182                
4408           0.0446733704478               
4887           0.0397152552783               
7186           0.0200871714652               
917            0.140604211673                
8704           0.0450361399772               
2548           0.00742572975151              
10841          0.0297259232544               
1287           0.0204027251014               
4237           0.158060147723                
5827           0.0132732221609               
7721           0.0282544916172               
5376           0.0395183591836               
1075           0.0282544916172               
1102           0.0205647924626               
649            0.105176989953                
6145           0.0102175622461               
5824           0.0326794616018               
11730          0.0550014067865               
6264           0.0177188371097               
5218           0.0361357938831               
7845           0.0266617296297               
2881           0.0382651131841               
4134           0.0245121414499               
11275          0.0290653648603               
10692          0.0481559636442               
6261           0.0468680705577               
11985          0.0171994595683               
6591           0.0562025917182               
9201           0.0404871039107               
11202          0.038242835637                
9633           0.109434307612                
7476           0.0129542174044               
2460           0.0208135563098               
4690           0.0451484812428               
11030          0.035243704048                
4784           0.025172699844                
9534           0.114771310036                
12218          0.039865896123                
8560           0.0323666765506               
4921           0.0328957093204               
1003           0.0424884839642               
875            0.0753351483102               
7970           0.0299574546954               
9310           0.0435157839668               
10591          0.0280627969321               
8867           0.0330036231182               
2686           0.0589015410983               
918            0.0635444513958               
3093           0.0376675741551               
12109          0.0657891039248               
9640           0.0182073680954               
4423           0.0561727054704               
11309          0.046410155789                
435            0.035243704048                
9243           0.0259782075734               
8675           0.0501260594547               
6648           0.0144274347692               
9642           0.0317722256979               
9579           0.0402318166013               
9402           0.038242835637                
1342           0.055382698097                
4121           0.0197824081269               
6620           0.0331018440494               
2059           0.0126462361579               
101            0.0480352715662               
11869          0.0214225171109               
5553           0.028650710594                
4479           0.0216044307577               
220            0.0269918954975               
421            0.0402318166013               
11828          0.113002722465                
6460           0.0330036231182               
10955          0.046410155789                
8743           0.0189943606563               
9278           0.0181141205008               
2353           0.00871278429493              
10924          0.0140258596825               
1716           0.0214225171109               
6278           0.0275112730389               
7524           0.0238971762974               
8121           0.0782941609476               
3801           0.0595728829174               
1559           0.12485981216                 
9353           0.160322482247                
7393           0.018021017211                
4547           0.0233219148155               
9069           0.0151101384153               
6309           0.0427960590474               
6235           0.0136792884515               
10535          0.0371271990556               
11238          0.0169234790303               
7518           0.0738964217404               
110            0.0197824081269               
6210           0.0438459133428               
8539           0.0254512681187               
199            0.449004750913                
11862          0.0114224371324               
4164           0.0295002540032               
1643           0.0282544916172               
3121           0.0565089832343               
11029          0.0110773569035               
6491           0.0455630794319               
660            0.0340919640283               
6265           0.0377165493295               
692            0.121305207422                
3779           0.0388578007895               
3868           0.0455978212534               
413            0.111500552904                
8059           0.0567781738557               
3932           0.0395183591836               
4753           0.0148911234826               
9792           0.0402318166013               
1714           0.106646918519                
4060           0.0217901345435               
5018           0.0500242525305               
4995           0.113002722465                
11906          0.0205647924626               
11122          0.0284503997078               
3079           0.0577112534583               
1341           0.0443471365098               
5042           0.0438459133428               
1631           0.0376675741551               
10959          0.0371271990556               
4906           0.0182703610029               
1390           0.0960705431325               
12108          0.0208135563098               
9625           0.109942829897                
8451           0.0192729289311               
5792           0.0200871714652               
6242           0.0142646273333               
4424           0.0410073889693               
10403          0.0336896122266               
12129          0.0218748506242               
12116          0.0562025917182               
9549           0.0613809612751               
3032           0.0438459133428               
6040           0.0322867572316               
6661           0.046410155789                
7183           0.0160443391601               
9918           0.157130024178                
6544           0.0735364243496               
3776           0.0647333531013               
2192           0.0525884949766               
2608           0.0573014211879               
5870           0.104487149345                
4406           0.0240168218429               
61             0.0330036231182               
5999           0.0154721560617               
11664          0.0370537622645               
6918           0.0314892349674               
9247           0.0388578007895               
8602           0.0192729289311               
11100          0.109339052505                
12145          0.0271616808082               
6475           0.0333400199959               
9550           0.128694120007                
3702           0.015801450581                
9309           0.0054667604631               
1750           0.0348290497816               
5015           0.0236625980406               
2362           0.0309443121234               
9569           0.0641289928987               
6395           0.0246321405801               
7922           0.0216044307577               
2832           0.0402318166013               
4084           0.0526867159078               
4451           0.150219683115                
8741           0.0686610770178               
8343           0.0254512681187               
9862           0.0361357938831               
12057          0.103298492415                
2028           0.0226772875415               
1953           0.0323666765506               
3165           0.0278751382259               
8090           0.0450361399772               
5818           0.0268252839305               
4668           0.0344328308048               
8863           0.0480352715662               
1315           0.0340534774136               
3808           0.0250366138524               
5177           0.0260359668268               
3427           0.0122514797226               
2156           0.0257388240013               
2745           0.0224723714063               
9304           0.0323666765506               
9578           0.192386978696                
3098           0.0147197055206               
8225           0.0297259232544               
6517           0.285428745527                
6329           0.0128848516122               
6161           0.0292801574057               
10661          0.0356785931909               
1123           0.0229937749641               
11292          0.0253706338033               
3523           0.0561255938641               
10998          0.042677668202                
1515           0.0136792884515               
