27
6918           0.17916794091                 
9633           0.0778326290712               
1559           0.355214654632                
688            0.243501685147                
7393           0.102536265175                
5553           0.163017260598                
9534           0.0932896560453               
9550           0.146449162786                
1713           0.487003370295                
12218          0.0324042283397               
10605          0.154544955668                
7518           0.0700761690861               
12108          0.118425297753                
9576           0.221093721805                
6161           0.166598696898                
9569           0.182441072674                
2686           0.111712969484                
12129          0.062231933359                
3702           0.0899073402995               
9278           0.00490790503467              
10998          0.0404713438444               
8526           0.173194463543                
8675           0.0950693453144               
2608           0.163017260598                
10403          0.383375363608                
435            0.20053017772                 
5870           0.1981708714                  
