20
452            0.229818748971                
8580           0.229818748971                
6648           0.100464576197                
7605           0.348340880442                
4995           0.262295892124                
4759           0.23459559296                 
11030          0.245417418094                
10191          0.181299892529                
5739           0.285552492154                
8943           0.219273397965                
199            0.195413602333                
9576           0.270583963864                
7845           0.185657354253                
6192           0.118607214882                
5508           0.184538975546                
3093           0.262295892124                
6517           0.248445742542                
1975           0.192827047287                
4423           0.130385087836                
413            0.194106852194                
