203
2351           0.0514067240612               
3297           0.0463831621352               
5683           0.0171144730239               
6905           0.10448840276                 
6933           0.020848245414                
10608          0.0518395106948               
6753           0.0618480898727               
4241           0.124376525709                
4207           0.0454959649162               
4786           0.0527446419621               
4006           0.0242349939745               
10877          0.108103229927                
3855           0.0505770609922               
7906           0.0605276537315               
7364           0.0410579719016               
2638           0.0245846608563               
9734           0.0650870302881               
9986           0.0590333983454               
8961           0.0734421462813               
578            0.103338421837                
7453           0.0164433446037               
10758          0.0597618400545               
8331           0.0304974418164               
3213           0.0941396506006               
5984           0.0336461228118               
6214           0.035732781668                
1355           0.061334882396                
4408           0.0249427138295               
4333           0.0383358940262               
5788           0.0590333983454               
11922          0.0358828341212               
3551           0.10448840276                 
2267           0.228494285459                
8911           0.0149979986941               
3244           0.0941396506006               
10006          0.10448840276                 
4657           0.0673885143387               
10817          0.0754357824477               
6145           0.0171144730239               
5218           0.0605276537315               
3185           0.0454959649162               
6701           0.0476545761692               
3160           0.0522852182235               
940            0.0295799460818               
777            0.0650870302881               
11150          0.0404314424888               
10784          0.0331356425419               
9201           0.0339080609938               
9141           0.0630933941217               
9633           0.0229128834795               
7476           0.0216983854832               
3223           0.0673885143387               
10204          0.109476556257                
8719           0.0754357824477               
1071           0.10448840276                 
2626           0.028256159837                
9835           0.031475033419                
4623           0.0605276537315               
3642           0.0263874624199               
7821           0.0386956727224               
7179           0.0419364660638               
557            0.062950066838                
3576           0.0423958898024               
9271           0.150871564895                
4849           0.0446585439393               
3796           0.0618480898727               
4249           0.0576751811982               
10149          0.0446585439393               
9012           0.0457858787521               
3803           0.0941396506006               
10285          0.00930868664478              
10620          0.0914923254492               
469            0.10448840276                 
3166           0.0621882628544               
726            0.0280762770174               
1583           0.188279301201                
10480          0.0494130878948               
10692          0.0134435840448               
9243           0.0217568203657               
5317           0.0650422973492               
4106           0.0547382781285               
3678           0.0522852182235               
960            0.0197339381695               
6000           0.0867189119044               
7226           0.0673885143387               
2055           0.0701105922141               
2059           0.0211825151994               
11869          0.0358828341212               
9517           0.030392668801                
9890           0.0390643357352               
5542           0.137375204651                
10610          0.0431126719299               
9278           0.00722410751954              
7951           0.0680815476184               
193            0.0423958898024               
11852          0.0392521381287               
104            0.036498595345                
6206           0.0460815338276               
2802           0.0497910851332               
9095           0.0576751811982               
2048           0.285198810895                
2579           0.0352914659891               
1602           0.0267102878276               
9640           0.0609948836328               
2518           0.0590333983454               
9069           0.0253095650477               
1525           0.10448840276                 
3784           0.0339080609938               
6848           0.0292862298536               
11640          0.177100195036                
11862          0.019132645093                
532            0.0264675167319               
11991          0.0324012276008               
10545          0.031930949559                
11029          0.0185546338094               
9074           0.0673885143387               
9724           0.083790898441                
5624           0.0483333336613               
6962           0.0616324919191               
6265           0.0631754278084               
11048          0.0973692923716               
380            0.0583388501661               
2262           0.0630933941217               
3868           0.0509177344521               
10391          0.0417119491499               
4753           0.049885427659                
7061           0.0454959649162               
5361           0.040846193976                
7919           0.0244403535669               
5031           0.035004339959                
2385           0.0527446419621               
7790           0.0933820200388               
10612          0.124376525709                
2269           0.0552812504534               
1781           0.176172037316                
11992          0.0328868018913               
12262          0.0941396506006               
1612           0.0278985357108               
5667           0.061334882396                
3288           0.10448840276                 
6242           0.0238933293297               
4982           0.0199918045696               
1977           0.0734421462813               
1566           0.0717656682424               
1614           0.057039762179                
11591          0.018937477694                
8859           0.017952719073                
6              0.0497910851332               
576            0.0501789015719               
1993           0.0777372664983               
4334           0.150871564895                
11712          0.0734421462813               
7847           0.0597618400545               
8683           0.0438656092858               
3529           0.0547382781285               
4173           0.0404314424888               
1554           0.0288091894836               
319            0.0406373780768               
5989           0.0518395106948               
1128           0.0777372664983               
9416           0.0355842222988               
3512           0.0777372664983               
9309           0.0274705616332               
10564          0.0506191300953               
697            0.0217568203657               
4711           0.0605276537315               
11011          0.0872207755976               
2816           0.0766717880524               
10279          0.0287155835756               
4316           0.033388701031                
6639           0.0250153664956               
5299           0.0490444248821               
10717          0.0302886259171               
4084           0.0441252696292               
10944          0.029093580814                
11062          0.10544163827                 
8131           0.245140692666                
11112          0.0470053393855               
5929           0.10448840276                 
1406           0.0880860186579               
621            0.0547382781285               
5351           0.0542143614454               
6913           0.0248704129937               
3528           0.0381592044679               
1966           0.0552812504534               
12227          0.0834238982999               
1739           0.0518318931977               
8451           0.0322822620835               
8720           0.0318156586894               
663            0.0340407738092               
9783           0.061334882396                
11952          0.120083705655                
5999           0.0259159465989               
6133           0.0313631969903               
3179           0.042164410849                
3702           0.0264675167319               
5277           0.028256159837                
3391           0.0341746768899               
10998          0.0119142215396               
9065           0.0597618400545               
6063           0.022112315575                
11205          0.0804593443737               
4222           0.0404314424888               
