168
4809           0.088032648518                
5683           0.0402906394797               
9790           0.037860285733                
7454           0.0139175244073               
5787           0.0163861205869               
4241           0.0732013447051               
11728          0.0827430488754               
10877          0.127247513186                
2780           0.0779158435423               
3624           0.0480797531221               
11272          0.0499038886288               
3772           0.0468837745734               
1454           0.0887949021342               
2435           0.0906707368203               
8369           0.215576878293                
10882          0.0402267596549               
8331           0.0358983134205               
6214           0.0841215865532               
3064           0.0433361580817               
7186           0.039604602555                
2548           0.0146408405981               
1981           0.082073539008                
10069          0.0686702294725               
5827           0.0523399413616               
7237           0.0307588631363               
8911           0.0176540334446               
832            0.0485819045024               
6145           0.0201453197398               
11177          0.039152025545                
10389          0.122992526838                
7128           0.0457640263111               
2880           0.0222341987201               
4560           0.0615445440423               
777            0.0766134624326               
10881          0.122992526838                
8571           0.0478339574699               
8279           0.0377224489273               
5049           0.0473524450851               
3378           0.110811087137                
11672          0.0553296376745               
7476           0.0255410092257               
1565           0.206535538292                
755            0.0473524450851               
7828           0.0361475956519               
8649           0.0732013447051               
10425          0.0320263401148               
11591          0.0222911650671               
12218          0.0224574457411               
7179           0.148089313022                
9243           0.0512195849883               
5781           0.0626432832135               
7970           0.11813042855                 
7233           0.10149521515                 
1739           0.030505469252                
7157           0.0703452203558               
4085           0.0887949021342               
8364           0.0626432832135               
11112          0.0553296376745               
10285          0.0219143725378               
4065           0.103685401706                
726            0.0330483782253               
10692          0.0316486868926               
6058           0.0382804038104               
2929           0.060510475055                
4423           0.0369173874388               
6680           0.0457640263111               
4971           0.0686702294725               
6102           0.0394524448716               
12238          0.0437182188384               
3811           0.0779158435423               
2059           0.0249337821264               
645            0.110811087137                
9888           0.0553296376745               
8357           0.060510475055                
109            0.0493631043407               
4075           0.0754009746271               
2267           0.0384227050142               
2610           0.0513334652466               
5508           0.0522505830295               
9278           0.0238096420332               
3438           0.0557075899326               
8057           0.0284456585096               
2353           0.0343568888975               
6509           0.158645044606                
7520           0.0331539287086               
1522           0.0343588561343               
2579           0.0830826477037               
11918          0.0288553298025               
9309           0.0323353951221               
366            0.0754448978545               
10075          0.0394524448716               
4925           0.0678890296341               
1531           0.059065214275                
3784           0.119738784161                
8328           0.0581637806542               
4359           0.039604602555                
6019           0.0370490292726               
10181          0.0468837745734               
8420           0.111415179865                
1875           0.0283648578953               
10292          0.03871081151                 
162            0.0779158435423               
6279           0.0519395288448               
5231           0.0947080997589               
6421           0.0290219102217               
1874           0.059065214275                
4147           0.0459823409527               
7061           0.107105928278                
7452           0.0377224489273               
7919           0.0143842797985               
5169           0.072196836873                
5089           0.0577298301459               
1335           0.102666930493                
8001           0.0504618435119               
1612           0.131356640986                
11062          0.0827430488754               
6242           0.0562493228187               
304            0.110811087137                
9627           0.0296176995708               
12129          0.0215646281115               
4430           0.046427278709                
236            0.0644520959516               
8741           0.0451248975994               
11550          0.0638153242747               
4857           0.080851669174                
6247           0.0671410826017               
9620           0.059065214275                
9640           0.0358983134205               
3792           0.142493307953                
11664          0.0365282770199               
11741          0.18300792401                 
4173           0.380732417687                
4852           0.0583801694723               
11890          0.164725438094                
7198           0.0290219102217               
2436           0.0412033499232               
11262          0.0315367791369               
8131           0.0865659894074               
11011          0.0513334652466               
367            0.0198946150225               
12175          0.127630648549                
11292          0.0333477802019               
11967          0.0557980424827               
940            0.0696366719412               
8949           0.0793225223032               
9727           0.0686702294725               
10193          0.0615445440423               
12051          0.0715499717566               
5351           0.0638153242747               
6105           0.0466540444701               
3528           0.0449169176259               
7154           0.0209724890071               
9556           0.103685401706                
717            0.0766134624326               
10813          0.0327354779243               
210            0.0292747793707               
3858           0.0754009746271               
8930           0.0397580891432               
5999           0.030505469252                
2790           0.0864482077334               
3702           0.0311547183802               
1794           0.0301449621973               
5498           0.0525672420948               
10998          0.0140241421417               
7433           0.0766134624326               
12205          0.110811087137                
9121           0.0437182188384               
6237           0.0915039620048               
