328
9766           0.0520446945528               
9782           0.0228126381021               
9115           0.0357935909804               
3086           0.0541095639156               
6753           0.0355977982052               
4207           0.026186033903                
4006           0.0139488936002               
7479           0.0412588256611               
10877          0.165922104614                
3855           0.0291105515905               
4524           0.0202296205066               
8626           0.0696755941147               
8961           0.0845419384321               
8369           0.0263528991085               
5984           0.0387312815224               
4850           0.0482273826124               
6214           0.041133310786                
10972          0.0138303636097               
8851           0.0954544013674               
1428           0.042270969216                
686            0.0482273826124               
4351           0.060140209405                
11922          0.0206530208242               
8813           0.0482273826124               
7237           0.0100268664969               
4573           0.060140209405                
4657           0.0775733814808               
2880           0.0217439124369               
9815           0.0463098457953               
6701           0.0274284620514               
1352           0.0232710554816               
11230          0.0123556702933               
4249           0.0331960043709               
9632           0.0286581688236               
9972           0.042819621331                
9201           0.019516404068                
11672          0.0541095639156               
582            0.040353432399                
10434          0.108367592017                
6058           0.0187181413412               
5781           0.0306309681338               
7443           0.040353432399                
1624           0.0541837960087               
1031           0.0964547652247               
9310           0.094393570678                
11399          0.0447431041367               
10813          0.0160068139744               
8729           0.050699517533                
8859           0.0103330154919               
5435           0.0328302773441               
10620          0.0175533598821               
10842          0.0353024122648               
3166           0.0357935909804               
726            0.0323196284857               
498            0.0533933529461               
11041          0.0118114068729               
1838           0.0636362675782               
1830           0.0380988606956               
6648           0.236456428354                
5642           0.0321424472993               
2153           0.0477615283756               
10107          0.0295880793294               
44             0.0482273826124               
2059           0.0243839673334               
6485           0.0482273826124               
1466           0.0266966764731               
2265           0.0353024122648               
722            0.02510075554                 
8530           0.0374620295427               
7184           0.0241372992998               
1175           0.0295880793294               
9278           0.00498956049681              
5329           0.0541837960087               
6206           0.0265230687893               
9095           0.0663920087417               
1895           0.0564568297464               
988            0.060140209405                
664            0.0716422925633               
9350           0.060140209405                
9640           0.0702134395284               
2518           0.0339777510671               
11878          0.0237553124989               
6987           0.209026782344                
3784           0.019516404068                
630            0.028881383661                
7831           0.0541837960087               
1184           0.0387866907404               
11788          0.0336012090483               
7239           0.0339777510671               
6491           0.0439264547415               
9141           0.0363145558197               
6197           0.0416090766835               
7077           0.0761977213912               
10718          0.0368906312615               
452            0.0318181337891               
3109           0.0257040409584               
7919           0.00703354603295              
10944          0.050236026093                
8331           0.0351067197642               
12132          0.0176140900859               
9517           0.0174930558587               
7366           0.0348377970573               
1781           0.050699517533                
3645           0.0482273826124               
5830           0.033490684062                
2089           0.0229249702647               
11105          0.0193656407612               
4982           0.0115066484073               
3696           0.0321424472993               
1977           0.169083876864                
1566           0.0206530208242               
12129          0.0210891065288               
899            0.0227017554273               
1614           0.0656605546882               
5649           0.192909530449                
7183           0.0309360537857               
11616          0.0368691539234               
2647           0.0268738639478               
6247           0.0328302773441               
8385           0.0380988606956               
3258           0.0154680268929               
11712          0.0845419384321               
8466           0.0335779911718               
2235           0.0482273826124               
8352           0.020566655393                
203            0.0221678391341               
4772           0.0221678391341               
11890          0.0115066484073               
10292          0.0189285997312               
5322           0.0380988606956               
10564          0.0291347652315               
3427           0.0118114068729               
6582           0.060140209405                
697            0.062612677494                
8131           0.0141095204838               
6395           0.0118736773488               
12118          0.149848118171                
4316           0.0192174769517               
4084           0.0253971051854               
5383           0.0189999137344               
2108           0.0202296205066               
11967          0.0181892133101               
7624           0.0315154314394               
3589           0.0182462344167               
627            0.0229249702647               
10109          0.0240080744877               
2004           0.0642848945985               
2548           0.0143179954437               
10518          0.0321424472993               
6904           0.0197476275621               
665            0.0244017290271               
6019           0.0181160305914               
628            0.0190718245145               
12227          0.0240080744877               
6421           0.0141909740611               
494            0.0964547652247               
3185           0.026186033903                
5755           0.0245370591951               
9783           0.0353024122648               
11952          0.0691163709411               
10924          0.0270441022967               
5277           0.0162633490865               
1794           0.0147401178402               
2232           0.028881383661                
1858           0.0541837960087               
9023           0.028881383661                
11155          0.0235097732784               
10728          0.0333808653105               
11604          0.0573163376473               
5093           0.0209174505514               
4809           0.0107614300894               
5683           0.00985054766197              
7004           0.0177368534318               
10608          0.0298371775841               
2040           0.0412588256611               
5787           0.0160247902659               
6063           0.0127271472621               
7069           0.270918980043                
2048           0.131321109376                
7930           0.0374620295427               
2638           0.0141501507631               
4529           0.0149610371551               
3909           0.0636362675782               
5580           0.0263528991085               
2762           0.0679555021341               
6793           0.050699517533                
7453           0.037857069748                
3756           0.042270969216                
5778           0.0374620295427               
4275           0.0402947749148               
8686           0.0231541381942               
4408           0.0143562346941               
8713           0.0357935909804               
3771           0.0300937126961               
8681           0.0272395909745               
8017           0.0266966764731               
5827           0.0127964483479               
3338           0.0328302773441               
4014           0.0199852451364               
8588           0.0463098457953               
2971           0.0230387903137               
8938           0.0413060416484               
5218           0.0348377970573               
7845           0.0257040409584               
2881           0.0184453156308               
7095           0.0357935909804               
4639           0.0368691539234               
10692          0.0154754008723               
7285           0.0146966074279               
11985          0.0165816554044               
6422           0.0216651643791               
11123          0.114296582087                
9069           0.0145673826157               
1565           0.0252476529302               
10204          0.0315056161464               
8719           0.043418442939                
4578           0.0530461375787               
1223           0.0270547819578               
3099           0.0295880793294               
3688           0.0246745547375               
12218          0.00549055915953              
4921           0.0634281925045               
3567           0.0245370591951               
3580           0.0219632273707               
10137          0.0196698597185               
214            0.0228126381021               
3796           0.0177988991026               
6040           0.0311270177074               
6979           0.123776476983                
4859           0.0348377970573               
8364           0.0306309681338               
6052           0.014827805214                
9638           0.0300937126961               
8836           0.0460775806274               
5407           0.0469983375596               
9243           0.0125225354988               
5317           0.0374362826824               
3090           0.0363145558197               
10623          0.0380988606956               
3678           0.0300937126961               
960            0.011358228689                
1841           0.0246745547375               
2263           0.042270969216                
11554          0.040353432399                
5542           0.0395344045681               
8059           0.0364924688333               
10610          0.0248142860775               
2610           0.02510075554                 
3438           0.0272395909745               
7208           0.0665035174022               
11238          0.114209116564                
6269           0.0380988606956               
6509           0.0387866907404               
4139           0.0315056161464               
7368           0.0343970190027               
1602           0.0153735942055               
10075          0.0385824790678               
7698           0.0343970190027               
3187           0.0335779911718               
11640          0.101933253201                
2111           0.0541837960087               
10800          0.0482273826124               
532            0.0304677257311               
6235           0.0131879287474               
5624           0.0278191333281               
6279           0.0253971051854               
6265           0.036361771807                
11048          0.0280213376708               
6962           0.0177368534318               
380            0.0335779911718               
2262           0.0726291116394               
10391          0.120040372438                
5205           0.0226576997955               
2168           0.060140209405                
5989           0.0298371775841               
3532           0.0231541381942               
8800           0.0303581424234               
7790           0.349360231321                
11992          0.0189285997312               
1409           0.060140209405                
7068           0.0339777510671               
4908           0.0482273826124               
9625           0.0151419551652               
8005           0.0324794821856               
5604           0.0179877701795               
8190           0.0263758574948               
8422           0.0207402630768               
668            0.0252476529302               
11591          0.021799622619                
8550           0.0260223472764               
4147           0.02248419221                 
8188           0.0195927893538               
576            0.028881383661                
794            0.0463098457953               
4406           0.0231541381942               
110            0.0190718245145               
6674           0.21135484608                 
4173           0.0930842219265               
12007          0.0331960043709               
9416           0.0614434480008               
8343           0.0245370591951               
10191          0.02510075554                 
4711           0.104513391172                
7452           0.0184453156308               
2816           0.0220649242744               
8865           0.0258617203928               
3165           0.0268738639478               
11112          0.0270547819578               
5818           0.0258617203928               
3812           0.0223774419172               
7722           0.030912740527                
621            0.0315056161464               
6913           0.0429438618809               
4849           0.0257040409584               
366            0.0184453156308               
11968          0.0242684970859               
1739           0.0447491897917               
10248          0.0343954495957               
3098           0.0141909740611               
1404           0.040353432399                
1909           0.0151877861435               
5999           0.0149163965972               
9237           0.0147401178402               
11292          0.0163062141749               
10998          0.020572343706                
3528           0.0219632273707               
12055          0.060140209405                
5036           0.0395344045681               
