287
7784           0.226800687805                
6933           0.0212183105509               
3880           0.179299165178                
4006           0.0123325876624               
1798           0.0210027033137               
10242          0.0208933840977               
5415           0.0315834701282               
50             0.0245956353453               
8336           0.0223221211629               
9658           0.0531715579586               
12176          0.0349534180983               
105            0.018984009049                
4182           0.0206793543265               
7202           0.0531715579586               
9046           0.580356522274                
6626           0.0896495825888               
3781           0.0331211762444               
6798           0.0141074892106               
3870           0.02495749204                 
5792           0.0171216778313               
5485           0.0304113189428               
5162           0.0157364798792               
12127          0.0188170231088               
2147           0.0448247912944               
7555           0.0335966576882               
6108           0.0177408255949               
2880           0.019224371046                
9757           0.0245956353453               
6181           0.018414942283                
2739           0.0133874051095               
3434           0.0240832465434               
8035           0.0448247912944               
10784          0.0168619070765               
10662          0.0287159736653               
4122           0.0296871946637               
9201           0.0172549716789               
12181          0.17470244428                 
2080           0.0349534180983               
666            0.095810669048                
5483           0.0266066514341               
10807          0.0852782221789               
77             0.0153605524508               
3450           0.030801022539                
9656           0.047905334524                
6027           0.165434834612                
12041          0.0161319809228               
8560           0.0275883445974               
6058           0.0165492063803               
557            0.0320337285187               
9310           0.0247276637877               
7992           0.0448247912944               
3568           0.0290261209907               
8045           0.0531715579586               
26             0.0178128408681               
2506           0.0231517687276               
3778           0.0236032413993               
10285          0.00947391975331              
3166           0.0316460653561               
2340           0.0290261209907               
3364           0.0268404407858               
5420           0.0312118011956               
8404           0.0266066514341               
5610           0.0169906822684               
4297           0.0118554543967               
6648           0.0368924849094               
1741           0.0818875316238               
1093           0.0225887293753               
117            0.0431484347025               
7839           0.0316460653561               
3696           0.0284179921622               
11114          0.0349534180983               
943            0.0531715579586               
9278           0.011763741553                
5327           0.0321066642204               
2353           0.0148530106361               
2259           0.0263798419216               
6465           0.0880484099338               
8809           0.0531715579586               
9864           0.0240832465434               
4081           0.14949155062                 
8293           0.0121587229943               
2753           0.165605881222                
8537           0.139813672393                
9360           0.0231517687276               
11238          0.0144250451709               
11458          0.0162423633498               
5274           0.0373728876549               
2358           0.0251450955083               
4993           0.0331211762444               
5932           0.0531715579586               
6197           0.0122625636235               
6962           0.0156816236522               
721            0.047905334524                
5616           0.0342923444253               
8405           0.0877558800293               
10418          0.0304113189428               
3896           0.0268404407858               
5455           0.144021911676                
748            0.047905334524                
3409           0.0364780246302               
7919           0.0186556351023               
1876           0.0205745588108               
2991           0.0448247912944               
8913           0.0208933840977               
3321           0.0405288612499               
10120          0.0304113189428               
4852           0.0126193218585               
8141           0.0247744095802               
6242           0.0243174459886               
4986           0.0100161373713               
12129          0.0186454397347               
2444           0.016735278238                
236            0.0139318153856               
9595           0.0155730853144               
4632           0.047905334524                
10776          0.02495749204                 
2269           0.028131257966                
12274          0.047905334524                
960            0.0100421119417               
7811           0.04991498408                 
8713           0.0316460653561               
2436           0.0178128408681               
10564          0.0128794102435               
2361           0.0218154298149               
4716           0.0321066642204               
4463           0.0712796926685               
8720           0.0485706000466               
9703           0.106343115917                
6395           0.02099566761                 
4298           0.047905334524                
7993           0.0426391110895               
2453           0.0239198519786               
9225           0.0531715579586               
8378           0.0304113189428               
5331           0.0206793543265               
7207           0.0433877327011               
7465           0.0237598975562               
3569           0.0383873996789               
627            0.0202685756699               
2925           0.0540992257721               
665            0.0215742173513               
2603           0.0536808815716               
4357           0.0342923444253               
6019           0.0320337285187               
6421           0.0125466174335               
5686           0.0342923444253               
5456           0.0145653116983               
7951           0.0173225059407               
1794           0.0130321300476               
4486           0.0624236023913               
7802           0.0132274506871               
6063           0.0112524092448               
7559           0.0240832465434               
11771          0.0270816532494               
4809           0.00951446643397              
3624           0.0207856155613               
7454           0.0180502785337               
7428           0.0438779400146               
11113          0.0413587086531               
8338           0.0364780246302               
2763           0.0137177856145               
10538          0.0184936741216               
6570           0.0819923271396               
3565           0.0468995004615               
10893          0.0169906822684               
7955           0.028131257966                
720            0.0852782221789               
7453           0.00836761044799              
3433           0.0312118011956               
3918           0.0531715579586               
489            0.128426656881                
4408           0.0126927287526               
8997           0.0233841196638               
4661           0.0255347991044               
3871           0.0216938663506               
1035           0.0234497502307               
6655           0.0257374125633               
3338           0.0290261209907               
384            0.0409437658119               
7374           0.102139196418                
3942           0.0206793543265               
7995           0.106343115917                
4341           0.0624236023913               
10526          0.0216938663506               
8945           0.0261596075323               
5233           0.0239198519786               
8714           0.0531715579586               
4149           0.0395585678598               
6422           0.0191547477946               
10034          0.0263798419216               
5348           0.0349188050341               
90             0.0227256259516               
5241           0.0261596075323               
9219           0.095810669048                
9405           0.0399210208734               
668            0.0446442423257               
3596           0.0717595559357               
12218          0.00970869863821              
4921           0.00934642520461              
10605          0.0231517687276               
10137          0.0173906458991               
3796           0.0314729597584               
6040           0.0137601119325               
9121           0.0189000573171               
10183          0.0271015993485               
3633           0.0245956353453               
6052           0.0131096567859               
10480          0.0251450955083               
2687           0.0148538611028               
8778           0.0443844905498               
5407           0.0103881199211               
5317           0.0165492063803               
538            0.0242502324836               
9972           0.0126193218585               
11494          0.047905334524                
614            0.0130707945302               
6977           0.106343115917                
5684           0.0180330752574               
2084           0.0172549716789               
8795           0.0172549716789               
11435          0.0316460653561               
3438           0.0240832465434               
12103          0.0426391110895               
5049           0.0409423782575               
8291           0.0208161320404               
10586          0.0424366211018               
1114           0.0373728876549               
1938           0.0848732422036               
6105           0.181523338368                
2924           0.0251450955083               
11918          0.0124746021604               
2256           0.0531715579586               
8595           0.0325969991477               
4359           0.0171216778313               
5569           0.0409437658119               
11862          0.00973612880078              
659            0.0325969991477               
5725           0.0426391110895               
7075           0.0383873996789               
8524           0.012403263097                
9538           0.0388365464189               
4678           0.0259455777611               
1875           0.0122625636235               
5205           0.030048412114                
12198          0.0531715579586               
1503           0.019224371046                
12020          0.0142419627111               
4753           0.0380781862578               
5572           0.0342923444253               
4417           0.0213404279995               
5454           0.0478397039571               
2342           0.0198788720737               
8943           0.0536808815716               
4878           0.0699068361965               
11724          0.0189000573171               
9756           0.0531715579586               
6809           0.0171880324403               
9309           0.0093193918907               
110            0.0168619070765               
7977           0.0321066642204               
262            0.0175988110969               
6464           0.0531715579586               
8935           0.030801022539                
1951           0.0109532542836               
3077           0.0187348865852               
9551           0.0188170231088               
3142           0.0343760648805               
6696           0.0342923444253               
9226           0.0356775423774               
11781          0.0287159736653               
7237           0.00443250961674              
12295          0.0531715579586               
6435           0.0713550847547               
11469          0.0331211762444               
3574           0.0331211762444               
8675           0.0142419627111               
6913           0.0126559366496               
1739           0.0395639483492               
8930           0.0171880324403               
8925           0.0451774587505               
4969           0.0383094955892               
11292          0.0288335149033               
10998          0.00606285199496              
1451           0.0457300690629               
2652           0.0199744400562               
11604          0.0253374489326               
1515           0.0116597984058               
