301
9766           0.0306489508096               
935            0.0708327461836               
9782           0.0268685762896               
3645           0.0568018965261               
9632           0.0337534042275               
8571           0.027548101137                
6637           0.0597135609034               
6913           0.0168596667623               
3786           0.023351057826                
10877          0.122138732541                
3855           0.0342862176982               
7906           0.0410317300351               
8626           0.0410317300351               
9546           0.0123251554053               
11279          0.0441225339316               
11272          0.0287401972111               
5303           0.0728176481345               
5436           0.0456827112459               
6052           0.01746409222                 
10110          0.0410317300351               
9625           0.0178340959826               
2954           0.0456827112459               
686            0.0568018965261               
4847           0.0597135609034               
573            0.0708327461836               
3243           0.0855420937373               
478            0.0175684345732               
726            0.0190329237621               
6242           0.0485919036137               
9456           0.0609195310286               
8132           0.0441225339316               
6701           0.0646101272316               
4578           0.03123869734                 
777            0.0441225339316               
2233           0.032082612494                
9972           0.0168108901927               
1238           0.0475280093474               
9201           0.0229862933542               
9497           0.0708327461836               
2395           0.0497864716974               
5829           0.0427710468686               
7828           0.0208177970954               
8851           0.0749503806861               
4885           0.0247424180276               
557            0.0213369426118               
8638           0.0441225339316               
9310           0.0535292485317               
1491           0.0475280093474               
5435           0.0386672864172               
2964           0.0456827112459               
10285          0.0252414553575               
10620          0.0206742327222               
9640           0.0620226981665               
7237           0.0118095779282               
7231           0.0263560050628               
11041          0.0139113979378               
6648           0.114675168705                
1838           0.0749503806861               
1031           0.113603793052                
11382          0.0638173213549               
5642           0.0378571646789               
10107          0.0348486467529               
115            0.0276896575509               
7184           0.0284287536039               
9278           0.0068561170919               
104            0.0247424180276               
10474          0.0680326104127               
2053           0.0348486467529               
6206           0.03123869734                 
9095           0.0781960746454               
2047           0.0427710468686               
4389           0.141665492367                
9654           0.0545434341762               
2518           0.0400187734801               
11878          0.0279788520425               
7878           0.0400187734801               
3740           0.0331409445414               
3784           0.0229862933542               
6881           0.0421574578805               
3885           0.0456827112459               
2084           0.0229862933542               
11788          0.0197876423738               
7239           0.0400187734801               
6491           0.0258681458731               
10146          0.0650650281107               
8683           0.0297365208641               
6197           0.0326712659945               
7077           0.134617768523                
10718          0.0217247723824               
2680           0.0390980373227               
5127           0.0220461047237               
3109           0.0302740517054               
8287           0.0345635259657               
10944          0.03944510914                 
2995           0.0357556220399               
5169           0.0415789507945               
10780          0.0441225339316               
11384          0.0302740517054               
1341           0.0503556041687               
9117           0.0410317300351               
11105          0.0456174506305               
10376          0.0448725895077               
12127          0.0250671876652               
12128          0.0395479388841               
1977           0.0995729433948               
1614           0.0386672864172               
5649           0.0568018965261               
8859           0.0121701582167               
6              0.0337534042275               
2647           0.0316518615884               
1993           0.0526981360747               
11712          0.0995729433948               
8466           0.0395479388841               
7847           0.0405125845187               
11664          0.0210370356736               
9141           0.0855420937373               
6217           0.0410317300351               
7183           0.0182181411356               
203            0.0261091362727               
5304           0.0708327461836               
2436           0.0237294614727               
8480           0.0691270519315               
4532           0.0843149157611               
3427           0.0278227958757               
10923          0.0190329237621               
8131           0.0332362023041               
7550           0.0427710468686               
6612           0.0250671876652               
12118          0.0882450678631               
4316           0.0226342189473               
6639           0.0169579308217               
917            0.0266090462079               
11967          0.0107115683701               
6455           0.0497864716974               
5788           0.0400187734801               
4998           0.0594730417281               
664            0.056253216446                
5746           0.0410317300351               
3176           0.0448725895077               
2004           0.0378571646789               
5805           0.0456827112459               
1406           0.119427121807                
2978           0.0485943756232               
10473          0.0304597655143               
6019           0.0213369426118               
8721           0.0412064140739               
9066           0.0708327461836               
9772           0.024531553763                
5755           0.0866987645997               
9783           0.0415789507945               
11952          0.0542698737771               
697            0.0737448029644               
461            0.0378571646789               
10943          0.0236335259808               
5277           0.0191548664252               
9065           0.0405125845187               
10560          0.141665492367                
9023           0.0340163052063               
6395           0.013984739698                
6063           0.0149899509925               
2351           0.0348486467529               
5264           0.0497864716974               
7538           0.0475280093474               
10608          0.0702840661036               
5787           0.0283108401048               
3244           0.0638173213549               
6914           0.0228087253153               
2638           0.0333319104598               
4529           0.0528630357928               
2762           0.0400187734801               
578            0.023351057826                
7453           0.0445878097075               
10624          0.0345635259657               
8331           0.0620226981665               
3213           0.0638173213549               
8686           0.0272707928694               
4408           0.0507260386171               
2399           0.0258681458731               
9301           0.0302740517054               
2548           0.0337272831988               
1287           0.023167032418                
10817          0.0511379587603               
6145           0.0116019107551               
8938           0.0729749794574               
2538           0.0254027250877               
7845           0.0302740517054               
8029           0.0427710468686               
4639           0.043424248896                
10692          0.0091134130802               
12184          0.0584522084258               
7476           0.0147093475536               
6987           0.16412692014                 
1565           0.0297365208641               
10204          0.0742142182056               
8719           0.0511379587603               
9405           0.0177269931989               
4910           0.0971887512465               
4623           0.16412692014                 
3099           0.0348486467529               
12218          0.0129334894973               
4921           0.0622544260184               
10605          0.0308417398502               
9652           0.043424248896                
11238          0.0768655726864               
9271           0.255689793802                
3796           0.0419268544275               
6040           0.036661198332                
4249           0.0781960746454               
4391           0.0342862176982               
6979           0.0971887512465               
2239           0.0405125845187               
5984           0.0228087253153               
2267           0.19915251794                 
5407           0.0138385838208               
9243           0.0294979211858               
5317           0.0661383141712               
8244           0.0351420330518               
8694           0.0242232725112               
960            0.0401329428904               
11640          0.16007509392                 
5684           0.0240228477716               
8059           0.0429805916551               
10610          0.0292261042129               
7286           0.0597135609034               
11262          0.0181623772556               
8057           0.0163821669579               
7208           0.0261091362727               
4777           0.0638173213549               
6269           0.0448725895077               
4139           0.0371071091028               
2048           0.154669145669                
2763           0.0365484279166               
1602           0.0181069189327               
11919          0.0302740517054               
12132          0.0207457603599               
6848           0.0198531514608               
1427           0.0511379587603               
11862          0.0259400614402               
532            0.0358846885446               
11138          0.037475190343                
3520           0.0708327461836               
9074           0.0456827112459               
5624           0.0327651936961               
5205           0.0133430454815               
6265           0.0214133287752               
1039           0.0337534042275               
6436           0.037475190343                
380            0.0395479388841               
2262           0.0427710468686               
10391          0.113106213854                
915            0.0405125845187               
4753           0.016908679539                
7061           0.0616834797004               
7452           0.0217247723824               
9681           0.0708327461836               
4976           0.0279788520425               
7790           0.253214892707                
7068           0.0400187734801               
5782           0.0526981360747               
6567           0.0351420330518               
11591          0.0128377266321               
5184           0.0568018965261               
4147           0.0264817348612               
2573           0.0465633637129               
5466           0.0708327461836               
9309           0.00620743632239              
3792           0.0410317300351               
9357           0.0274084972877               
6674           0.0995729433948               
4173           0.082225491863                
5989           0.0351420330518               
1128           0.0526981360747               
9916           0.0456827112459               
206            0.0456827112459               
9554           0.0640108278353               
9416           0.0241225640325               
1762           0.0669943193799               
5762           0.0526981360747               
3142           0.0228971199261               
10191          0.0886905182294               
11890          0.0135524554058               
7951           0.0461525188906               
4711           0.123095190105                
11011          0.0591270121529               
7364           0.0278332219241               
3035           0.0378571646789               
11109          0.0448725895077               
7346           0.0279788520425               
3126           0.0638173213549               
3812           0.0263560050628               
621            0.0742142182056               
10565          0.0638173213549               
366            0.0217247723824               
7877           0.024531553763                
1739           0.0527053037195               
5999           0.0175684345732               
3702           0.0179423442723               
2755           0.0708327461836               
10998          0.0484599443382               
3528           0.0258681458731               
11205          0.0545434341762               
