210
11692          0.242526883701                
10733          0.0664283449479               
7644           0.0582239875411               
3297           0.0367719734651               
5683           0.0271362675132               
7454           0.00937363294093              
1723           0.056829862097                
2003           0.300117780806                
478            0.0205458286324               
4387           0.0183164659176               
5689           0.0429804474022               
2805           0.0265717325888               
9963           0.039174059578                
8304           0.0385965603743               
12066          0.060227373847                
5996           0.0227653447645               
9787           0.0429804474022               
11164          0.0410976963183               
10882          0.0270932436239               
12058          0.0698845681819               
8514           0.0442729723449               
6544           0.09765069373                 
12229          0.0438262632648               
8580           0.0876525265296               
7004           0.0244307228433               
4887           0.0791081888443               
917            0.0311185894896               
1035           0.0365328464282               
2548           0.00986079576345              
7013           0.0500196301344               
1287           0.0270932436239               
5198           0.0473784169847               
4237           0.139927781484                
3743           0.0555827743914               
4633           0.0517563789163               
4014           0.0275276551592               
170            0.0429804474022               
2105           0.039174059578                
9959           0.0637871317981               
9785           0.0500196301344               
9980           0.044737203835                
6145           0.0271362675132               
6264           0.0705877427882               
2880           0.0149750208039               
7845           0.0354047183747               
2881           0.0254065579142               
3160           0.0414510475057               
4625           0.0637871317981               
10692          0.0213158005196               
7285           0.0404861825336               
6545           0.0616291035224               
347            0.049302053725                
11965          0.021570154856                
9633           0.108990233248                
8808           0.0534247461157               
9792           0.0534247461157               
8690           0.0555019796358               
9534           0.108862455817                
2362           0.0205458286324               
9170           0.0885459446898               
12218          0.0151253805639               
1951           0.0341285986159               
10605          0.0360686149382               
2420           0.0637871317981               
9310           0.0192618670731               
6040           0.0214371603586               
2686           0.0521444658289               
3093           0.0500196301344               
2239           0.0473784169847               
12109          0.065522137787                
2695           0.0544546463379               
12057          0.0457241407224               
2198           0.0876525265296               
4423           0.024864338575                
3649           0.0375197833156               
3259           0.0208565127613               
3667           0.0397811867964               
9893           0.0821953926365               
6648           0.0383170388395               
9891           0.0306774308836               
5553           0.0380459315244               
2522           0.0266742127592               
6102           0.0265717325888               
11954          0.039174059578                
10178          0.0544546463379               
6620           0.0219783465388               
614            0.0203632586517               
3521           0.0582239875411               
11869          0.0284474486735               
9888           0.0372652275747               
3776           0.0859608948044               
9578           0.127737526678                
11730          0.0973834953464               
137            0.039174059578                
6518           0.039174059578                
4527           0.0534247461157               
2078           0.089123484669                
4873           0.156696238312                
10106          0.0257823477544               
11125          0.0516001592065               
8121           0.103968600584                
1559           0.0414510475057               
3419           0.0418152727277               
1713           0.056829862097                
6858           0.0418152727277               
11238          0.0224730734769               
7518           0.0327095808231               
1010           0.0262695105769               
199            0.0372652275747               
2832           0.0534247461157               
10430          0.0425791755592               
1643           0.0375197833156               
3121           0.0750395666313               
12030          0.0664283449479               
11029          0.0147098746762               
10736          0.0598045166132               
5246           0.0616291035224               
10279          0.0682960342936               
4078           0.0370160313022               
7656           0.104954659503                
10998          0.0377817654636               
4076           0.034981945371                
692            0.0322167898768               
3868           0.0605503859801               
413            0.0370160313022               
8059           0.12566171832                 
10378          0.0598045166132               
1714           0.0354047183747               
3532           0.0318924850493               
2140           0.0372652275747               
9097           0.0555827743914               
11064          0.0192131910446               
4995           0.0500196301344               
11122          0.0755598682676               
11872          0.0418152727277               
10073          0.056829862097                
9984           0.0404211472835               
5830           0.023065016106                
4911           0.0246889815048               
4906           0.0242616287426               
12108          0.0276387957481               
9625           0.125139076568                
12035          0.0320535267953               
6242           0.0189423237153               
4982           0.0316984902844               
8078           0.0356219058581               
1550           0.0479855442032               
12144          0.056829862097                
9793           0.0598045166132               
8859           0.0142326844267               
9550           0.205075025751                
10972          0.0380998559263               
3523           0.223591365448                
12043          0.0473784169847               
8881           0.049302053725                
6809           0.0267775879643               
8528           0.0315768293897               
2608           0.0380459315244               
8010           0.0341791709585               
8582           0.0616291035224               
61             0.0438262632648               
11434          0.106849492231                
985            0.0524773297516               
8602           0.0255929615422               
11100          0.217790729357                
9305           0.0637871317981               
1039           0.0394737309195               
1716           0.0284474486735               
10452          0.0555827743914               
9918           0.069552179991                
11890          0.0316984902844               
7198           0.0195466324112               
10466          0.0322167898768               
6461           0.0616291035224               
2712           0.0410976963183               
4508           0.0664283449479               
1341           0.0883343598107               
8720           0.0252230443817               
11018          0.109598539285                
9203           0.033610915321                
9278           0.0091634870169               
4451           0.066493380198                
8990           0.050783532966                
8155           0.0637871317981               
2108           0.0278642575315               
3165           0.0370160313022               
805            0.0425791755592               
9611           0.0421910625678               
6842           0.0664283449479               
2683           0.0240949163282               
8675           0.0443756911218               
12051          0.361423744923                
2956           0.0664283449479               
3808           0.033246690099                
2353           0.0115699048226               
7730           0.0473784169847               
3427           0.016269019125                
10248          0.0236881276426               
3098           0.0195466324112               
3766           0.0544546463379               
6261           0.0622371789793               
11573          0.039174059578                
1678           0.023930519439                
6161           0.0388817882903               
11292          0.0112300809346               
8849           0.033610915321                
8205           0.0365328464282               
189            0.0367719734651               
938            0.046130032212                
9816           0.0582239875411               
