230
11692          0.207475847766                
10733          0.0568278327474               
7644           0.049809204617                
3297           0.0314575285522               
5683           0.034821624854                
7454           0.00801891489877              
1723           0.0486165642218               
2003           0.299534035406                
478            0.0175764564674               
4387           0.0156692909104               
5689           0.0367687269388               
2805           0.0227314706779               
9963           0.0335124547734               
10672          0.0950994220685               
3321           0.0180051232285               
12066          0.0515230528546               
9785           0.0427905764866               
5996           0.0194751985125               
9787           0.0367687269388               
11164          0.0351580791982               
10882          0.0231776106789               
12058          0.0597845476263               
8514           0.0378744505771               
6544           0.0835377924185               
6918           0.0357719483561               
512            0.0597408266151               
7004           0.0208998889364               
4887           0.0676751306709               
917            0.0532423922421               
1035           0.0312529611906               
2548           0.00843567083964              
7013           0.0427905764866               
10841          0.0337688163143               
1287           0.0231776106789               
5198           0.0405310829038               
4237           0.149631015366                
3743           0.0475497110343               
4633           0.0442763228103               
4014           0.0235492391771               
170            0.0367687269388               
2105           0.0335124547734               
9959           0.0545683391647               
12229          0.0374923018286               
9980           0.0382715893211               
6145           0.0232144165693               
6264           0.0805147951895               
2880           0.0128107659208               
7845           0.0302878750908               
2881           0.0217346920953               
3160           0.0354603625412               
11230          0.0145590726031               
11275          0.0330184182566               
4625           0.0545683391647               
10692          0.0273527230227               
7285           0.034634944035                
6545           0.0527221984846               
347            0.0421767073286               
11965          0.0184527426275               
9633           0.0932384925592               
8808           0.0457035703542               
9792           0.0457035703542               
8690           0.0474805930867               
9534           0.0931291820755               
2362           0.0175764564674               
9170           0.0757489011543               
12218          0.0129393950369               
1951           0.0291961856881               
10605          0.0308558224467               
3580           0.025879957485                
1003           0.0241335785971               
9310           0.0247170878929               
6040           0.018338969071                
2686           0.0446083217211               
918            0.0360934274205               
3093           0.0427905764866               
2239           0.0405310829038               
12109          0.0560525945714               
2695           0.0465846249344               
12057          0.0391158898138               
2198           0.0749846036571               
4423           0.021270836644                
3649           0.0320972616833               
3259           0.01784223918                 
3667           0.034031837336                
9893           0.0703161583963               
6648           0.0327792943849               
9891           0.026243795668                
5553           0.0325473686735               
2522           0.0228191399701               
6102           0.0227314706779               
11954          0.0335124547734               
10178          0.0465846249344               
6620           0.0188019406799               
614            0.0174202722913               
2060           0.0421767073286               
3521           0.049809204617                
11869          0.0243361001479               
4479           0.0736282652271               
8304           0.0330184182566               
3776           0.0735374538776               
9578           0.145701794564                
11730          0.0833092107029               
137            0.0335124547734               
6518           0.0335124547734               
4527           0.0457035703542               
2078           0.0762429725536               
4873           0.335124547734                
10106          0.0220561711596               
11125          0.0441426806498               
9359           0.0465846249344               
8121           0.0889426080024               
3801           0.0225583768903               
1559           0.0354603625412               
3419           0.0357719483561               
1713           0.0486165642218               
11919          0.0302878750908               
6858           0.0357719483561               
11238          0.0192251675375               
7518           0.0419733757415               
1010           0.0224729271005               
199            0.0318794954409               
2832           0.0457035703542               
10430          0.036425448641                
1643           0.0320972616833               
3121           0.0641945233666               
12030          0.0568278327474               
11029          0.0125839398602               
10736          0.0511613087802               
5246           0.0527221984846               
10279          0.0584255955375               
4078           0.0316663140933               
7656           0.0897861574152               
10998          0.0404017262953               
4076           0.0299262030732               
692            0.0275606798305               
8721           0.0206126146337               
3868           0.0863323031249               
413            0.0316663140933               
8059           0.129000650859                
10378          0.0511613087802               
1714           0.0302878750908               
3532           0.0272832449417               
2140           0.0318794954409               
9097           0.0475497110343               
9888           0.0956384863227               
4995           0.0427905764866               
11122          0.0646396287564               
11872          0.0357719483561               
10073          0.0486165642218               
9984           0.0345793079609               
5830           0.0197315600535               
4911           0.0211208229373               
4906           0.0207552330477               
11723          0.0597408266151               
12108          0.0236443172466               
9625           0.10705343508                 
12035          0.0274210122369               
6242           0.0162046970279               
4982           0.0271172871407               
8078           0.0914210210944               
1550           0.0410504654664               
12144          0.0486165642218               
9793           0.0511613087802               
8859           0.0121757152128               
9550           0.17543669458                 
10972          0.0325934996873               
3523           0.191276972645                
12043          0.0405310829038               
8881           0.0421767073286               
6809           0.0229075749427               
8528           0.0270132092055               
2608           0.0325473686735               
8010           0.0292394490967               
8582           0.0527221984846               
61             0.0374923018286               
11434          0.0914071407084               
985            0.0448930787076               
8602           0.0218941558633               
11100          0.217367114547                
9305           0.0545683391647               
8580           0.0749846036571               
1039           0.0337688163143               
1716           0.0243361001479               
10452          0.0475497110343               
9918           0.0595001976167               
11890          0.0271172871407               
7198           0.0334433368258               
10466          0.0275606798305               
6461           0.0527221984846               
2712           0.0351580791982               
4508           0.0568278327474               
1341           0.0755678954385               
9546           0.0123307831744               
8720           0.0215777007335               
11018          0.0937588835719               
9203           0.0287533202257               
9278           0.00881903269586              
2420           0.0545683391647               
4451           0.0568834688215               
8990           0.0434440767714               
9569           0.036425448641                
8155           0.0545683391647               
2108           0.0238371943163               
3165           0.0316663140933               
805            0.036425448641                
9611           0.0721868548411               
6842           0.0568278327474               
2683           0.0412252292674               
4668           0.0391158898138               
6294           0.0405310829038               
8675           0.0379623239913               
12051          0.371027063406                
2956           0.0568278327474               
3808           0.0284417344107               
2353           0.00989777205316              
7730           0.0405310829038               
3427           0.0139177499986               
10248          0.0202646168112               
3098           0.0167216684129               
3766           0.0465846249344               
6261           0.0532423922421               
11573          0.0335124547734               
1678           0.0204719770952               
6161           0.0332624237984               
11292          0.0192141219714               
8849           0.0287533202257               
8205           0.0312529611906               
189            0.0314575285522               
938            0.0394631201069               
9816           0.049809204617                
