243
11692          0.201962338908                
10733          0.0553176774084               
7644           0.0484855638471               
3297           0.0306215692625               
5683           0.0338962673285               
12229          0.0364959731452               
7454           0.00780581848874              
1723           0.0473246169404               
2003           0.291574152001                
478            0.0171093758435               
4387           0.0152528917239               
11025          0.0581532607356               
2805           0.0221273995714               
9963           0.0326218874219               
8304           0.0642819590804               
3321           0.0175266511197               
12066          0.0501538679044               
5996           0.0189576602994               
9787           0.0357916266938               
11018          0.0912673143572               
10882          0.0225616837497               
12058          0.058195819895                
8514           0.0368679665888               
1244           0.0531182281056               
9959           0.106236456211                
10972          0.0317273528505               
6918           0.0348213367247               
512            0.0581532607356               
7004           0.0203444906863               
4887           0.0658767168486               
2254           0.0310323227102               
6263           0.0283021591724               
4011           0.0284624335388               
1035           0.0304224381191               
2548           0.016422998931                
7013           0.0416534502859               
1287           0.0225616837497               
5198           0.0394540009831               
4237           0.116523750256                
3743           0.0462861145443               
4633           0.0430997140598               
4014           0.0229234365105               
170            0.0357916266938               
6294           0.0394540009831               
471            0.0272477717506               
9785           0.0416534502859               
9980           0.0372545516803               
11730          0.0810953333957               
6264           0.0783751772954               
2880           0.0249406596134               
7845           0.0294829984297               
2881           0.0211571096022               
3160           0.0345180310598               
11230          0.0141721766023               
11275          0.0321409795402               
4625           0.0531182281056               
10692          0.0443764095648               
7285           0.0337145474067               
6545           0.0513211471744               
347            0.0410558942221               
11965          0.0179623753822               
9633           0.12101433644                 
8808           0.0444890336132               
9792           0.0444890336132               
8690           0.0462188333523               
9534           0.090654346687                
2362           0.0171093758435               
9170           0.0737359331776               
12218          0.0125955407043               
1951           0.0284203198215               
10605          0.0300358530276               
3580           0.0251922177968               
1003           0.046984495132                
9310           0.0320803340764               
6040           0.0178516252693               
2686           0.0434228903583               
918            0.0351342727337               
3093           0.0416534502859               
8125           0.0498017368967               
2239           0.0394540009831               
12109          0.0545630405823               
4768           0.0266923202205               
2695           0.045346674855                
12057          0.0380764155458               
2198           0.0729919462904               
4423           0.0207055807479               
3649           0.0312443019846               
5689           0.0357916266938               
3259           0.0173680955878               
3667           0.0331274677979               
9893           0.0684475613218               
6648           0.031908210199                
9891           0.0255463872639               
9816           0.0484855638471               
6145           0.0225975115523               
1093           0.029305396213                
2229           0.0394540009831               
2522           0.0222127391205               
6102           0.0221273995714               
11954          0.0326218874219               
10178          0.045346674855                
614            0.01695734214                 
2060           0.0410558942221               
3521           0.0484855638471               
8347           0.0236893872646               
11869          0.0236893872646               
5553           0.0316824477325               
9888           0.0930969681307               
10672          0.0925722290886               
3776           0.0715832533877               
9578           0.141829882996                
10466          0.0268282762567               
137            0.0326218874219               
6518           0.0326218874219               
4527           0.0444890336132               
2078           0.0742168750147               
9278           0.00953852642149              
4873           0.326218874219                
10106          0.0214700456112               
11125          0.0429696233354               
9359           0.045346674855                
3277           0.0581532607356               
8121           0.0865790275551               
3801           0.0439178112324               
1559           0.0345180310598               
3419           0.0348213367247               
1713           0.0473246169404               
11919          0.0589659968594               
6858           0.0348213367247               
11238          0.0187142737026               
7518           0.0408579660133               
1010           0.0218757265879               
199            0.0310323227102               
10430          0.0354574707491               
1643           0.0312443019846               
3121           0.0624886039691               
12030          0.0553176774084               
11029          0.0122495314718               
10736          0.0498017368967               
5246           0.0513211471744               
10279          0.0568729808983               
4078           0.0308248064907               
7656           0.0874001603                  
10288          0.0232037394663               
10998          0.0393280819256               
4076           0.0291309375639               
692            0.0268282762567               
8721           0.0200648504742               
3868           0.100845707393                
413            0.0308248064907               
8059           0.104643799301                
1714           0.0294829984297               
3532           0.0265582139837               
2140           0.0310323227102               
9097           0.0462861145443               
4479           0.0716716514964               
4995           0.0416534502859               
11122          0.0629218810303               
11872          0.0348213367247               
10073          0.0473246169404               
9984           0.0336603898179               
5830           0.0192072092323               
4911           0.0205595535384               
4906           0.020203678915                
11723          0.0581532607356               
4743           0.0306215692625               
12108          0.0230159879543               
9625           0.104208573527                
12035          0.0266923202205               
6242           0.0157740698413               
4982           0.0263966663819               
8078           0.0593277191679               
1550           0.0399595813591               
12144          0.0473246169404               
9793           0.0498017368967               
8859           0.0118521550761               
9550           0.170774601233                
6544           0.0813178407305               
3523           0.186193936261                
12043          0.0394540009831               
6620           0.0183022937687               
6809           0.0222988240027               
8528           0.0262953542367               
2608           0.0316824477325               
8010           0.0284624335388               
8582           0.0513211471744               
61             0.0364959731452               
11434          0.0889780672263               
985            0.04370008015                 
8602           0.021312335745                
11100          0.211590752988                
9305           0.0531182281056               
8580           0.0729919462904               
1039           0.0328714363548               
1716           0.0236893872646               
10452          0.0462861145443               
9918           0.0579190262652               
11890          0.0263966663819               
7198           0.0325546062299               
4508           0.0553176774084               
6461           0.0513211471744               
2712           0.0342237806609               
1341           0.0735597375475               
9546           0.0120031022275               
2832           0.0444890336132               
9203           0.0279892231635               
8881           0.0410558942221               
917            0.0518275171884               
2420           0.0531182281056               
4451           0.0553718349971               
8990           0.0422895843103               
2938           0.0372545516803               
9569           0.0354574707491               
8155           0.0531182281056               
2108           0.0232037394663               
3165           0.0308248064907               
805            0.0354574707491               
9611           0.105402818201                
6842           0.0553176774084               
2683           0.0601945514225               
4668           0.0380764155458               
8675           0.0369535048355               
12051          0.381232159009                
2956           0.0553176774084               
3808           0.0276859174986               
2206           0.0209287598602               
2353           0.00963474647945              
7730           0.0394540009831               
3427           0.0135478966459               
10248          0.0197261004225               
3098           0.0162773031149               
3766           0.045346674855                
6261           0.0518275171884               
6329           0.014248290157                
1678           0.0199279502686               
6161           0.0323785008251               
11292          0.0187035216638               
8849           0.0279892231635               
8205           0.0304224381191               
189            0.0306215692625               
938            0.0384144184647               
8017           0.0306215692625               
6000           0.0286253571879               
