295
9782           0.054008385641                
1341           0.0759146537898               
9790           0.0438284169266               
9907           0.050037764081                
9115           0.0847404871147               
8627           0.0529641248016               
6753           0.0632077142337               
930            0.0529641248016               
4387           0.0157411925752               
2298           0.0353194090527               
3786           0.0234689200239               
10877          0.22095938869                 
3855           0.0344592740542               
8626           0.0412388337099               
11279          0.044345238139                
11272          0.028885260567                
4148           0.0412388337099               
5510           0.0331699298503               
1448           0.0254172857842               
4656           0.0600149593062               
5624           0.0329305728311               
10360          0.0570885985856               
4952           0.016511839215                
10110          0.0412388337099               
3064           0.0250837410182               
12107          0.0293736201372               
4887           0.0226618904993               
917            0.0267433527859               
236            0.0373060223723               
6851           0.0600149593062               
8911           0.0102184693441               
726            0.0191289905974               
8446           0.0641394330903               
6108           0.0475056278186               
2880           0.0128695506738               
2882           0.0350245419149               
6701           0.0324681202888               
7704           0.0270041928205               
11965          0.0370748334305               
11672          0.0640515617207               
2395           0.050037764081                
9633           0.0156110559946               
582            0.0477679023615               
7817           0.0477679023615               
7799           0.0859738591526               
848            0.0322445463666               
4006           0.0330236784299               
2317           0.0268729367545               
1951           0.0439952373087               
5781           0.0362590493068               
557            0.0428892775172               
8638           0.044345238139                
9310           0.0331073429034               
10813          0.0189478783239               
5435           0.0777249115846               
10285          0.00634221478837              
10620          0.0207785839052               
7231           0.0264890344403               
11041          0.0279632287374               
1838           0.0376643427289               
6648           0.0493945630667               
5642           0.0380482450432               
10107          0.0350245419149               
5436           0.0459132902969               
9517           0.0207071997247               
5613           0.0429869295763               
7184           0.0285722449784               
9278           0.00393755581569              
7239           0.281545350485                
8010           0.0293736201372               
1722           0.0412726259979               
2053           0.0350245419149               
6206           0.0313963716328               
2763           0.0550993538386               
1120           0.0548187368662               
2047           0.0429869295763               
11627          0.0529641248016               
579            0.036732902559                
11878          0.0281200725825               
7878           0.08044152871                 
6987           0.164955334839                
7847           0.0407170678569               
3784           0.0462046288776               
11226          0.0760964900864               
11458          0.0108732773464               
9966           0.0380482450432               
2084           0.0231023144388               
5809           0.0570885985856               
7453           0.0448128623492               
6491           0.0259987128286               
10718          0.0218344260623               
5127           0.0221573802975               
6133           0.0213684421179               
3109           0.060853714086                
7919           0.0083258776313               
3135           0.0600149593062               
10780          0.044345238139                
5655           0.0388624557923               
673            0.0412388337099               
4911           0.0212177400434               
4797           0.0369374475715               
9117           0.0412388337099               
1612           0.0190078915008               
10376          0.0450990795479               
12127          0.0251937118619               
9173           0.0896598392006               
4982           0.0272417202181               
1977           0.050037764081                
1566           0.0244477711944               
4885           0.0248673029811               
6              0.0339237712592               
2647           0.0318116212876               
1993           0.0529641248016               
9640           0.0415571678103               
8381           0.0322445463666               
9141           0.0429869295763               
203            0.0524818392077               
6186           0.0459132902969               
11890          0.0408625803271               
2436           0.0238492336262               
7210           0.0548187368662               
3427           0.0139816143687               
9546           0.0123873654309               
8131           0.0835098970234               
6395           0.0140553263142               
12118          0.133035714417                
4316           0.0227484629705               
7355           0.0423702435573               
5987           0.0262409196039               
5383           0.0674727751906               
7207           0.0580909121327               
3581           0.0324681202888               
11967          0.0107656339718               
4998           0.0597732261337               
5746           0.0412388337099               
2090           0.0570885985856               
628            0.0225760486061               
663            0.0231927346251               
1678           0.0205659168428               
9783           0.0417888165129               
11952          0.109087591395                
697            0.0741170226996               
461            0.0380482450432               
2821           0.0477679023615               
5277           0.0192515487543               
5498           0.030426857043                
1123           0.0262409196039               
6981           0.028885260567                
406            0.0600149593062               
9023           0.0341879992052               
938            0.0198221022499               
2351           0.0700490838298               
5264           0.050037764081                
5683           0.0233209405471               
7428           0.0293736201372               
10608          0.141277636211                
4802           0.0193756015598               
5787           0.0189691575482               
9095           0.0392953808712               
2638           0.0167500750213               
5530           0.0548187368662               
4914           0.11414473513                 
2762           0.040220764355                
578            0.0938756800957               
6287           0.030803648414                
8331           0.0623357517155               
10176          0.0392953808712               
3258           0.0183100954347               
4408           0.0169940244578               
6568           0.0339237712592               
6914           0.0458477002849               
9596           0.0497346059622               
5788           0.040220764355                
2548           0.0169487591936               
348            0.0641394330903               
7059           0.0711902675949               
8294           0.0224065079486               
10613          0.0242443203331               
10817          0.0513960726437               
1353           0.0228357785622               
8938           0.0244477711944               
2538           0.0255309428769               
9118           0.030426857043                
7845           0.030426857043                
5037           0.0384472061374               
9598           0.0302435691297               
4639           0.0436434285775               
6422           0.0256458842578               
3337           0.0274084395495               
12184          0.0587472402744               
3419           0.0359360950716               
7476           0.0295671831154               
2260           0.0600149593062               
10204          0.111883210903                
8690           0.0238492336262               
4623           0.0412388337099               
3099           0.0350245419149               
3688           0.0292082148022               
3529           0.0745888072687               
4921           0.050054919353                
3567           0.0290454560663               
9652           0.087286857155                
9271           0.154188217931                
6040           0.0184231210861               
10118          0.0407170678569               
9753           0.0641394330903               
1292           0.0488396510176               
2267           0.0667192403149               
9243           0.0148234045399               
5317           0.0221573802975               
1500           0.0359360950716               
960            0.0268903400162               
5334           0.0272718978487               
4654           0.0192515487543               
6277           0.0600149593062               
5684           0.024144100764                
10610          0.0587472402744               
5737           0.0331699298503               
10923          0.0191289905974               
4749           0.0768944122748               
7208           0.0262409196039               
11138          0.0376643427289               
2078           0.0255309428769               
10924          0.0160065694684               
10106          0.0221573802975               
10812          0.0830614425109               
2048           0.194312278961                
10075          0.0228357785622               
9069           0.0172439683339               
7518           0.0281106526285               
11640          0.040220764355                
1841           0.0292082148022               
11862          0.0260709913825               
532            0.0180329065135               
4164           0.0336662333522               
6678           0.0326967187624               
3857           0.0270041928205               
9074           0.0459132902969               
10393          0.024144100764                
10292          0.0224065079486               
10288          0.0478931520678               
2262           0.0859738591526               
3868           0.0346913824426               
10391          0.0852578298676               
7061           0.0309974105386               
6265           0.0430428209475               
7452           0.0218344260623               
4029           0.0111474773439               
4976           0.11248029033                 
7790           0.222681349013                
7068           0.281545350485                
9625           0.0537723355531               
7606           0.050037764081                
6567           0.0353194090527               
6809           0.0230126909165               
7905           0.114177197171                
9309           0.00623876775473              
9357           0.0275468390174               
6674           0.050037764081                
12218          0.0259975400605               
4173           0.0550936780348               
5300           0.164456210598                
5989           0.0353194090527               
8887           0.0459132902969               
206            0.137739870891                
9416           0.0242443203331               
3512           0.0529641248016               
3142           0.0230126909165               
10191          0.0297127250039               
4711           0.0412388337099               
9203           0.028885260567                
11011          0.0594254500078               
10021          0.0459132902969               
3501           0.0641394330903               
1785           0.050037764081                
2627           0.030803648414                
9154           0.0376643427289               
6058           0.0221573802975               
3035           0.0380482450432               
3812           0.0264890344403               
621            0.0745888072687               
1144           0.0548187368662               
6913           0.0338895285878               
366            0.0218344260623               
11968          0.0574550976382               
9873           0.0513960726437               
8720           0.0216767143145               
4249           0.0392953808712               
6329           0.0294088600755               
3179           0.0574550976382               
10156          0.0300635254212               
10394          0.0322445463666               
10998          0.0324696941358               
2652           0.0267433527859               
6979           0.0976793020352               
