260
1341           0.0611467597536               
4398           0.0351533479879               
1664           0.0211361986998               
9135           0.0309679615136               
9760           0.0341278392796               
4387           0.0507160540201               
9206           0.0376945639752               
11025          0.0483400781683               
2805           0.0183934694532               
7489           0.0692491192181               
12066          0.020845279046                
9595           0.0335887413942               
6918           0.0289453440427               
512            0.0483400781683               
4887           0.0182534083309               
7186           0.0184644082178               
917            0.129245352735                
11922          0.0196918765628               
10841          0.0273244833187               
3743           0.0384754761277               
170            0.0297519005859               
6294           0.0327962605613               
12229          0.0303373907559               
7009           0.0769509522554               
2880           0.0207320005797               
11230          0.0117806657117               
4625           0.0441546916941               
10477          0.042660862602                
844            0.0313024314692               
11965          0.014931280191                
9633           0.138316120409                
9534           0.04521402394                 
12144          0.0393387344621               
1951           0.0472489578181               
1585           0.0297519005859               
1003           0.0195280035775               
9625           0.0433118498118               
9310           0.0366669560106               
10561          0.0313024314692               
918            0.0584109461395               
26             0.0192097742142               
8125           0.0413978481009               
3778           0.0254542743272               
8457           0.0384754761277               
12109          0.07559282757                 
7231           0.0640081411492               
10198          0.042660862602                
6370           0.0357186325345               
6648           0.0132618992961               
4134           0.0450638047081               
6102           0.0183934694532               
10178          0.0376945639752               
2059           0.0116245966856               
534            0.0320153484088               
5553           0.0263361328425               
4479           0.0198590941245               
2454           0.0441546916941               
3909           0.0303373907559               
1324           0.0483400781683               
11828          0.0346245596091               
5109           0.0292054730698               
3173           0.0413978481009               
9278           0.0063431437136               
2683           0.0166789691255               
5177           0.0239326238972               
1722           0.0166218721967               
6016           0.0376945639752               
11125          0.071437265069                
8121           0.0863629018936               
12058          0.0483754556015               
1353           0.0183934694532               
4039           0.0703066959757               
1010           0.0363685310118               
199            0.0257957144033               
5293           0.0233951606885               
11029          0.0101824609898               
7656           0.108977481075                
692            0.0892043510521               
413            0.0256232159029               
1554           0.0158099831599               
1714           0.0735235013842               
7366           0.0332165258154               
11872          0.0289453440427               
6202           0.0413978481009               
5830           0.0159660521859               
11723          0.0483400781683               
12127          0.0202927072655               
9173           0.0481453700391               
4982           0.0329134660759               
9078           0.0516622063082               
9627           0.0138083268122               
9170           0.061293222917                
1575           0.0252887459472               
6218           0.0573414218745               
9550           0.0709784582011               
10972          0.0263734603609               
3523           0.15477428642                 
6620           0.015213838403                
2608           0.0526722656849               
467            0.0786774689243               
5870           0.0320153484088               
4776           0.0265244946124               
3052           0.0516622063082               
8381           0.0259719228319               
5232           0.0215408921225               
8078           0.0493163503791               
3508           0.0376945639752               
11890          0.0109711553586               
2712           0.0284486237132               
6467           0.0516622063082               
3427           0.0337851931909               
9752           0.0323965043947               
3869           0.0441546916941               
4084           0.0242151821092               
4451           0.0690420141079               
12057          0.0316511383983               
8037           0.0459829907418               
3878           0.0478652477944               
3041           0.0323965043947               
10193          0.028693220269                
8590           0.0300394169681               
12179          0.0252887459472               
2362           0.0142222216815               
8721           0.0166789691255               
6161           0.0269147291323               
2425           0.042660862602                
9569           0.0884223972645               
10660          0.0341278392796               
10728          0.0159136981667               
11692          0.307783336623                
4809           0.0102606177936               
5683           0.0375685029878               
7004           0.0169114209183               
2003           0.138498238436                
4802           0.015606410548                
5689           0.0595038011718               
10893          0.0366462792249               
10672          0.0384754761277               
9875           0.0499347917843               
6200           0.0206569172761               
1917           0.0939072944077               
5996           0.0157586138622               
9787           0.0297519005859               
1559           0.028693220269                
8514           0.0306466114585               
6544           0.22531902354                 
4275           0.0192097742142               
12156          0.0256232159029               
8580           0.0303373907559               
8997           0.0126089842229               
4011           0.023659486067                
2548           0.0136516687463               
1287           0.018754469522                
4237           0.145291092655                
8689           0.0289453440427               
8379           0.019367343996                
4633           0.0179133854261               
4014           0.0190551776252               
11730          0.050558060363                
6145           0.0281763772409               
6264           0.0814370112052               
7845           0.0245078337947               
2881           0.0527607387299               
10692          0.0590208447143               
7285           0.0140126609964               
11985          0.0158099831599               
3185           0.0249673958921               
7476           0.0119076973436               
2460           0.0191321112997               
8690           0.0192097742142               
4623           0.0332165258154               
3642           0.0144809813802               
3908           0.0323965043947               
12218          0.0157051233547               
3580           0.0209411090991               
6040           0.0148392188165               
7518           0.0792477252998               
2686           0.0180477060758               
2697           0.0277558132282               
8554           0.019447280007                
4423           0.0172115781508               
435            0.0323965043947               
9243           0.0358192961787               
150            0.0230140047026               
9893           0.0284486237132               
6261           0.0430817842451               
9642           0.0292054730698               
10325          0.0573414218745               
960            0.0108296427539               
10959          0.0341278392796               
9888           0.07738714321                 
2336           0.0493163503791               
567            0.0341278392796               
421            0.0739632940712               
347            0.0341278392796               
9578           0.147370662107                
8743           0.017459881278                
11262          0.0147030376848               
4873           0.460989764914                
9359           0.0376945639752               
3121           0.0519438456638               
3277           0.0483400781683               
3801           0.0182534083309               
10613          0.0195280035775               
3802           0.0235262575034               
7664           0.0341278392796               
6309           0.0393387344621               
6848           0.0160717746352               
11055          0.0269147291323               
6210           0.0403037751754               
4521           0.0682556785591               
1643           0.0259719228319               
6235           0.0125741927645               
10279          0.0157586138622               
6265           0.0173347891363               
4076           0.0242151821092               
3868           0.0838283067303               
763            0.107155897604                
4839           0.0413978481009               
4060           0.0200297956349               
3532           0.0220765976618               
6163           0.0158616765562               
3276           0.0351533479879               
2342           0.0214378294286               
8451           0.0177159451221               
11905          0.0459829907418               
11591          0.0103925590688               
8741           0.0210380732619               
797            0.0323965043947               
2192           0.0483400781683               
6809           0.0185359665428               
61             0.0303373907559               
110            0.0545527965177               
10858          0.0300394169681               
9247           0.0357186325345               
8602           0.0354318902442               
11100          0.125632477867                
6614           0.0336595188958               
9918           0.0722180550586               
7198           0.0135305586478               
9551           0.0202927072655               
11018          0.0252887459472               
11790          0.0573414218745               
8155           0.0441546916941               
6518           0.027117044995                
9446           0.0483400781683               
1715           0.0413978481009               
7348           0.0332165258154               
9611           0.321260203767                
8675           0.0153588576956               
12051          0.0667158765021               
8059           0.0869854823968               
2206           0.0347941929587               
6608           0.0384754761277               
9527           0.0346245596091               
5999           0.0426666650446               
3702           0.0145249137972               
11292          0.0233210405009               
9816           0.0403037751754               
10998          0.0196149539728               
