127
9782           0.0626745739737               
2048           0.180393309776                
12118          0.102921754655                
10608          0.245920579455                
11773          0.0826783212916               
12082          0.0629831910832               
6987           0.0957120381683               
11919          0.0706183041724               
4387           0.0365340502879               
2298           0.0819735264851               
10877          0.227924038705                
10132          0.0499494742066               
2887           0.0549067021128               
8626           0.0957120381683               
10893          0.0527973650134               
11862          0.0605086879964               
11272          0.0670403819211               
5655           0.0901966548878               
8524           0.0385422785703               
7239           0.0933491805366               
11029          0.0293403380088               
578            0.0544694882717               
6197           0.0381050647292               
5624           0.0764292284764               
6436           0.0874159301938               
10288          0.0555780897074               
8331           0.0482254330907               
2262           0.0997692290061               
6214           0.0565040465311               
8405           0.0681738254649               
4275           0.0553521657566               
3258           0.0424962685764               
12156          0.147664462691                
5989           0.0819735264851               
9095           0.0912014394064               
8720           0.100619844025                
2140           0.0743292786028               
4976           0.0652644417456               
7790           0.0738322313453               
2548           0.0196683579639               
2923           0.0632958959554               
8001           0.0677899328977               
4633           0.0516166753607               
478            0.0819614809799               
7068           0.0933491805366               
2105           0.0781366377686               
9173           0.0693644410679               
7878           0.0933491805366               
5792           0.0532044246264               
6242           0.0377823871865               
9118           0.141236608345                
7845           0.0706183041724               
6701           0.0753559130746               
4578           0.0728684700736               
11591          0.0299457268887               
4249           0.0912014394064               
4639           0.101292910735                
10692          0.0637747913503               
5292           0.0455558091791               
6809           0.053410616965                
10393          0.0560365288243               
404            0.116133652549                
10317          0.116133652549                
8385           0.104671360335                
4406           0.0636127983335               
9640           0.0482254330907               
9633           0.036232013682                
4982           0.0632258560857               
2632           0.0569810096762               
9141           0.0997692290061               
10204          0.0865573311124               
3529           0.0865573311124               
4173           0.255736049763                
2246           0.0368400010839               
8690           0.0553521657566               
3099           0.0812891634174               
5277           0.0446813065116               
11498          0.148862499634                
11890          0.0316129280428               
12218          0.0301691066733               
4921           0.0580867342822               
2436           0.0553521657566               
8047           0.0983379500277               
3512           0.122925501973                
3589           0.0501290102253               
11057          0.0997692290061               
11179          0.061189249479                
4711           0.0957120381683               
7203           0.10656107843                 
6395           0.0326212893924               
2408           0.0728684700736               
26             0.0553521657566               
9278           0.00456937622403              
4316           0.0527973650134               
10285          0.0147197737978               
12148          0.0865573311124               
8865           0.0710515066512               
5383           0.0521996401078               
7237           0.0137737157616               
7207           0.0674121828758               
8131           0.0387639597548               
10998          0.0188398914619               
5317           0.0514255093552               
4297           0.0368400010839               
6648           0.076427222923                
9891           0.122378498958                
4359           0.0532044246264               
8630           0.165226923176                
2638           0.0388755858384               
6913           0.0393274440848               
6019           0.0497712931896               
2059           0.0334957920599               
7877           0.0572231540829               
9873           0.119286178197                
10391          0.0659588704168               
8855           0.297724999267                
5684           0.0560365288243               
2267           0.103233350721                
697            0.103211812761                
10713          0.110865484854                
8327           0.101292910735                
137            0.0781366377686               
9781           0.0743292786028               
330            0.0497712931896               
8010           0.0681738254649               
10728          0.0458546596593               
10268          0.116133652549                
