54
11692          0.137664171271                
9633           0.123731026498                
9782           0.107015710487                
11664          0.083789081151                
5683           0.0462096208254               
1602           0.0721186256176               
12058          0.0793363689552               
688            0.193548090414                
2003           0.170354168363                
1716           0.0968847919868               
9550           0.349216751203                
9760           0.167910285189                
10191          0.117749432391                
7518           0.0557002663119               
3855           0.136559671317                
5689           0.146380498084                
6040           0.0730095287616               
6848           0.0790737509156               
6235           0.0618655132488               
3564           0.209893088959                
1003           0.192157061161                
1975           0.12523601118                 
4423           0.0846816281619               
726            0.0758068398222               
10480          0.13341690698                 
3868           0.0687397502406               
10692          0.0725962079439               
452            0.149261132297                
12229          0.149261132297                
9611           0.143692053635                
917            0.105982019837                
5928           0.142412208792                
10385          0.0736908699361               
10841          0.134437511531                
12051          0.0820611712209               
9578           0.145013868005                
5827           0.0600290508063               
10178          0.18545870822                 
2206           0.085594385492                
5739           0.18545870822                 
1917           0.154009169817                
3992           0.126067210246                
4759           0.152363564739                
2336           0.121319172726                
567            0.167910285189                
4873           0.13341690698                 
2881           0.0865282896497               
8059           0.171188770984                
5508           0.1198531302                  
6518           0.13341690698                 
11985          0.0777857267627               
347            0.167910285189                
10924          0.0634329052344               
9816           0.198296127934                
