172
4809           0.0151644156104               
5683           0.0138808501746               
303            0.0389228087458               
9948           0.084746276539                
10608          0.0420449101808               
2040           0.0581396686799               
5787           0.0112906266938               
3597           0.084746276539                
10877          0.0876781152369               
3855           0.041020988781                
2657           0.0572469337682               
4529           0.0210822709898               
11272          0.0687711498386               
4914           0.0452933695179               
578            0.0279378579912               
7453           0.0133365253196               
8369           0.0371350565212               
7973           0.0595659257292               
8331           0.0494704592975               
9153           0.0353706046483               
11922          0.0582062028532               
7154           0.0144507995632               
1287           0.0277176848515               
5383           0.187415436634                
5827           0.0360641029069               
7237           0.0423879269478               
478            0.02101936597                 
6263           0.0347700259103               
6145           0.0138808501746               
2880           0.0306403259092               
7845           0.0362207212909               
11376          0.0527894323407               
7704           0.0642926307146               
10784          0.0268749665223               
9972           0.0201130187081               
11965          0.0220673007188               
12184          0.0349669276321               
9633           0.0185837041084               
7476           0.0351973487589               
2632           0.0292260384123               
10204          0.0443959820707               
3099           0.0416938946158               
12218          0.015473988185                
1951           0.0174575948526               
11238          0.0229910296797               
1003           0.0288609095717               
3576           0.0343855749193               
8638           0.0527894323407               
9310           0.0492645296181               
10813          0.0225559221859               
4085           0.0611828826106               
8932           0.0478795786811               
10183          0.021597633408                
5162           0.0501624600367               
7231           0.0315330608209               
11041          0.0332879703302               
1830           0.0536868197878               
6648           0.0392001645037               
9891           0.0313844799496               
1343           0.0611828826106               
5642           0.0452933695179               
3917           0.0504383604507               
5591           0.0286234668841               
6102           0.0543683082083               
614            0.0208325881424               
11640          0.0478795786811               
10246          0.0376194886822               
7184           0.0340129550862               
9278           0.00468734288151              
7239           0.143638736043                
7624           0.022204906621                
2053           0.0416938946158               
10924          0.0190545310256               
1123           0.031237700103                
2048           0.0462626217996               
1653           0.0630495223395               
5227           0.0587004726242               
8223           0.084746276539                
11878          0.0334746802883               
9069           0.0205275546563               
2044           0.0679593759991               
3784           0.0275014435858               
214            0.0321463153573               
5334           0.0324649966198               
1472           0.0652572885442               
6197           0.0195444077212               
8524           0.0593059751166               
1690           0.0360025318008               
7247           0.0611828826106               
10393          0.0862248187537               
10292          0.10669256813                 
10288          0.057012937956                
2659           0.0222743004446               
6133           0.0254374083159               
5989           0.0420449101808               
5361           0.0331286799187               
7919           0.00991128635991              
4976           0.0334746802883               
7790           0.0378691715297               
11064          0.0196560139406               
1335           0.0707412092967               
8001           0.0347700259103               
8561           0.084746276539                
1341           0.0301234258595               
5809           0.407756255995                
4911           0.0505160192818               
7068           0.143638736043                
9117           0.0490915082046               
2874           0.043971054644                
9173           0.0355776043741               
4982           0.0162145362912               
6567           0.0420449101808               
236            0.022204906621                
8859           0.0145607173141               
12045          0.084746276539                
6048           0.0353706046483               
8188           0.0276090815308               
6809           0.0821842620153               
2647           0.0378691715297               
3020           0.0679593759991               
404            0.178697777187                
9640           0.0247352296487               
11664          0.0251692972362               
3570           0.0557097092857               
4358           0.0334746802883               
6329           0.0525133169081               
11030          0.0957591573622               
4173           0.196753751546                
203            0.031237700103                
470            0.0478795786811               
5300           0.0652572885442               
6443           0.0519539846146               
11890          0.0162145362912               
3512           0.0630495223395               
9395           0.043971054644                
5120           0.0443959820707               
3427           0.0166439851651               
9546           0.014746160281                
8131           0.0397647210271               
6610           0.100954379732                
6395           0.0501951998881               
12118          0.0527894323407               
3738           0.0630495223395               
1306           0.0519539846146               
5299           0.0397779302196               
447            0.0371350565212               
7207           0.311186472764                
7954           0.0568638382742               
1724           0.09949243682                 
11561          0.04974621841                 
805            0.0435605343447               
4998           0.0355776043741               
172            0.0630495223395               
5746           0.0490915082046               
1517           0.0452933695179               
10998          0.0193262771115               
2925           0.0287416062512               
8059           0.0257115903481               
8594           0.0301234258595               
6913           0.0201713763588               
7730           0.0484703880043               
9873           0.489463060885                
1909           0.0214017931974               
697            0.0176460685264               
8925           0.0360025318008               
10232          0.0345762747516               
5277           0.0229174173613               
5498           0.0362207212909               
330            0.0510562285524               
10543          0.0297306609725               
3168           0.0484703880043               
10268          0.0595659257292               
