316
9782           0.0510563108242               
673            0.0389847370353               
9115           0.0801086090275               
8627           0.0500691288271               
6753           0.059752808126                
4387           0.0148807858506               
2298           0.0333888655496               
3786           0.0221861190856               
10877          0.208881844821                
3855           0.0325757451552               
8626           0.0389847370353               
11279          0.0419213467525               
11272          0.0273064048155               
10285          0.00599555209262              
5510           0.0313568759435               
1448           0.0240279880226               
4656           0.0567345677912               
5624           0.0311306020746               
10360          0.0539681606719               
4952           0.015609309281                
10110          0.0389847370353               
3064           0.0237126746681               
12107          0.0277680708645               
4887           0.0214232014429               
917            0.0252815727801               
236            0.0352668914512               
6851           0.0567345677912               
2267           0.0630723957223               
4657           0.086807379726                
726            0.0180834083097               
8446           0.060633599636                
2880           0.0121661066438               
2882           0.0331101157211               
4560           0.0336759374867               
9757           0.0311306020746               
6701           0.0306934269867               
7704           0.0510563108242               
10306          0.0356056261733               
11965          0.0350483391962               
11672          0.0302752656386               
2395           0.0473027217078               
9633           0.0147577624788               
582            0.0451569296405               
7799           0.0812745654875               
848            0.0304820735176               
6914           0.0433416849724               
2317           0.0254040737455               
1951           0.0138634922717               
5781           0.0342771454771               
8638           0.0419213467525               
1144           0.0518223686046               
10813          0.0179121955542               
5435           0.110214752697                
10183          0.0171511955894               
75             0.0518223686046               
10620          0.0196428355663               
6301           0.0473027217078               
7231           0.0250411553644               
11041          0.0264347708438               
2558           0.0325757451552               
1838           0.0356056261733               
6648           0.0466946777806               
5642           0.0359685445544               
5436           0.043403689863                
9517           0.019575353214                
5613           0.0406372827437               
9278           0.00372233073119              
8010           0.0277680708645               
1722           0.0390166822517               
2053           0.0331101157211               
2351           0.0331101157211               
2763           0.0347250981171               
8832           0.0277680708645               
5530           0.0518223686046               
2047           0.0406372827437               
11627          0.0500691288271               
579            0.0347250981171               
11878          0.0265830416728               
7878           0.0760446298153               
9917           0.0451569296405               
6987           0.155938948141                
2781           0.0304820735176               
3784           0.0218395520019               
3885           0.043403689863                
11458          0.0102789487463               
9966           0.0359685445544               
5809           0.0539681606719               
7239           0.228133889446                
6491           0.0245776345183               
1503           0.0121661066438               
5127           0.0209462675489               
1554           0.0185554636101               
3109           0.0575274766003               
7919           0.00787078878924              
3135           0.0567345677912               
10780          0.0419213467525               
5655           0.0367382508989               
11676          0.1345980772                  
1341           0.071765191905                
8742           0.0406372827437               
4911           0.0200579876215               
4797           0.0349184627883               
9117           0.0389847370353               
1612           0.0179689284369               
12127          0.0238166345535               
9173           0.141265119121                
4982           0.0257526996657               
1977           0.0473027217078               
1566           0.0231114666777               
4885           0.0235080670399               
7183           0.0173092735996               
6              0.0320695127096               
2647           0.0300728119348               
1993           0.0500691288271               
3415           0.029680259645                
9640           0.0392856711327               
7847           0.0384914906764               
9141           0.0406372827437               
203            0.0248066023768               
6186           0.043403689863                
11890          0.0257526996657               
2436           0.0450912898243               
5737           0.0313568759435               
7210           0.0518223686046               
3427           0.0264347708438               
8545           0.0306934269867               
8131           0.110523395436                
6395           0.0132870683046               
12118          0.083842693505                
4316           0.0215050419006               
5299           0.0315886027164               
10176          0.0371475124817               
5987           0.0248066023768               
447            0.0294898337048               
7207           0.0823735322961               
3581           0.0306934269867               
11967          0.0101771891117               
4998           0.0565060476485               
5746           0.0389847370353               
3259           0.0169443877104               
2090           0.0539681606719               
628            0.0213420516302               
663            0.0438500597204               
1678           0.0194417927929               
9783           0.0790093160363               
11952          0.103124911201                
9546           0.0117102774362               
2821           0.0451569296405               
5277           0.0181992674912               
1794           0.0329894348327               
1123           0.0248066023768               
6981           0.0273064048155               
406            0.0567345677912               
9023           0.0323192980713               
10156          0.0284202662264               
6206           0.0890407789351               
5264           0.0473027217078               
5683           0.0220462281024               
7428           0.0277680708645               
10608          0.133555462199                
4802           0.0183165396243               
5787           0.0179323116653               
11728          0.0905506665049               
9095           0.0371475124817               
2638           0.015834523222                
1120           0.0518223686046               
4914           0.107905633663                
1736           0.0485867857166               
11241          0.0485867857166               
2762           0.0380223149076               
5996           0.0184951737841               
578            0.0665583572567               
7453           0.0635451162408               
8331           0.058928506699                
3258           0.0346185471993               
4408           0.0160651384887               
6568           0.0320695127096               
9596           0.0470161340797               
5788           0.0380223149076               
2548           0.00801117370202              
348            0.060633599636                
5383           0.0637847427102               
8379           0.0227305774528               
5827           0.0143196819538               
8294           0.0211817779911               
10613          0.0229191363518               
10817          0.0485867857166               
6145           0.0110231140512               
10605          0.0293031055903               
1353           0.0215875848602               
2538           0.0241354326682               
9118           0.0575274766003               
7845           0.0287637383001               
5037           0.0363456986091               
9598           0.0285904688243               
4639           0.0412578977957               
10692          0.0173175253455               
6422           0.0242440914033               
12184          0.055536141729                
3419           0.0339718437796               
7476           0.0279510537747               
2819           0.0419213467525               
1565           0.0282530238243               
10204          0.0705118155768               
8690           0.0225456449122               
4623           0.0389847370353               
3099           0.0331101157211               
3688           0.027611706513                
3529           0.0705118155768               
4921           0.0473189392802               
3567           0.0549156881974               
9652           0.0825157955914               
11238          0.0365154495763               
9271           0.14576035715                 
6040           0.0174161213182               
10118          0.0384914906764               
7518           0.0265741366093               
9753           0.060633599636                
1292           0.0461700969822               
4423           0.0404009047725               
9243           0.0140131637093               
5317           0.0209462675489               
1430           0.0245776345183               
10326          0.0412578977957               
1500           0.0339718437796               
960            0.0254205257525               
5334           0.0257812278002               
4654           0.0181992674912               
6277           0.0567345677912               
5684           0.0456487894814               
10610          0.055536141729                
2610           0.028088640407                
8743           0.0409837491179               
10923          0.0180834083097               
4749           0.145382794437                
193            0.0273064048155               
7208           0.0248066023768               
2078           0.0241354326682               
10106          0.0209462675489               
10812          0.0785213402698               
2048           0.146953003596                
4148           0.0389847370353               
10075          0.0215875848602               
9069           0.0163014205414               
10390          0.0567345677912               
11640          0.0380223149076               
1841           0.055223413026                
11862          0.0246459623579               
532            0.0340944714081               
4164           0.0318260517123               
3857           0.0255281554121               
9074           0.043403689863                
10292          0.0211817779911               
697            0.0980921459652               
10288          0.0452753332525               
380            0.0375749693315               
2262           0.0812745654875               
3868           0.0163975833002               
10391          0.0805976740511               
5989           0.0333888655496               
6265           0.040690119117                
7452           0.0206409658514               
4029           0.0105381610915               
4976           0.186081291709                
7790           0.180436871609                
5755           0.0274578440987               
7068           0.304178519261                
9625           0.0508331631312               
8190           0.0147577624788               
7606           0.0473027217078               
6567           0.0333888655496               
6809           0.0217548272623               
7905           0.107936321344                
9309           0.00589775942874              
6674           0.0946054434156               
12218          0.0245765258531               
4173           0.0520822816089               
6133           0.0202004523863               
5300           0.155467105814                
7061           0.0586062111807               
8887           0.043403689863                
9916           0.043403689863                
206            0.130211069589                
9416           0.0229191363518               
3512           0.0500691288271               
3142           0.0217548272623               
10191          0.028088640407                
4711           0.0389847370353               
9203           0.0273064048155               
11011          0.0842659212211               
10021          0.043403689863                
1785           0.0473027217078               
2627           0.029119934419                
9154           0.0356056261733               
6058           0.0209462675489               
3035           0.0359685445544               
621            0.0705118155768               
9310           0.0430343512113               
6913           0.0160185708638               
366            0.0206409658514               
11968          0.0543146270461               
7877           0.0233077223822               
1739           0.0166919796307               
9873           0.0485867857166               
8720           0.0409837491179               
3098           0.0317604118961               
4249           0.0371475124817               
6329           0.0417020769047               
3179           0.0543146270461               
3702           0.017047235704                
10394          0.0304820735176               
10998          0.0306949148079               
3528           0.0245776345183               
2652           0.0252815727801               
6979           0.0923401939645               
10268          0.0473027217078               
