214
5683           0.0456705941781               
1576           0.0553172142958               
8627           0.0691482416823               
10608          0.0922237473912               
4802           0.0252961563022               
11728          0.125055488654                
4387           0.0205511899353               
2298           0.0461118736956               
3786           0.0306402599857               
10877          0.256424358829                
7906           0.053840082334                
6639           0.0445029439836               
2657           0.0313921871641               
2638           0.0218683541003               
6216           0.0412583854538               
10893          0.0296996546489               
6200           0.033482433807                
4914           0.049674553364                
4148           0.053840082334                
5996           0.0510857199532               
7453           0.0292531090413               
7908           0.0610984556075               
6214           0.0317847428146               
5277           0.0251341969873               
3258           0.0239050661006               
1355           0.0545581220246               
4408           0.0443736931278               
8997           0.0204376807039               
9087           0.0392499626763               
1712           0.0929437019401               
1037           0.0354294011336               
12216          0.099349106728                
2548           0.0331916245569               
447            0.0407270946381               
8379           0.0627843743282               
5827           0.0593288230741               
4633           0.0290354912967               
12138          0.0398771270745               
8247           0.0715695629775               
4657           0.0599429010821               
3568           0.0507375604819               
4061           0.0433055834391               
11177          0.0591732568825               
1353           0.0298136510504               
840            0.039968002367                
6145           0.0304470627854               
2880           0.0504062025193               
7845           0.0794486332899               
4560           0.0930166718997               
2881           0.0570126354776               
8945           0.0457269047344               
11230          0.0190950738012               
7704           0.0705115947287               
10692          0.0717493866569               
10784          0.0294745560527               
10023          0.0837383613399               
9069           0.0675394955196               
8943           0.0469169989392               
3099           0.182907618938                
4921           0.0163375193764               
4677           0.0537003865763               
7971           0.099349106728                
2133           0.0311367850767               
3576           0.037711658339                
8              0.165033541815                
4849           0.0397243166449               
10813          0.0742132041991               
4132           0.143139125955                
7969           0.0783535822825               
7518           0.0183501776824               
1314           0.0379208043816               
5435           0.0507375604819               
10285          0.0165603794127               
4423           0.083693832692                
4264           0.0553172142958               
1762           0.043953541177                
10051          0.0637634626248               
9243           0.0193529556756               
5317           0.0289279563025               
9891           0.0344202703542               
6648           0.0214959792597               
1430           0.0339430753332               
3678           0.0465083359498               
8694           0.0317847428146               
2059           0.0188421042625               
6809           0.0600892441522               
4558           0.0578957030968               
7503           0.0412583854538               
8862           0.0442897743065               
5684           0.031521754038                
2267           0.145177456484                
2084           0.0301616316369               
10330          0.0554023849905               
10610          0.0383492447376               
9278           0.00257037251348              
4749           0.10039084803                 
7239           0.0525109240393               
11852          0.0349152530843               
8010           0.0383492447376               
2078           0.0333323700721               
4945           0.0780379833011               
1123           0.034259292635                
6206           0.0819801668295               
6278           0.0409900834148               
2048           0.253687802409                
1120           0.0715695629775               
2579           0.0313921871641               
3614           0.0513027734086               
9640           0.108511378                   
11817          0.0457269047344               
10613          0.0316525974533               
7878           0.105021848079                
630            0.0446347417338               
10132          0.0280976547495               
4359           0.029928634446                
11640          0.105021848079                
9846           0.053840082334                
532            0.023543177245                
7285           0.045425751384                
10545          0.0284029670286               
11029          0.0495137156517               
3857           0.0352557973644               
10279          0.0255428599766               
6197           0.0214349193855               
1503           0.0168020675064               
1509           0.0446347417338               
4600           0.0938339978784               
10718          0.0285063177388               
5127           0.0289279563025               
5550           0.0745330207397               
3868           0.0226459712723               
6182           0.0486903624966               
6738           0.259465575037                
7061           0.0404692127638               
3109           0.0794486332899               
4976           0.220275922505                
4479           0.0321892562962               
4033           0.0610984556075               
8001           0.0381332969026               
4841           0.138296483365                
673            0.107680164668                
3098           0.0657943334296               
6163           0.0514198249681               
3599           0.0449889093687               
9625           0.0234011384661               
2789           0.077137524239                
4982           0.071131810845                
8190           0.0407625756821               
7068           0.105021848079                
5650           0.0379208043816               
1510           0.0929437019401               
8859           0.0479074842699               
6              0.0442897743065               
8347           0.0319182162922               
8478           0.0531588817772               
3415           0.0409900834148               
4012           0.0837383613399               
9309           0.00814513261796              
11664          0.0552077980508               
6242           0.0212534063199               
11833          0.143139125955                
4173           0.0359642586202               
11062          0.0312638721636               
420            0.0420974328084               
5300           0.0715695629775               
6186           0.0599429010821               
3653           0.0637634626248               
7198           0.0219314444765               
4887           0.0295866284412               
4306           0.0691482416823               
7210           0.0715695629775               
3567           0.0379208043816               
3427           0.0182539417595               
1134           0.0637634626248               
697            0.0193529556756               
8131           0.0872222480989               
6610           0.0369065330954               
1794           0.0227801188698               
7257           0.0837383613399               
8180           0.0623642223774               
7624           0.0243527657718               
1130           0.16747672268                 
1841           0.0381332969026               
5383           0.0587268430386               
7237           0.015496023381                
7207           0.0379208043816               
8279           0.0285063177388               
11967          0.014055262171                
940            0.0263117209126               
7208           0.0685185852699               
11922          0.0319182162922               
11064          0.0431146423332               
3725           0.0561223395394               
8177           0.0588798939642               
5046           0.0449889093687               
12227          0.0371032848308               
5331           0.0361474408242               
663            0.0605593625925               
1986           0.0783535822825               
9173           0.0780379833011               
9783           0.0545581220246               
1909           0.0234719679632               
8545           0.0423893236622               
6329           0.0959881321423               
3179           0.0750115100032               
3702           0.023543177245                
7951           0.0302796812962               
6283           0.0561223395394               
10728          0.0257942333974               
10998          0.0317935338193               
406            0.0783535822825               
3528           0.0339430753332               
466            0.0578957030968               
3706           0.0305189760447               
