154
7784           0.26164889336                 
852            0.151498505263                
5116           0.0504995017544               
7454           0.041647452209                
6828           0.103476667107                
10838          0.0663192579469               
1910           0.113363582289                
1938           0.0734355904516               
5683           0.0120567597591               
11514          0.0590287957503               
6192           0.0200988211688               
2435           0.054265472335                
5996           0.0202294801616               
7453           0.0115839649428               
3105           0.0620546109489               
8331           0.0214847590536               
4275           0.0246597670183               
8255           0.0531428052118               
8997           0.0161862711038               
9596           0.0257124361939               
1916           0.0374913392281               
5372           0.0864180791157               
2548           0.0175247749891               
4428           0.0119365537232               
2880           0.0399207948843               
11832          0.0663192579469               
9539           0.0197791031284               
6533           0.0566817911445               
11965          0.0383348483632               
9069           0.0356600340496               
7163           0.0326758902802               
5241           0.0362148762128               
10448          0.0401832243592               
9405           0.0368439479947               
9835           0.0221734502612               
668            0.0309023311502               
2181           0.0292293024262               
6835           0.0547641487524               
8083           0.0749826784563               
4921           0.02587803593                 
5193           0.0590287957503               
9310           0.021395324882                
2833           0.672598336198                
2686           0.0231680092688               
10285          0.00655775952856              
2151           0.0322551176249               
2687           0.0411268204583               
77             0.0212648643478               
5407           0.0143811208391               
8218           0.0126153643161               
4451           0.029543293315                
4297           0.0164124715134               
215            0.0326758902802               
8694           0.0251729377524               
5678           0.0458523430152               
8082           0.177791485428                
6602           0.0458523430152               
4146           0.0682920238807               
11870          0.0531428052118               
5684           0.0748939662849               
6547           0.0342972338207               
10793          0.0340497420806               
7403           0.0438102268194               
5737           0.0342972338207               
8327           0.04512668195                 
9278           0.00508922060968              
3438           0.0333404005123               
8291           0.0288174676987               
2078           0.0263986303698               
4567           0.0691013795751               
7310           0.0438102268194               
2070           0.027260227591                
2763           0.0569719450869               
6913           0.0175206443199               
2924           0.0348104045547               
2663           0.0328927621626               
8842           0.0414000168607               
8293           0.0336646218871               
3740           0.0172201120557               
2781           0.0333404005123               
9424           0.0293851262193               
214            0.0558438995489               
7918           0.0456518662932               
4856           0.0356303973165               
5510           0.0342972338207               
2887           0.0244613099296               
5334           0.028198752951                
2789           0.0305457575568               
9538           0.0537645956408               
1503           0.0133069316281               
1739           0.0730287965363               
2443           0.0663192579469               
10718          0.0225764847674               
5604           0.022016463561                
8405           0.0607438075722               
4060           0.0257124361939               
8463           0.0328927621626               
5031           0.0246597670183               
1876           0.0569660763869               
4033           0.0483888647061               
6169           0.0270067716241               
1612           0.0393077767836               
1856           0.160732897437                
4982           0.0140837748559               
8966           0.0310852559984               
4424           0.0483888647061               
9627           0.0177258784151               
5370           0.0169760659876               
11591          0.0266820507626               
10856          0.0474736865558               
7183           0.0189323772235               
10391          0.0293851262193               
446            0.0300325868228               
9858           0.0331142001027               
9309           0.00645079677293              
2125           0.0987826578958               
8352           0.0251729377524               
8925           0.0312714186221               
12218          0.00672027129873              
5277           0.0995291325633               
3861           0.313293640993                
2436           0.0493195340367               
9551           0.0260499383158               
5322           0.0466318042676               
2362           0.0730287965363               
4463           0.0657855243252               
1901           0.0353499029963               
4316           0.0235215858786               
6639           0.0176227607886               
7919           0.00860883858277              
3073           0.033807940313                
3259           0.0185332757096               
8675           0.0197163094275               
3319           0.0280594407997               
2925           0.0748939662849               
4731           0.0663192579469               
2206           0.0223328156382               
6019           0.0221734502612               
11929          0.0736097201434               
3796           0.0435705826357               
8225           0.0350766950731               
8362           0.0368337555116               
9546           0.0128083589723               
6329           0.0152041706896               
6809           0.0237947938018               
7451           0.177791485428                
5456           0.0201639477773               
7951           0.0239809564255               
10998          0.0251799000681               
3619           0.0421008667513               
2652           0.0276522449033               
11490          0.0590287957503               
722            0.0307225333761               
6063           0.015577626973                
