242
169            0.0374787766139               
2221           0.0645845483537               
4809           0.0450242549955               
7784           0.447193232527                
6587           0.0540926202751               
6668           0.0531333600568               
11113          0.0326195388465               
7806           0.0393678578285               
1337           0.0575403043384               
4006           0.0194533792486               
3873           0.0387970663847               
6570           0.0431114669252               
2703           0.0707064639363               
7109           0.167745247068                
8336           0.0352108333225               
1522           0.0234304268699               
105            0.0299453073272               
326            0.0304901445541               
5510           0.0390790642174               
7453           0.0263980770145               
3313           0.0623995421057               
2659           0.0661340211738               
9046           0.124834402188                
8331           0.0244802331039               
9584           0.05144834144                 
10972          0.0192880751805               
4203           0.0604292600161               
11744          0.0562776265231               
1612           0.0223940965793               
4408           0.020021464504                
3661           0.0190711578572               
9596           0.0878920396724               
3031           0.0623995421057               
11373          0.0623995421057               
5403           0.0605521456459               
4428           0.0272015726937               
2971           0.0321303135753               
5560           0.0838726235342               
9456           0.0360672229098               
11730          0.0246502268042               
10355          0.0707064639363               
9836           0.0416114673959               
4986           0.0315988378474               
6181           0.0290476634654               
2739           0.0633517334429               
2310           0.0452964731732               
11674          0.0838726235342               
73             0.0551353954999               
11956          0.0374787766139               
9145           0.0374787766139               
2599           0.0551353954999               
11985          0.0231250764683               
8136           0.0937648522616               
11965          0.0218398079679               
2080           0.0551353954999               
615            0.0551353954999               
2632           0.028924745927                
11449          0.0838726235342               
755            0.0322911798152               
1352           0.0324542347784               
7526           0.0781581284348               
668            0.0352108333225               
11591          0.0152010739504               
6027           0.0326195388465               
8956           0.0439519905698               
8392           0.0540926202751               
1951           0.0172776237575               
10527          0.0562776265231               
2222           0.0283283863346               
10137          0.0274319420478               
2133           0.0280979108675               
9310           0.00975133189327              
3796           0.0248226665408               
8378           0.0479707046925               
8892           0.0396637828619               
70             0.0393678578285               
3859           0.0591046849049               
21             0.0589518580424               
7237           0.0279672986589               
5294           0.0755657017036               
6042           0.0154765884964               
6772           0.0208649329527               
6058           0.0261046583892               
5317           0.0261046583892               
50             0.0387970663847               
7394           0.047385986048                
6648           0.0387960483241               
2657           0.0283283863346               
5642           0.0448264382262               
8851           0.0443741447404               
6680           0.0312079851425               
5588           0.0575403043384               
12238          0.0894386465054               
230            0.0232006877912               
4146           0.0194533792486               
1574           0.0327871549345               
9139           0.0377310881422               
3667           0.0402784999074               
5684           0.0284453077979               
11114          0.0551353954999               
8344           0.0645845483537               
8795           0.0272179300227               
7718           0.0399672004588               
4171           0.129169096707                
5327           0.0506449362118               
7099           0.0313568610313               
8291           0.0492529372777               
3258           0.0215719900086               
2078           0.0300792121274               
4567           0.0393678578285               
10586          0.0167348432244               
7014           0.0712312835591               
2763           0.0216383854966               
2206           0.0254465284589               
9183           0.0575403043384               
1880           0.134517559746                
1602           0.0214402924753               
8805           0.0427185020504               
3003           0.0838726235342               
835            0.067258779873                
3132           0.067258779873                
1909           0.0423623223842               
8293           0.038358251498                
3740           0.0196209953366               
2255           0.0645845483537               
5162           0.0248226665408               
11226          0.0448264382262               
11478          0.0623995421057               
11379          0.0522452238153               
5996           0.0230499392007               
3844           0.0707064639363               
6465           0.0462957479694               
3624           0.0327871549345               
8524           0.019564862424                
1445           0.028803076304                
420            0.0379888261388               
4183           0.0531333600568               
5205           0.0157994189237               
1938           0.26775749159                 
9859           0.0645845483537               
4076           0.03541926214                 
4194           0.0755657017036               
12020          0.134791323337                
2087           0.287824228155                
8405           0.0692129041465               
210            0.0199634287735               
4863           0.0350059675658               
8393           0.067258779873                
2750           0.0585946931149               
2360           0.0707064639363               
7919           0.00980911048313              
3710           0.0462957479694               
4723           0.0707064639363               
3305           0.0506449362118               
4222           0.0649084695569               
2229           0.0479707046925               
7691           0.0755657017036               
9625           0.0633517334429               
6085           0.067258779873                
8141           0.0390790642174               
6242           0.019179125749                
8966           0.03541926214                 
6995           0.0399672004588               
12041          0.0254465284589               
11209          0.0340310925506               
3868           0.0204357797617               
6554           0.0318149176116               
4147           0.0627137220626               
6048           0.0700119351316               
8188           0.0273244583235               
6620           0.0222531025421               
6809           0.0542246806189               
8083           0.0427185020504               
11477          0.067258779873                
6601           0.0468284736693               
9309           0.00735018755916              
152            0.047385986048                
8352           0.086047888536                
12218          0.00765723308808              
4173           0.0324542347784               
7619           0.047385986048                
2444           0.0263981674655               
2174           0.0399672004588               
1990           0.0589518580424               
9583           0.0700119351316               
7198           0.0395819780738               
669            0.0514183887558               
10097          0.0369895513426               
2361           0.0344115802198               
10220          0.0462957479694               
4463           0.187393883069                
7932           0.0439383019847               
10543          0.0294241663116               
6395           0.0165592451388               
9226           0.0562776265231               
11398          0.0755657017036               
9278           0.0185560834497               
11048          0.0390790642174               
6639           0.0200797826479               
6084           0.0575403043384               
9153           0.0700119351316               
6477           0.0443741447404               
8287           0.0409264606772               
447            0.0367522296285               
11292          0.0113704705744               
6435           0.0562776265231               
2156           0.0346064520732               
12022          0.048585421738                
7940           0.0623995421057               
10595          0.0280979108675               
2173           0.0273244583235               
7412           0.0818529213543               
3319           0.0319715780768               
11064          0.0194533792486               
12051          0.0243961320224               
621            0.0439383019847               
5351           0.0435177551531               
8218           0.0431227166725               
57             0.0435177551531               
665            0.0340310925506               
4357           0.0540926202751               
5653           0.0575403043384               
2652           0.0315076096218               
1739           0.0208026764234               
481            0.0206178240964               
11115          0.0393678578285               
8351           0.0479707046925               
10616          0.0825281409308               
11952          0.0321303135753               
8925           0.0356313801541               
5277           0.0226811607214               
1794           0.0205568348812               
3604           0.0396637828619               
5498           0.0358473203194               
9541           0.0755657017036               
10998          0.0191270416907               
12196          0.0435177551531               
11972          0.0531333600568               
6885           0.0540926202751               
9023           0.0402784999074               
9012           0.0735044592571               
5827           0.0178461582605               
