49
9309           0.0294329719597               
2048           0.183343508941                
1565           0.140997690401                
10204          0.175945824493                
940            0.0950791325515               
2518           0.189751674689                
7239           0.189751674689                
3099           0.16523717513                 
2181           0.133364182596                
3529           0.175945824493                
9554           0.101170531759                
3567           0.13702931854                 
10877          0.231651567789                
727            0.177691106161                
7906           0.194554675531                
2638           0.158045469172                
2362           0.0833019003839               
481            0.0825616807211               
9546           0.0584405436646               
8131           0.0787958312948               
11138          0.177691106161                
6234           0.236065865091                
10545          0.102635987815                
11029          0.0596403550746               
75             0.258621318901                
8331           0.196056497529                
10718          0.103009452397                
11967          0.0507896134746               
1554           0.0926016814916               
7061           0.146238159693                
10273          0.16004400989                 
10285          0.0299210096236               
6648           0.0776771336296               
9642           0.171061277401                
6913           0.0799412306938               
3528           0.122655533233                
7068           0.189751674689                
12227          0.134075157921                
1739           0.0833019003839               
1841           0.137797174228                
210            0.0799412306938               
9118           0.143546428618                
7845           0.143546428618                
4976           0.132663586844                
697            0.0699331770829               
6567           0.166628285769                
3702           0.170149636156                
7453           0.0528540159216               
2078           0.12044870964                 
