77
11692          0.100638687511                
5386           0.148898496546                
1559           0.103202885056                
9309           0.0180742047242               
6933           0.0411511924056               
1713           0.141492340451                
11919          0.0881490167495               
7518           0.0407193944791               
6066           0.0982798544295               
8539           0.0841469886183               
199            0.185562451586                
4697           0.126438472145                
7955           0.109116586487                
6192           0.0563140060534               
6491           0.0753203319473               
3868           0.100503684875                
413            0.0921607885346               
452            0.109116586487                
8580           0.327349759462                
6568           0.0982798544295               
917            0.0774776129303               
9519           0.117960573168                
9888           0.0927812257929               
10841          0.196559708859                
5827           0.0438839302186               
1075           0.0934150068057               
2538           0.0739651653179               
5824           0.108044843606                
5792           0.0664122110054               
3420           0.138387399639                
4982           0.0394607114431               
7845           0.176298033499                
207            0.22517523001                 
4885           0.0720425479339               
11230          0.0423723331828               
9550           0.255293117834                
10692          0.0265355430475               
5553           0.0947249860796               
8987           0.0723543993228               
2395           0.144963368969                
9633           0.0452264666838               
11100          0.180748400508                
688            0.141492340451                
12217          0.130655608393                
9918           0.0865838871263               
12218          0.0188292335863               
7198           0.0486662938417               
6058           0.0641916871076               
10191          0.086080119624                
9310           0.0239786491914               
3427           0.0405058451298               
5508           0.0876180171357               
2686           0.0649134296607               
918            0.105045340048                
11781          0.111384603838                
2506           0.0898019554532               
4451           0.0827760585858               
1975           0.0915531447132               
9243           0.0429445779835               
150            0.0827760585858               
3259           0.0519275728527               
1610           0.141492340451                
12051          0.119980798068                
774            0.0982798544295               
6904           0.0677221902794               
5739           0.13557863902                 
4759           0.111384603838                
4479           0.0714285740337               
2608           0.0947249860796               
6329           0.0425998994198               
8059           0.125146674471                
6161           0.096806063276                
3939           0.185817021909                
6518           0.0975337466983               
10998          0.0940672777403               
4873           0.195067493397                
938            0.0574262014893               
