139
1556           0.0644053174066               
7784           0.26220059294                 
4178           0.122941549774                
6668           0.0778835495401               
11113          0.0478141315929               
1938           0.269831587709                
1705           0.0731710047346               
5415           0.0365131370405               
7453           0.0193473171725               
9046           0.304973069546                
6381           0.0686417675263               
9584           0.0377068139961               
12153          0.0657071587146               
4275           0.0411862722531               
3381           0.0626173192729               
10105          0.0433181964205               
7186           0.0395881875222               
1049           0.0843433040692               
3871           0.0501598533526               
2548           0.0146347723671               
5485           0.0703160641713               
2938           0.0663961418703               
478            0.030492825563                
8919           0.0388405504935               
3942           0.0478141315929               
10849          0.0379834625271               
6145           0.0201369700516               
4341           0.216500739731                
2880           0.0222249832482               
9757           0.0568692293986               
2739           0.0309539233906               
10692          0.0316355693709               
9069           0.0297793541567               
2632           0.0423982575153               
2450           0.0887580990574               
3596           0.0553067050415               
6027           0.0478141315929               
12218          0.0112240688697               
8560           0.0637888745549               
8              0.109149296682                
3796           0.0363853777962               
9012           0.0538718818822               
70             0.115411805397                
1964           0.122941549774                
10285          0.0109526448126               
4862           0.0620595956469               
7237           0.0102487048075               
480            0.0429444202204               
9090           0.0914660360962               
3426           0.0615190354993               
7412           0.119981044837                
5420           0.0721669132438               
6772           0.0305840819691               
538            0.0560706001173               
1500           0.0620595956469               
3383           0.0824924549968               
10455          0.0427604727945               
5684           0.0833909821135               
9278           0.0101999029641               
8057           0.0284338685562               
11310          0.0671132544454               
4058           0.0946688458222               
8489           0.122941549774                
10924          0.0276424365787               
2259           0.121989227818                
6278           0.0542197510449               
2763           0.0317178184665               
5434           0.122941549774                
11918          0.0288433700515               
2753           0.229745124696                
11029          0.0218314700556               
8537           0.161636316703                
3012           0.0615190354993               
11458          0.0187775325652               
2887           0.0817096260219               
533            0.0742359864724               
8524           0.0286784221855               
1552           0.15073944594                 
3765           0.0671132544454               
6491           0.0897966015654               
5205           0.0231589875953               
12020          0.0329298037287               
10816          0.0406913995659               
8405           0.101453148138                
4173           0.0951436536086               
11384          0.0525454543998               
2229           0.0703160641713               
5488           0.197177536246                
1612           0.0656510986121               
9257           0.0522289265811               
4113           0.0488182230837               
4986           0.0463179751905               
5649           0.197177536246                
4147           0.0919265650409               
7014           0.174019523577                
6809           0.0397416104944               
4406           0.0473328187819               
9309           0.0107739976595               
11664          0.0365131370405               
6329           0.0253937157207               
10776          0.0577059026983               
2269           0.0650441812168               
69             0.0765290752441               
9679           0.0914660360962               
2444           0.0386947669293               
10694          0.0721669132438               
7619           0.069458976205                
9554           0.0370336734556               
3077           0.0433181964205               
9644           0.0577059026983               
3427           0.0241454541035               
8720           0.0374344547627               
7802           0.0611681639382               
6395           0.0242727504479               
9226           0.0824924549968               
6639           0.0294331987464               
3741           0.0731710047346               
3106           0.0808181583517               
3073           0.0564653767008               
940            0.0348039047154               
3574           0.076581708232                
103            0.0367714772649               
8291           0.0481303845815               
6474           0.0985887681232               
12179          0.0542197510449               
4357           0.0792896452708               
1739           0.0609856511261               
481            0.0302218666899               
210            0.0292626457692               
3098           0.0290098814277               
1678           0.035516170603                
12041          0.0745996849336               
10883          0.122941549774                
8925           0.104457853162                
3702           0.0622836111901               
7951           0.0400525357557               
11292          0.0166669792261               
3706           0.0403690635744               
6063           0.0260174552781               
