30
1554           0.13939335024                 
7061           0.220132363519                
9095           0.279061538246                
3624           0.197634432795                
1565           0.212243882881                
3884           0.195627656472                
7251           0.212243882881                
9310           0.029389542209                
5787           0.0673560373672               
3642           0.127675816536                
9782           0.191773980058                
9073           0.355350046373                
3077           0.178135628115                
10877          0.174352601391                
1739           0.125394385813                
2638           0.118952955731                
2362           0.125394385813                
1841           0.207426144534                
3702           0.128063159566                
8131           0.118611398111                
9572           0.23730159777                 
3567           0.206270291043                
11029          0.0897766516702               
8354           0.296769013534                
7453           0.159122344957                
8331           0.147561964246                
4316           0.161551330679                
3528           0.184633425953                
6042           0.0932897897121               
11041          0.0992923525968               
