231
9782           0.0215696324883               
4809           0.0203501314524               
7784           0.242547695258                
7428           0.0234622154946               
8958           0.0202123079381               
6933           0.0113457599516               
8294           0.0178972259978               
3880           0.0479370231372               
4387           0.0125732970814               
2298           0.0282114217609               
6570           0.0292283798739               
3472           0.041052676732                
50             0.0263033358678               
5454           0.0511612643193               
3624           0.0222287824507               
12176          0.0373802702415               
105            0.020302088526                
7955           0.0300844404414               
6192           0.0155262862931               
2435           0.0209599670604               
720            0.0911991777685               
7453           0.00894858233727              
1448           0.0406041770521               
10587          0.0329395695432               
9046           0.507805591696                
1876           0.0220030718108               
6214           0.0194460279585               
10972          0.0784606827772               
489            0.0343358632834               
2106           0.0642527707682               
10105          0.0200356692307               
4333           0.0208626597832               
3734           0.0292283798739               
9596           0.0198627890804               
2569           0.0333788689889               
3664           0.0216758439424               
3101           0.0329395695432               
1938           0.0567287997579               
5485           0.0325228084214               
4428           0.0184419124786               
8911           0.00816201505489              
12138          0.0243969797874               
7374           0.0273077067428               
4341           0.0667577379778               
2880           0.0102795695531               
9836           0.0282114217609               
2881           0.0174402748821               
2032           0.028704000483                
10692          0.0292643672275               
7285           0.0277916494905               
5032           0.0366732975364               
11041          0.0223356636157               
7413           0.0780214635787               
8786           0.0254095719355               
12181          0.0800709499468               
10807          0.0911991777685               
3722           0.0257553713789               
90             0.0729104693358               
6680           0.0211581490936               
8925           0.0483141766614               
9656           0.0512314516847               
8190           0.0124693503263               
11591          0.0309177206624               
6027           0.0442302867761               
12218          0.00519139183712              
4921           0.0199907144393               
3576           0.0230721376825               
729            0.0333788689889               
9310           0.0528890623644               
8378           0.0325228084214               
2160           0.0181703629955               
8916           0.0568633144851               
8892           0.026890945621                
1314           0.0232000940362               
6068           0.0453998648586               
10183          0.0144916457781               
10285          0.0101317038474               
12099          0.0568633144851               
4423           0.0341361392577               
480            0.0198627890804               
8778           0.0237330759272               
493            0.0343358632834               
6772           0.0282916926693               
1741           0.0437865340222               
9972           0.0134954944896               
8694           0.0194460279585               
4986           0.0321347045943               
614            0.0419349401339               
41             0.0247592200904               
10893          0.0181703629955               
2647           0.0254095719355               
10871          0.0658791390865               
5684           0.019285130413                
1464           0.0437865340222               
8530           0.0354208139315               
8795           0.0184530022944               
11179          0.0210584538485               
9278           0.00550397327999              
2079           0.0212590828205               
103            0.0170076599786               
2353           0.00794213530015              
4945           0.023871969233                
11416          0.0512314516847               
2070           0.0210584538485               
8628           0.0257553713789               
6839           0.0512314516847               
2763           0.0146702257256               
6105           0.280405222348                
2924           0.026890945621                
3859           0.0400713384615               
3801           0.0181012131268               
12058          0.0159907018656               
4081           0.319741808671                
4190           0.0366732975364               
3001           0.0289619605786               
5841           0.22745325794                 
5320           0.0202123079381               
2753           0.0708416278631               
6235           0.0124693503263               
8537           0.112140810724                
1443           0.0437865340222               
5162           0.016829080031                
108            0.0512314516847               
11086          0.0217834622115               
11458          0.00868504375837              
585            0.0381546712218               
3799           0.0437865340222               
2789           0.0235965170735               
6465           0.0627744683587               
4164           0.026890945621                
10586          0.0226915199031               
8805           0.0289619605786               
9347           0.0568633144851               
1875           0.0131139661595               
6197           0.0131139661595               
7194           0.0399677260838               
1503           0.0205591391062               
721            0.0512314516847               
9315           0.0455995888843               
10797          0.0568633144851               
4076           0.0240132781953               
12020          0.0304615939656               
5616           0.0366732975364               
10816          0.0188207148406               
4147           0.0212590828205               
5455           0.0220030718108               
1075           0.0257553713789               
6265           0.0171902532927               
748            0.102462903369                
7919           0.00665030507832              
3702           0.0144038064303               
1742           0.0875730680445               
8001           0.0233300977782               
7810           0.0763093424436               
3599           0.0275243878647               
3321           0.0144476074018               
4361           0.0373802702415               
1678           0.0164270515706               
12035          0.0440061436215               
2340           0.0310414347359               
4113           0.0225795589605               
3696           0.0303910828909               
8422           0.0196101761784               
8279           0.0174402748821               
12129          0.0199400119924               
8649           0.0338432845613               
8213           0.0270966543434               
7364           0.0446880669373               
8550           0.0246044523532               
9595           0.0333086816235               
6234           0.0399677260838               
8188           0.0185252255302               
8347           0.0195276875457               
8478           0.0325228084214               
4632           0.307388710108                
2181           0.0451591179209               
9309           0.00498322347733              
2338           0.0263033358678               
7977           0.10300758985                 
10776          0.0266903166489               
4753           0.0407219943017               
12274          0.0512314516847               
7377           0.0277470061885               
2444           0.0357944519957               
8405           0.0234622154946               
3861           0.026890945621                
1951           0.0117137501115               
5223           0.0399677260838               
3077           0.0801426769229               
9551           0.0201235085785               
8343           0.0232000940362               
4463           0.0254095719355               
5563           0.152618684887                
334            0.11372662897                 
6612           0.0201235085785               
6726           0.0568633144851               
5986           0.0568633144851               
1205           0.0303910828909               
1706           0.0243034897786               
8865           0.048905155282                
3871           0.0232000940362               
3106           0.0373802702415               
3073           0.0261165446406               
1724           0.0333788689889               
8900           0.0601688808829               
7346           0.0449218856629               
5818           0.122262888205                
8675           0.0304615939656               
4345           0.0568633144851               
7722           0.0292283798739               
8291           0.0222614177207               
6329           0.023490363439                
2206           0.0172520411231               
2603           0.028704000483                
628            0.0180326468082               
6421           0.0134177421208               
210            0.0135346514836               
3098           0.0134177421208               
2092           0.0289619605786               
12041          0.0172520411231               
7183           0.0146252114247               
4173           0.0220030718108               
7328           0.0390107317893               
1037           0.0216758439424               
10924          0.0255705344075               
10943          0.0189725895528               
7951           0.0185252255302               
12175          0.0295038320335               
4771           0.0207665040985               
9121           0.0202123079381               
5827           0.0120992007494               
