74
11692          0.231844341565                
714            0.114340633625                
4398           0.0970933579252               
12058          0.0445375826614               
6933           0.0316004091596               
7518           0.0938064817359               
10672          0.212538115931                
9875           0.0689598130639               
11515          0.102143110054                
3121           0.215202933194                
5205           0.0596680943799               
3433           0.0929674100135               
10003          0.108653372839                
8514           0.0846457758891               
692            0.0615954843631               
3868           0.0771777773242               
12052          0.142690735745                
6918           0.079946884444                
2211           0.111318810094                
917            0.0594958280959               
1287           0.0517997438715               
4237           0.133764405289                
10972          0.0728433555584               
7489           0.0956328472692               
12108          0.105685576858                
9625           0.0797513973658               
6263           0.129958793183                
8340           0.102143110054                
6264           0.0449857173207               
11275          0.0737930079346               
6544           0.0622329930211               
2293           0.12700477292                 
7269           0.106269057966                
2608           0.290961028613                
9201           0.0513956249043               
10421          0.0956328472692               
9633           0.0347298527334               
11100          0.0693992455271               
5667           0.0929674100135               
8078           0.0681057471478               
9534           0.041626963584                
9918           0.132977252899                
12218          0.0289183107805               
6040           0.0409858424972               
8720           0.0482240981099               
9569           0.0814073951                  
6873           0.0846457758891               
12109          0.125272189716                
4451           0.127129114226                
6252           0.12700477292                 
12057          0.0874202738898               
2108           0.0532738502387               
3364           0.079946884444                
9611           0.24199607825                 
11018          0.209542140559                
3259           0.0398756986829               
9642           0.0806653594165               
4134           0.0622329930211               
12051          0.0921344458961               
8059           0.048050686834                
4146           0.0367338214974               
6608           0.106269057966                
3332           0.0884262199785               
9888           0.284990497333                
1575           0.139694760373                
9578           0.1628147902                  
6161           0.0743383369915               
9278           0.00875986439709              
11292          0.0214708627784               
6518           0.0748971323152               
2683           0.0921344458961               
4873           0.14979426463                 
6953           0.254009545839                
6000           0.0657214322748               
