129
5683           0.0195326577953               
7733           0.306484473225                
7454           0.0269885258826               
8598           0.0956301104524               
3812           0.0887444902155               
6753           0.141173797533                
5787           0.0158877838699               
11728          0.0802266570844               
9671           0.0618745647749               
4524           0.0401133285422               
2638           0.0280583437685               
7769           0.134749012344                
10631          0.0709751363963               
542            0.0918278253671               
2430           0.0359222896324               
8153           0.10744108671                 
510            0.0547708457407               
6351           0.0956301104524               
8075           0.100532108502                
10464          0.0543879164374               
3274           0.0365752291655               
12168          0.0650991797302               
8997           0.0262227083205               
3871           0.048654551707                
2715           0.141950272793                
10385          0.0311488932259               
2548           0.014195581551                
1981           0.0397887542168               
5091           0.0607381679708               
4428           0.0193379169685               
8911           0.0342342736113               
3942           0.0463792252653               
5824           0.062472508122                
8938           0.122858667977                
3267           0.039003378487                
8918           0.0478618675332               
9869           0.10744108671                 
10594          0.201064217005                
9934           0.0581902015227               
973            0.0607381679708               
7965           0.119252062967                
9505           0.0407816352523               
4921           0.0209619678229               
9310           0.0346616808903               
10285          0.0106239549709               
5230           0.105873716613                
11045          0.0445839203376               
7237           0.0198822805354               
6629           0.100532108502                
6042           0.0220049764527               
5894           0.100532108502                
10844          0.0568263028495               
3259           0.0300249934058               
9130           0.0456836333022               
6772           0.0593325019161               
1164           0.0600499868115               
10107          0.0586702230367               
9831           0.0783927982554               
3470           0.0918278253671               
10455          0.0414772272154               
9217           0.0978543834269               
9517           0.0346869926026               
6759           0.0231160151983               
8804           0.0334242196676               
3832           0.0838191341951               
9278           0.0115427701339               
4570           0.0568263028495               
1932           0.0665818219981               
3731           0.0630921995726               
6369           0.149316916742                
10106          0.0742324309121               
5060           0.100532108502                
10812          0.0463792252653               
7758           0.0838191341951               
8632           0.119252062967                
1187           0.0918278253671               
11609          0.0956301104524               
6538           0.0481220197143               
4359           0.0384001425054               
4146           0.0276592708005               
5334           0.0456836333022               
8016           0.0586702230367               
4871           0.0838191341951               
1875           0.0825066670329               
10393          0.040444205674                
1509           0.0572689157055               
7734           0.0838191341951               
11991          0.036979350167                
1554           0.0657595520187               
3275           0.11278979319                 
7919           0.0278936466202               
6685           0.100532108502                
149            0.0800168491098               
8500           0.213836645825                
1796           0.0536469459205               
8451           0.0368435754496               
9257           0.0506615318646               
749            0.0650991797302               
8028           0.10744108671                 
4986           0.0449279686492               
6684           0.088721132245                
6271           0.0818121540375               
9763           0.054013403848                
5229           0.378825471052                
9890           0.0445839203376               
4887           0.0379613293232               
1213           0.0515997304742               
8131           0.0279777779594               
1393           0.0952197676165               
7757           0.144016315875                
2028           0.0433516025258               
2498           0.119252062967                
664            0.0473531838815               
8269           0.0650991797302               
627            0.0454579394481               
10874          0.119252062967                
8228           0.0956301104524               
2792           0.0586702230367               
5705           0.201064217005                
11586          0.0422024275907               
1678           0.0689006543498               
5904           0.100532108502                
1909           0.0301158716845               
6329           0.0492632961218               
2077           0.0731078709023               
3391           0.039003378487                
10731          0.0838191341951               
8931           0.0529368583063               
11992          0.0375335335437               
